20170220_180345	23.8	0.000292476588	1000000.0	10
20170220_180355	23.8	-0.000745411915	1000000.0	10
20170220_180405	23.6	-0.0541639181	1000000.0	10
20170220_180415	23.6	-0.0457417426	1000000.0	10
20170220_180425	23.6	-0.0383255016	1000000.0	10
20170220_180435	23.6	-0.0287319084	1000000.0	10
20170220_180445	23.6	-0.0261659421	1000000.0	10
20170220_180455	23.6	-0.0227337035	1000000.0	10
20170220_180505	23.6	-0.0203190069	1000000.0	10
20170220_180515	23.6	-0.0186544909	1000000.0	10
20170220_180525	23.6	-0.0174792678	1000000.0	10
20170220_180535	23.6	-0.016607641	1000000.0	10
20170220_180545	23.6	-0.0160236662	1000000.0	10
20170220_180555	23.6	-0.0155067708	1000000.0	10
20170220_180605	23.6	-0.0152600471	1000000.0	10
20170220_180615	23.6	-0.0150907577	1000000.0	10
20170220_180625	23.6	-0.0150546714	1000000.0	10
20170220_180634	23.6	-0.0145817341	1000000.0	10
20170220_180644	23.6	-0.012708435	1000000.0	10
20170220_180654	23.4	-0.0116767185	1000000.0	10
20170220_180704	23.6	-0.0109496695	1000000.0	10
20170220_180714	23.4	-0.0129202263	1000000.0	10
20170220_180724	23.6	-0.0140064222	1000000.0	10
20170220_180734	23.6	-0.0154859984	1000000.0	10
20170220_180744	23.6	-0.0155428595	1000000.0	10
20170220_180754	23.6	-0.0155474318	1000000.0	10
20170220_180804	23.4	-0.0158326991	1000000.0	10
20170220_180814	23.4	-0.0158873644	1000000.0	10
20170220_180824	23.4	-0.0161382148	1000000.0	10
20170220_180834	23.4	-0.0162834021	1000000.0	10
20170220_180844	23.4	-0.016475811	1000000.0	10
20170220_180854	23.4	-0.0162824318	1000000.0	10
20170220_180904	23.4	-0.016486326	1000000.0	10
20170220_180914	23.4	-0.0167075366	1000000.0	10
20170220_180924	23.4	-0.0116832465	1000000.0	10
20170220_180934	23.2	-0.0140442336	1000000.0	10
20170220_180944	23.4	-0.00856419267	1000000.0	10
20170220_180954	23.2	-0.00883786442	1000000.0	10
20170220_181004	23.4	-0.0170360591	1000000.0	10
20170220_181014	23.2	-0.0171449664	1000000.0	10
20170220_181024	23.4	-0.0172800593	1000000.0	10
20170220_181034	23.4	-0.0174396526	1000000.0	10
20170220_181044	23.2	-0.0175220811	1000000.0	10
20170220_181054	23.4	-0.0177273762	1000000.0	10
20170220_181104	23.4	-0.0178228668	1000000.0	10
20170220_181114	23.4	-0.0178899881	1000000.0	10
20170220_181124	23.4	-0.0179722027	1000000.0	10
20170220_181134	23.2	-0.0180493369	1000000.0	10
20170220_181144	23.2	-0.0181364667	1000000.0	10
20170220_181154	23.2	-0.0182307903	1000000.0	10
20170220_181204	23.2	-0.0183392432	1000000.0	10
20170220_181214	23.2	-0.01842263	1000000.0	10
20170220_181224	23.2	-0.0185017549	1000000.0	10
20170220_181234	23.2	-0.0186092343	1000000.0	10
20170220_181244	23.2	-0.0187017735	1000000.0	10
20170220_181254	23.2	-0.0187958764	1000000.0	10
20170220_181304	23.2	-0.018857703	1000000.0	10
20170220_181314	23.2	-0.0189698607	1000000.0	10
20170220_181324	23.0	-0.0190445634	1000000.0	10
20170220_181334	23.0	-0.0191197414	1000000.0	10
20170220_181344	23.0	-0.0192252479	1000000.0	10
20170220_181354	23.2	-0.0193099623	1000000.0	10
20170220_181404	23.0	-0.0193845596	1000000.0	10
20170220_181414	23.0	-0.0191294258	1000000.0	10
20170220_181424	23.0	-0.0193668312	1000000.0	10
20170220_181434	23.2	-0.0194652911	1000000.0	10
20170220_181444	23.0	-0.0195727892	1000000.0	10
20170220_181454	23.0	-0.0196572231	1000000.0	10
20170220_181504	23.0	-0.0197417217	1000000.0	10
20170220_181514	23.0	-0.0198470349	1000000.0	10
20170220_181524	23.0	-0.019945128	1000000.0	10
20170220_181534	23.0	-0.0200077673	1000000.0	10
20170220_181544	23.0	-0.0200954895	1000000.0	10
20170220_181554	23.0	-0.020189434	1000000.0	10
20170220_181604	23.0	-0.020290366	1000000.0	10
20170220_181614	23.0	-0.0203715279	1000000.0	10
20170220_181624	23.0	-0.0204775934	1000000.0	10
20170220_181634	23.0	-0.0206683396	1000000.0	10
20170220_181644	23.0	-0.020654547	1000000.0	10
20170220_181654	23.0	-0.0209071979	1000000.0	10
20170220_181704	23.0	-0.0209133515	1000000.0	10
20170220_181714	23.0	-0.0210743174	1000000.0	10
20170220_181724	23.0	-0.0211687161	1000000.0	10
20170220_181734	23.0	-0.021238814	1000000.0	10
20170220_181744	23.0	-0.0213817326	1000000.0	10
20170220_181754	23.0	-0.0215448363	1000000.0	10
20170220_181804	22.8	-0.0215989894	1000000.0	10
20170220_181814	23.0	-0.0217833072	1000000.0	10
20170220_181824	23.0	-0.0217534132	1000000.0	10
20170220_181834	22.8	-0.0218599246	1000000.0	10
20170220_181844	22.8	-0.0219729194	1000000.0	10
20170220_181854	23.0	-0.0220872914	1000000.0	10
20170220_181904	22.8	-0.0220928115	1000000.0	10
20170220_181914	22.8	-0.0223124168	1000000.0	10
20170220_181924	22.8	-0.0223813856	1000000.0	10
20170220_181934	22.8	-0.0225203608	1000000.0	10
20170220_181944	22.8	-0.02263571	1000000.0	10
20170220_181954	22.8	-0.0227338081	1000000.0	10
20170220_182004	22.8	-0.0228233592	1000000.0	10
20170220_182014	22.8	-0.0229345294	1000000.0	10
20170220_182024	22.8	-0.0230194814	1000000.0	10
20170220_182034	22.8	-0.0228561545	1000000.0	10
20170220_182044	22.8	-0.0231833645	1000000.0	10
20170220_182054	22.8	-0.0232804803	1000000.0	10
20170220_182104	22.8	-0.0234018619	1000000.0	10
20170220_182114	22.8	-0.0235167467	1000000.0	10
20170220_182124	22.8	-0.0235232098	1000000.0	10
20170220_182134	22.8	-0.0233752025	1000000.0	10
20170220_182144	22.8	-0.0235248531	1000000.0	10
20170220_182154	22.8	-0.0235342041	1000000.0	10
20170220_182204	22.8	-0.0241557901	1000000.0	10
20170220_182214	22.8	-0.0242877318	1000000.0	10
20170220_182224	22.8	-0.0233054932	1000000.0	10
20170220_182234	22.6	-0.0245290719	1000000.0	10
20170220_182244	22.8	-0.0246968411	1000000.0	10
20170220_182254	22.8	-0.0249537129	1000000.0	10
20170220_182304	22.6	-0.0179737363	1000000.0	10
20170220_182314	22.6	-0.0248371464	1000000.0	10
20170220_182324	22.6	-0.0253419533	1000000.0	10
20170220_182335	22.8	-0.0254810568	1000000.0	10
20170220_182345	22.6	-0.0233237271	1000000.0	10
20170220_182355	22.8	-0.00880764793	1000000.0	10
20170220_182405	22.6	-0.00745610511	1000000.0	10
20170220_182415	22.6	-0.0137732823	1000000.0	10
20170220_182424	22.6	-0.0250323354	1000000.0	10
20170220_182434	22.6	-0.0251869727	1000000.0	10
20170220_182444	22.6	-0.0103907424	1000000.0	10
20170220_182454	22.6	-0.00952240756	1000000.0	10
20170220_182504	22.6	-0.0105903843	1000000.0	10
20170220_182514	22.6	-0.0105999741	1000000.0	10
20170220_182524	22.6	-0.0257544525	1000000.0	10
20170220_182534	22.8	-0.026524086	1000000.0	10
20170220_182544	22.6	-0.0262134455	1000000.0	10
20170220_182554	22.6	-0.0265042731	1000000.0	10
20170220_182604	22.6	-0.0269310933	1000000.0	10
20170220_182614	22.6	-0.0269642984	1000000.0	10
20170220_182624	22.5	-0.0271456591	1000000.0	10
20170220_182634	22.6	-0.0257395294	1000000.0	10
20170220_182644	22.6	-0.0273867587	1000000.0	10
20170220_182654	22.6	-0.027579534	1000000.0	10
20170220_182704	22.6	-0.0276736761	1000000.0	10
20170220_182714	22.5	-0.0277924337	1000000.0	10
20170220_182724	22.6	-0.0279179172	1000000.0	10
20170220_182734	22.6	-0.0280190578	1000000.0	10
20170220_182744	22.5	-0.0281601087	1000000.0	10
20170220_182754	22.5	-0.0282733717	1000000.0	10
20170220_182804	22.5	-0.028296372	1000000.0	10
20170220_182814	22.6	-0.0102455339	1000000.0	10
20170220_182824	22.5	-0.0284123852	1000000.0	10
20170220_182834	22.5	-0.0286829653	1000000.0	10
20170220_182844	22.6	-0.0288511497	1000000.0	10
20170220_182854	22.5	-0.0289772171	1000000.0	10
20170220_182904	22.5	-0.0290857377	1000000.0	10
20170220_182914	22.5	-0.0292048181	1000000.0	10
20170220_182924	22.5	-0.0292982846	1000000.0	10
20170220_182934	22.5	-0.02945476	1000000.0	10
20170220_182944	22.5	-0.0295533899	1000000.0	10
20170220_182954	22.5	-0.0296743191	1000000.0	10
20170220_183004	22.5	-0.0297961875	1000000.0	10
20170220_183014	22.5	-0.0298794568	1000000.0	10
20170220_183024	22.5	-0.0300298254	1000000.0	10
20170220_183034	22.5	-0.0301553013	1000000.0	10
20170220_183044	22.5	-0.0302890249	1000000.0	10
20170220_183054	22.5	-0.030379284	1000000.0	10
20170220_183104	22.5	-0.0305467944	1000000.0	10
20170220_183114	22.5	-0.0305875982	1000000.0	10
20170220_183124	22.5	-0.0307105361	1000000.0	10
20170220_183134	22.3	-0.0308827698	1000000.0	10
20170220_183144	22.5	-0.0310058042	1000000.0	10
20170220_183154	22.5	-0.0311887866	1000000.0	10
20170220_183204	22.5	-0.0312984539	1000000.0	10
20170220_183214	22.3	-0.0314202479	1000000.0	10
20170220_183224	22.5	-0.0315470863	1000000.0	10
20170220_183234	22.5	-0.0316717595	1000000.0	10
20170220_183244	22.3	-0.0317989122	1000000.0	10
20170220_183254	22.3	-0.0319395452	1000000.0	10
20170220_183304	22.3	-0.0321047279	1000000.0	10
20170220_183314	22.3	-0.0322438477	1000000.0	10
20170220_183324	22.3	-0.0323636938	1000000.0	10
20170220_183334	22.3	-0.0325037873	1000000.0	10
20170220_183344	22.3	-0.0326357924	1000000.0	10
20170220_183354	22.3	-0.0327281189	1000000.0	10
20170220_183404	22.3	-0.0328754054	1000000.0	10
20170220_183414	22.3	-0.0330170688	1000000.0	10
20170220_183424	22.3	-0.0331461826	1000000.0	10
20170220_183434	22.3	-0.0333151083	1000000.0	10
20170220_183444	22.3	-0.0334406228	1000000.0	10
20170220_183454	22.3	-0.0336016843	1000000.0	10
20170220_183504	22.3	-0.0337436505	1000000.0	10
20170220_183514	22.3	-0.0338526389	1000000.0	10
20170220_183524	22.3	-0.033961266	1000000.0	10
20170220_183534	22.3	-0.0341177882	1000000.0	10
20170220_183544	22.3	-0.0342476539	1000000.0	10
20170220_183554	22.3	-0.0343673894	1000000.0	10
20170220_183604	22.1	-0.0345178534	1000000.0	10
20170220_183614	22.1	-0.0346494802	1000000.0	10
20170220_183624	22.3	-0.0347473345	1000000.0	10
20170220_183634	22.3	-0.0349124067	1000000.0	10
20170220_183644	22.3	-0.0350473305	1000000.0	10
20170220_183654	22.1	-0.0351725731	1000000.0	10
20170220_183704	22.1	-0.0353129312	1000000.0	10
20170220_183714	22.1	-0.0354658822	1000000.0	10
20170220_183724	22.1	-0.0355842725	1000000.0	10
20170220_183734	22.1	-0.0357215844	1000000.0	10
20170220_183744	22.1	-0.0358733502	1000000.0	10
20170220_183754	22.1	-0.0360075618	1000000.0	10
20170220_183804	22.3	-0.0361376633	1000000.0	10
20170220_183814	22.1	-0.0362417949	1000000.0	10
20170220_183824	22.1	-0.0363824465	1000000.0	10
20170220_183834	22.1	-0.0365000382	1000000.0	10
20170220_183844	22.1	-0.0357978011	1000000.0	10
20170220_183854	22.1	-0.03597617	1000000.0	10
20170220_183904	22.1	-0.0363464768	1000000.0	10
20170220_183914	22.1	-0.0360641634	1000000.0	10
20170220_183924	22.1	-0.0362285579	1000000.0	10
20170220_183934	22.1	-0.036358711	1000000.0	10
20170220_183944	22.3	-0.0366650365	1000000.0	10
20170220_183954	22.1	-0.036592487	1000000.0	10
20170220_184004	22.1	-0.0370318252	1000000.0	10
20170220_184014	22.1	-0.0372412448	1000000.0	10
20170220_184024	21.9	-0.0378345592	1000000.0	10
20170220_184034	22.1	-0.0379661351	1000000.0	10
20170220_184044	22.1	-0.0380770327	1000000.0	10
20170220_184054	22.1	-0.0381565412	1000000.0	10
20170220_184104	22.1	-0.0384004291	1000000.0	10
20170220_184114	22.1	-0.0385126463	1000000.0	10
20170220_184124	22.1	-0.0386534453	1000000.0	10
20170220_184134	22.1	-0.0386523989	1000000.0	10
20170220_184144	22.1	-0.0388999915	1000000.0	10
20170220_184154	22.1	-0.0390631732	1000000.0	10
20170220_184204	21.9	-0.0391633524	1000000.0	10
20170220_184214	21.9	-0.0392837623	1000000.0	10
20170220_184224	22.1	-0.0393420602	1000000.0	10
20170220_184234	22.1	-0.0395568226	1000000.0	10
20170220_184244	21.9	-0.0396611029	1000000.0	10
20170220_184254	21.9	-0.0397995883	1000000.0	10
20170220_184304	21.9	-0.0399107555	1000000.0	10
20170220_184314	22.1	-0.0400626636	1000000.0	10
20170220_184324	22.1	-0.0401715116	1000000.0	10
20170220_184334	21.9	-0.0403353318	1000000.0	10
20170220_184344	21.9	-0.0404639016	1000000.0	10
20170220_184354	21.9	-0.040554731	1000000.0	10
20170220_184404	22.1	-0.040688981	1000000.0	10
20170220_184414	21.9	-0.0408740934	1000000.0	10
20170220_184424	22.1	-0.0409755421	1000000.0	10
20170220_184434	22.1	-0.0411268707	1000000.0	10
20170220_184444	21.9	-0.0412562608	1000000.0	10
20170220_184454	22.1	-0.0413668477	1000000.0	10
20170220_184504	21.9	-0.0415318813	1000000.0	10
20170220_184514	21.9	-0.0416266429	1000000.0	10
20170220_184524	21.9	-0.0417659714	1000000.0	10
20170220_184534	21.9	-0.0419027484	1000000.0	10
20170220_184544	21.9	-0.0415886887	1000000.0	10
20170220_184554	22.1	-0.0412533719	1000000.0	10
20170220_184604	22.1	-0.0420143709	1000000.0	10
20170220_184614	22.1	-0.0418730744	1000000.0	10
20170220_184624	22.1	-0.0420968763	1000000.0	10
20170220_184634	22.1	-0.0421635745	1000000.0	10
20170220_184644	21.9	-0.0417922413	1000000.0	10
20170220_184654	21.9	-0.0422636673	1000000.0	10
20170220_184704	21.9	-0.0423935959	1000000.0	10
20170220_184714	21.9	-0.0425378178	1000000.0	10
20170220_184724	21.9	-0.0426700431	1000000.0	10
20170220_184734	21.9	-0.0427928237	1000000.0	10
20170220_184744	21.9	-0.0433933309	1000000.0	10
20170220_184754	21.7	-0.0434400992	1000000.0	10
20170220_184804	21.9	-0.0435892389	1000000.0	10
20170220_184814	21.9	-0.0437085627	1000000.0	10
20170220_184824	21.9	-0.0438356736	1000000.0	10
20170220_184834	21.9	-0.0439704985	1000000.0	10
20170220_184844	22.1	-0.0440473627	1000000.0	10
20170220_184854	21.9	-0.0442347321	1000000.0	10
20170220_184905	21.9	-0.0442482304	1000000.0	10
20170220_184915	21.9	-0.0445140708	1000000.0	10
20170220_184925	21.9	-0.044600127	1000000.0	10
20170220_184935	21.9	-0.020570366	1000000.0	10
20170220_184945	21.9	-0.0215780817	1000000.0	10
20170220_184955	21.9	-0.0114862919	1000000.0	10
20170220_185005	21.9	-0.0442408062	1000000.0	10
20170220_185015	21.9	-0.0445145427	1000000.0	10
20170220_185025	21.9	-0.0391899448	1000000.0	10
20170220_185035	21.9	-0.0446505623	1000000.0	10
20170220_185045	21.9	-0.0184062168	1000000.0	10
20170220_185055	21.7	-0.0408017379	1000000.0	10
20170220_185105	21.9	-0.0184415474	1000000.0	10
20170220_185115	21.9	-0.0315579458	1000000.0	10
20170220_185125	21.9	-0.0269000685	1000000.0	10
20170220_185135	21.9	-0.0442245029	1000000.0	10
20170220_185145	21.9	-0.0453066072	1000000.0	10
20170220_185155	21.9	-0.0454920367	1000000.0	10
20170220_185205	21.9	-0.0455839666	1000000.0	10
20170220_185215	21.9	-0.0442522858	1000000.0	10
20170220_185225	21.9	-0.031088965	1000000.0	10
20170220_185235	21.7	-0.0294796079	1000000.0	10
20170220_185245	21.9	-0.0250574669	1000000.0	10
20170220_185255	21.7	-0.0325970012	1000000.0	10
20170220_185305	21.9	-0.0466847733	1000000.0	10
20170220_185315	21.9	-0.0471003146	1000000.0	10
20170220_185325	22.1	-0.0474161301	1000000.0	10
20170220_185335	22.5	-0.0478199614	1000000.0	10
20170220_185345	22.8	-0.0483045691	1000000.0	10
20170220_185355	23.6	-0.0488660667	1000000.0	10
20170220_185405	24.4	-0.0494061841	1000000.0	10
20170220_185415	25.0	-0.0500261985	1000000.0	10
20170220_185425	25.7	-0.0506947349	1000000.0	10
20170220_185435	26.3	-0.0513714937	1000000.0	10
20170220_185445	26.9	-0.0520548339	1000000.0	10
20170220_185455	27.6	-0.0528477127	1000000.0	10
20170220_185505	28.4	-0.0536532312	1000000.0	10
20170220_185515	29.0	-0.054430118	1000000.0	10
20170220_185525	29.8	-0.0553005926	1000000.0	10
20170220_185535	30.1	-0.0562153113	1000000.0	10
20170220_185545	30.5	-0.057219309	1000000.0	10
20170220_185555	31.3	-0.0582706721	1000000.0	10
20170220_185605	32.1	-0.0594540725	1000000.0	10
20170220_185615	32.6	-0.0606643221	1000000.0	10
20170220_185625	33.4	-0.0619622058	1000000.0	10
20170220_185635	34.2	-0.0632684339	1000000.0	10
20170220_185645	35.0	-0.0647689271	1000000.0	10
20170220_185655	35.7	-0.0663090177	1000000.0	10
20170220_185705	36.3	-0.0679321188	1000000.0	10
20170220_185715	36.9	-0.0695632248	1000000.0	10
20170220_185725	37.6	-0.0771695956	1000000.0	10
20170220_185735	38.2	-0.0760985022	1000000.0	10
20170220_185745	38.8	-0.077096073	1000000.0	10
20170220_185755	39.6	-0.078711189	1000000.0	10
20170220_185805	40.1	-0.0804021447	1000000.0	10
20170220_185815	40.9	-0.0825075306	1000000.0	10
20170220_185825	41.3	-0.0847906947	1000000.0	10
20170220_185835	42.0	-0.0872059495	1000000.0	10
20170220_185845	42.6	-0.0897940902	1000000.0	10
20170220_185855	43.0	-0.0924801703	1000000.0	10
20170220_185905	43.3	-0.0951878597	1000000.0	10
20170220_185915	44.3	-0.0981125762	1000000.0	10
20170220_185925	44.9	-0.101248621	1000000.0	10
20170220_185935	45.2	-0.104520625	1000000.0	10
20170220_185945	46.2	-0.107837358	1000000.0	10
20170220_185955	46.6	-0.111291358	1000000.0	10
20170220_190005	47.5	-0.114879773	1000000.0	10
20170220_190015	47.9	-0.118649993	1000000.0	10
20170220_190025	48.4	-0.122485276	1000000.0	10
20170220_190035	49.0	-0.126628468	1000000.0	10
20170220_190045	49.4	-0.130914022	1000000.0	10
20170220_190055	50.3	-0.135401517	1000000.0	10
20170220_190105	50.5	-0.140193931	1000000.0	10
20170220_190115	50.9	-0.145064291	1000000.0	10
20170220_190125	52.0	-0.149941229	1000000.0	10
20170220_190135	52.0	-0.154757607	1000000.0	10
20170220_190145	52.4	-0.160131817	1000000.0	10
20170220_190155	53.5	-0.165641677	1000000.0	10
20170220_190205	53.7	-0.171348932	1000000.0	10
20170220_190215	53.9	-0.177536029	1000000.0	10
20170220_190225	54.7	-0.183400786	1000000.0	10
20170220_190235	55.8	-0.189698415	1000000.0	10
20170220_190245	56.4	-0.196374586	1000000.0	10
20170220_190255	56.4	-0.202798774	1000000.0	10
20170220_190305	56.0	-0.209730818	1000000.0	10
20170220_190315	56.2	-0.221862493	1000000.0	10
20170220_190325	56.9	-0.226896003	1000000.0	10
20170220_190335	56.9	-0.23336872	1000000.0	10
20170220_190345	57.3	-0.240508613	1000000.0	10
20170220_190355	57.7	-0.248376647	1000000.0	10
20170220_190405	58.4	-0.256120702	1000000.0	10
20170220_190415	58.4	-0.264041609	1000000.0	10
20170220_190425	59.0	-0.272109773	1000000.0	10
20170220_190435	59.4	-0.280453949	1000000.0	10
20170220_190445	60.0	-0.288862377	1000000.0	10
20170220_190455	60.1	-0.297805236	1000000.0	10
20170220_190505	60.3	-0.306204428	1000000.0	10
20170220_190515	60.9	-0.315661009	1000000.0	10
20170220_190525	61.3	-0.324835665	1000000.0	10
20170220_190535	61.6	-0.334235618	1000000.0	10
20170220_190545	62.2	-0.343921762	1000000.0	10
20170220_190555	63.0	-0.354017427	1000000.0	10
20170220_190605	63.2	-0.363716155	1000000.0	10
20170220_190615	63.7	-0.374011726	1000000.0	10
20170220_190624	63.3	-0.384146904	1000000.0	10
20170220_190634	64.3	-0.394640687	1000000.0	10
20170220_190644	64.7	-0.405037586	1000000.0	10
20170220_190654	64.9	-0.415535872	1000000.0	10
20170220_190704	64.9	-0.426389237	1000000.0	10
20170220_190714	65.2	-0.437466941	1000000.0	10
20170220_190724	65.6	-0.448148279	1000000.0	10
20170220_190734	66.0	-0.459523576	1000000.0	10
20170220_190744	66.2	-0.470326205	1000000.0	10
20170220_190754	66.6	-0.481501703	1000000.0	10
20170220_190804	67.1	-0.493069742	1000000.0	10
20170220_190814	67.1	-0.50428907	1000000.0	10
20170220_190825	67.5	-0.516280574	1000000.0	10
20170220_190834	67.7	-0.528318347	1000000.0	10
20170220_190845	67.9	-0.540203874	1000000.0	10
20170220_190854	68.3	-0.552015917	1000000.0	10
20170220_190904	68.4	-0.563736366	1000000.0	10
20170220_190914	68.8	-0.575901746	1000000.0	10
20170220_190924	69.2	-0.587710971	1000000.0	10
20170220_190934	69.2	-0.59920091	1000000.0	10
20170220_190944	69.4	-0.611255634	1000000.0	10
20170220_190954	69.6	-0.622749857	1000000.0	10
20170220_191004	70.1	-0.634398105	1000000.0	10
20170220_191014	70.3	-0.646705619	1000000.0	10
20170220_191024	70.3	-0.658900851	1000000.0	10
20170220_191034	70.5	-0.669807577	1000000.0	10
20170220_191044	71.1	-0.680838479	1000000.0	10
20170220_191054	71.3	-0.692170424	1000000.0	10
20170220_191104	71.5	-0.702598709	1000000.0	10
20170220_191114	71.8	-0.712764335	1000000.0	10
20170220_191125	72.2	-0.722594848	1000000.0	10
20170220_191134	72.2	-0.731386949	1000000.0	10
20170220_191144	72.4	-0.739827771	1000000.0	10
20170220_191154	72.8	-0.748891674	1000000.0	10
20170220_191204	73.0	-0.756820646	1000000.0	10
20170220_191214	73.2	-0.763975963	1000000.0	10
20170220_191224	73.3	-0.771926145	1000000.0	10
20170220_191234	73.5	-0.778524332	1000000.0	10
20170220_191244	73.5	-0.784830463	1000000.0	10
20170220_191254	73.9	-0.790767491	1000000.0	10
20170220_191304	74.1	-0.796658015	1000000.0	10
20170220_191314	74.3	-0.802280619	1000000.0	10
20170220_191324	74.5	-0.806994767	1000000.0	10
20170220_191334	74.5	-0.812284968	1000000.0	10
20170220_191344	74.7	-0.816796102	1000000.0	10
20170220_191354	75.0	-0.821188141	1000000.0	10
20170220_191404	75.2	-0.825711102	1000000.0	10
20170220_191414	75.4	-0.829457187	1000000.0	10
20170220_191424	75.8	-0.833771302	1000000.0	10
20170220_191434	76.0	-0.837994762	1000000.0	10
20170220_191444	76.4	-0.841404649	1000000.0	10
20170220_191454	76.4	-0.844862633	1000000.0	10
20170220_191504	76.4	-0.84834448	1000000.0	10
20170220_191514	76.7	-0.851954142	1000000.0	10
20170220_191524	76.7	-0.855253077	1000000.0	10
20170220_191534	76.9	-0.858004381	1000000.0	10
20170220_191544	77.3	-0.860804701	1000000.0	10
20170220_191554	77.3	-0.86413371	1000000.0	10
20170220_191604	77.3	-0.867324894	1000000.0	10
20170220_191614	77.5	-0.869401027	1000000.0	10
20170220_191624	78.1	-0.872644573	1000000.0	10
20170220_191634	78.3	-0.875814222	1000000.0	10
20170220_191644	77.7	-0.878329099	1000000.0	10
20170220_191654	78.1	-0.880573174	1000000.0	10
20170220_191704	78.1	-0.883803289	1000000.0	10
20170220_191714	78.3	-0.885365729	1000000.0	10
20170220_191724	78.4	-0.887928324	1000000.0	10
20170220_191734	78.8	-0.890945677	1000000.0	10
20170220_191744	79.0	-0.893301032	1000000.0	10
20170220_191754	79.2	-0.896394539	1000000.0	10
20170220_191805	79.0	-0.897189638	1000000.0	10
20170220_191814	79.0	-0.900260785	1000000.0	10
20170220_191824	79.0	-0.902722906	1000000.0	10
20170220_191834	79.2	-0.905159715	1000000.0	10
20170220_191844	79.4	-0.907129017	1000000.0	10
20170220_191854	79.6	-0.909391982	1000000.0	10
20170220_191904	79.8	-0.911417132	1000000.0	10
20170220_191914	79.8	-0.9131122	1000000.0	10
20170220_191924	80.0	-0.914755532	1000000.0	10
20170220_191934	80.0	-0.916711728	1000000.0	10
20170220_191944	80.0	-0.918367012	1000000.0	10
20170220_191954	80.1	-0.920553905	1000000.0	10
20170220_192004	80.1	-0.922243506	1000000.0	10
20170220_192014	80.5	-0.924093021	1000000.0	10
20170220_192024	80.3	-0.926041271	1000000.0	10
20170220_192034	80.5	-0.927822316	1000000.0	10
20170220_192044	80.5	-0.92909065	1000000.0	10
20170220_192054	80.7	-0.931595761	1000000.0	10
20170220_192104	80.7	-0.933445905	1000000.0	10
20170220_192114	80.9	-0.934845538	1000000.0	10
20170220_192124	80.9	-0.936386498	1000000.0	10
20170220_192134	81.5	-0.93751043	1000000.0	10
20170220_192144	81.3	-0.938977275	1000000.0	10
20170220_192154	80.0	-0.941625	1000000.0	10
20170220_192204	80.1	-0.942456409	1000000.0	10
20170220_192214	80.1	-0.944082884	1000000.0	10
20170220_192224	80.0	-0.945340426	1000000.0	10
20170220_192234	80.9	-0.946687131	1000000.0	10
20170220_192244	80.0	-0.946629575	1000000.0	10
20170220_192254	80.0	-0.946846829	1000000.0	10
20170220_192304	80.0	-0.949536015	1000000.0	10
20170220_192314	80.1	-0.951232109	1000000.0	10
20170220_192325	80.5	-0.953055474	1000000.0	10
20170220_192334	80.7	-0.954740809	1000000.0	10
20170220_192345	81.3	-0.956394097	1000000.0	10
20170220_192354	81.3	-0.957199576	1000000.0	10
20170220_192404	81.5	-0.9591847	1000000.0	10
20170220_192414	81.5	-0.959877007	1000000.0	10
20170220_192424	80.9	-0.961010574	1000000.0	10
20170220_192434	81.3	-0.962038523	1000000.0	10
20170220_192444	81.5	-0.963081204	1000000.0	10
20170220_192454	81.5	-0.964473223	1000000.0	10
20170220_192504	82.4	-0.965511761	1000000.0	10
20170220_192514	81.6	-0.966462201	1000000.0	10
20170220_192524	82.2	-0.967461242	1000000.0	10
20170220_192534	81.6	-0.96876988	1000000.0	10
20170220_192544	82.8	-0.970122019	1000000.0	10
20170220_192554	82.2	-0.971411292	1000000.0	10
20170220_192604	82.0	-0.972573221	1000000.0	10
20170220_192615	81.8	-0.972893087	1000000.0	10
20170220_192624	82.2	-0.97478978	1000000.0	10
20170220_192634	82.2	-0.975312433	1000000.0	10
20170220_192644	82.4	-0.976331732	1000000.0	10
20170220_192654	82.6	-0.977306025	1000000.0	10
20170220_192704	82.6	-0.978397663	1000000.0	10
20170220_192714	82.8	-0.979405779	1000000.0	10
20170220_192724	82.4	-0.979998712	1000000.0	10
20170220_192734	82.6	-0.981223435	1000000.0	10
20170220_192744	82.0	-0.981662328	1000000.0	10
20170220_192755	82.6	-0.982871926	1000000.0	10
20170220_192805	82.8	-0.983548218	1000000.0	10
20170220_192814	83.2	-0.984509347	1000000.0	10
20170220_192824	83.0	-0.985204575	1000000.0	10
20170220_192834	82.6	-0.986219293	1000000.0	10
20170220_192844	82.8	-0.987009391	1000000.0	10
20170220_192854	83.2	-0.988248048	1000000.0	10
20170220_192904	83.0	-0.989354385	1000000.0	10
20170220_192914	82.8	-0.989988532	1000000.0	10
20170220_192925	83.0	-0.990965747	1000000.0	10
20170220_192934	83.0	-0.991872488	1000000.0	10
20170220_192944	83.0	-0.992311615	1000000.0	10
20170220_192955	83.3	-0.992983829	1000000.0	10
20170220_193004	83.0	-0.994298204	1000000.0	10
20170220_193014	83.2	-0.995134526	1000000.0	10
20170220_193024	83.2	-0.995206102	1000000.0	10
20170220_193034	83.2	-0.996681326	1000000.0	10
20170220_193044	83.5	-0.997513163	1000000.0	10
20170220_193054	83.7	-0.998011266	1000000.0	10
20170220_193104	83.5	-0.999056688	1000000.0	10
20170220_193114	83.7	-0.999437402	1000000.0	10
20170220_193124	84.3	-1.00081781	1000000.0	10
20170220_193134	84.1	-1.00135492	1000000.0	10
20170220_193144	84.5	-1.00155746	1000000.0	10
20170220_193154	84.5	-1.00183213	1000000.0	10
20170220_193204	84.9	-1.00256802	1000000.0	10
20170220_193214	84.7	-1.00337843	1000000.0	10
20170220_193224	84.9	-1.00436459	1000000.0	10
20170220_193234	84.9	-1.00454355	1000000.0	10
20170220_193244	84.9	-1.00461999	1000000.0	10
20170220_193254	85.0	-1.00452302	1000000.0	10
20170220_193304	85.0	-1.00473036	1000000.0	10
20170220_193314	85.0	-1.0055931	1000000.0	10
20170220_193324	85.0	-1.0061112	1000000.0	10
20170220_193334	85.0	-1.00693161	1000000.0	10
20170220_193344	85.2	-1.00849546	1000000.0	10
20170220_193354	85.0	-1.00907105	1000000.0	10
20170220_193404	85.4	-1.00901216	1000000.0	10
20170220_193414	85.4	-1.00943953	1000000.0	10
20170220_193424	85.6	-1.01058152	1000000.0	10
20170220_193434	85.6	-1.01050737	1000000.0	10
20170220_193444	85.8	-1.0112706	1000000.0	10
20170220_193454	85.8	-1.01270171	1000000.0	10
20170220_193504	85.8	-1.01452919	1000000.0	10
20170220_193514	85.8	-1.01455012	1000000.0	10
20170220_193524	86.0	-1.01429897	1000000.0	10
20170220_193534	85.6	-1.01535787	1000000.0	10
20170220_193544	85.4	-1.01571197	1000000.0	10
20170220_193554	83.9	-1.01647178	1000000.0	10
20170220_193604	84.7	-1.01736798	1000000.0	10
20170220_193614	84.5	-1.01737782	1000000.0	10
20170220_193624	84.9	-1.01814325	1000000.0	10
20170220_193634	85.4	-1.0184791	1000000.0	10
20170220_193644	85.2	-1.01990746	1000000.0	10
20170220_193654	85.4	-1.02003465	1000000.0	10
20170220_193704	85.4	-1.02005115	1000000.0	10
20170220_193714	85.6	-1.02226152	1000000.0	10
20170220_193724	85.6	-1.02127304	1000000.0	10
20170220_193734	85.8	-1.02208937	1000000.0	10
20170220_193744	86.0	-1.02365833	1000000.0	10
20170220_193754	85.6	-1.02411838	1000000.0	10
20170220_193804	85.2	-1.02387295	1000000.0	10
20170220_193814	85.0	-1.02453228	1000000.0	10
20170220_193824	85.4	-1.02563414	1000000.0	10
20170220_193834	85.6	-1.02657432	1000000.0	10
20170220_193844	85.6	-1.0268407	1000000.0	10
20170220_193854	85.8	-1.02761766	1000000.0	10
20170220_193904	86.0	-1.02788925	1000000.0	10
20170220_193914	85.8	-1.02911222	1000000.0	10
20170220_193924	86.0	-1.02890169	1000000.0	10
20170220_193934	86.0	-1.02973973	1000000.0	10
20170220_193944	86.9	-1.03122249	1000000.0	10
20170220_193954	85.8	-1.03166878	1000000.0	10
20170220_194004	86.6	-1.0317019	1000000.0	10
20170220_194014	86.6	-1.03255865	1000000.0	10
20170220_194024	86.2	-1.03421163	1000000.0	10
20170220_194034	86.6	-1.03413203	1000000.0	10
20170220_194044	86.9	-1.03387834	1000000.0	10
20170220_194054	86.0	-1.03418995	1000000.0	10
20170220_194104	86.4	-1.0348818	1000000.0	10
20170220_194114	86.6	-1.03482085	1000000.0	10
20170220_194124	86.2	-1.0359684	1000000.0	10
20170220_194134	86.4	-1.036171	1000000.0	10
20170220_194144	86.4	-1.03688957	1000000.0	10
20170220_194154	86.4	-1.03736878	1000000.0	10
20170220_194204	86.4	-1.03743676	1000000.0	10
20170220_194214	86.6	-1.0399146	1000000.0	10
20170220_194224	86.7	-1.04082989	1000000.0	10
20170220_194234	86.9	-1.04140989	1000000.0	10
20170220_194244	86.6	-1.04054678	1000000.0	10
20170220_194254	86.6	-1.04186631	1000000.0	10
20170220_194304	86.6	-1.04302377	1000000.0	10
20170220_194314	86.7	-1.04388597	1000000.0	10
20170220_194324	86.9	-1.04436839	1000000.0	10
20170220_194334	86.9	-1.04460215	1000000.0	10
20170220_194344	86.7	-1.04523494	1000000.0	10
20170220_194354	86.9	-1.0470168	1000000.0	10
20170220_194404	86.9	-1.04759297	1000000.0	10
20170220_194414	86.9	-1.04873801	1000000.0	10
20170220_194424	86.9	-1.04940286	1000000.0	10
20170220_194434	86.9	-1.05040564	1000000.0	10
20170220_194444	86.9	-1.05056305	1000000.0	10
20170220_194454	87.1	-1.05091173	1000000.0	10
20170220_194504	87.1	-1.05211232	1000000.0	10
20170220_194514	87.1	-1.05269441	1000000.0	10
20170220_194524	87.1	-1.05414497	1000000.0	10
20170220_194534	87.3	-1.05485966	1000000.0	10
20170220_194544	87.5	-1.05626439	1000000.0	10
20170220_194554	87.3	-1.05765404	1000000.0	10
20170220_194604	87.5	-1.05797885	1000000.0	10
20170220_194614	87.5	-1.05915733	1000000.0	10
20170220_194624	87.5	-1.06078026	1000000.0	10
20170220_194634	87.5	-1.06249658	1000000.0	10
20170220_194644	87.5	-1.06352198	1000000.0	10
20170220_194654	87.3	-1.06518865	1000000.0	10
20170220_194704	87.5	-1.06680486	1000000.0	10
20170220_194714	87.7	-1.06804947	1000000.0	10
20170220_194724	87.5	-1.06940907	1000000.0	10
20170220_194734	87.7	-1.07102607	1000000.0	10
20170220_194744	87.5	-1.07224635	1000000.0	10
20170220_194754	87.7	-1.07367583	1000000.0	10
20170220_194804	87.5	-1.07554309	1000000.0	10
20170220_194814	87.5	-1.07725677	1000000.0	10
20170220_194824	87.5	-1.07874817	1000000.0	10
20170220_194834	87.5	-1.08239236	1000000.0	10
20170220_194844	87.7	-1.08318365	1000000.0	10
20170220_194854	87.3	-1.08474402	1000000.0	10
20170220_194904	87.9	-1.08745067	1000000.0	10
20170220_194914	87.3	-1.0897472	1000000.0	10
20170220_194924	87.3	-1.09210035	1000000.0	10
20170220_194934	87.3	-1.09477286	1000000.0	10
20170220_194944	87.1	-1.09690917	1000000.0	10
20170220_194954	87.5	-1.10015545	1000000.0	10
20170220_195004	87.3	-1.1026179	1000000.0	10
20170220_195014	87.3	-1.10658877	1000000.0	10
20170220_195024	87.5	-1.1095854	1000000.0	10
20170220_195034	87.5	-1.11306065	1000000.0	10
20170220_195044	87.7	-1.11535149	1000000.0	10
20170220_195054	86.9	-1.11832388	1000000.0	10
20170220_195104	87.3	-1.12157542	1000000.0	10
20170220_195114	87.3	-1.1248676	1000000.0	10
20170220_195124	87.1	-1.12776012	1000000.0	10
20170220_195134	87.5	-1.13176629	1000000.0	10
20170220_195144	87.5	-1.13509968	1000000.0	10
20170220_195154	87.7	-1.14033188	1000000.0	10
20170220_195204	87.5	-1.14413235	1000000.0	10
20170220_195214	87.1	-1.14881414	1000000.0	10
20170220_195224	87.5	-1.15129922	1000000.0	10
20170220_195234	87.7	-1.15363162	1000000.0	10
20170220_195244	87.5	-1.15748268	1000000.0	10
20170220_195254	87.5	-1.16056961	1000000.0	10
20170220_195304	87.9	-1.16360002	1000000.0	10
20170220_195314	87.5	-1.1682812	1000000.0	10
20170220_195324	87.5	-1.16871159	1000000.0	10
20170220_195334	87.9	-1.17477869	1000000.0	10
20170220_195344	87.5	-1.17762569	1000000.0	10
20170220_195354	87.5	-1.17845534	1000000.0	10
20170220_195404	87.7	-1.18216086	1000000.0	10
20170220_195414	87.7	-1.18605196	1000000.0	10
20170220_195424	87.5	-1.18936461	1000000.0	10
20170220_195434	87.7	-1.19165955	1000000.0	10
20170220_195444	87.3	-1.19486266	1000000.0	10
20170220_195454	87.5	-1.19818134	1000000.0	10
20170220_195504	87.5	-1.20098755	1000000.0	10
20170220_195514	87.7	-1.20403245	1000000.0	10
20170220_195524	87.5	-1.20699382	1000000.0	10
20170220_195534	87.9	-1.20978633	1000000.0	10
20170220_195544	88.1	-1.21275755	1000000.0	10
20170220_195554	87.9	-1.21550376	1000000.0	10
20170220_195604	88.1	-1.21926078	1000000.0	10
20170220_195614	87.9	-1.22167599	1000000.0	10
20170220_195624	88.1	-1.22501382	1000000.0	10
20170220_195634	87.7	-1.22814376	1000000.0	10
20170220_195644	88.1	-1.23101344	1000000.0	10
20170220_195654	88.1	-1.23302332	1000000.0	10
20170220_195704	87.9	-1.23661774	1000000.0	10
20170220_195714	88.1	-1.23803447	1000000.0	10
20170220_195724	88.1	-1.24039091	1000000.0	10
20170220_195734	88.1	-1.24411197	1000000.0	10
20170220_195744	88.1	-1.245441	1000000.0	10
20170220_195754	88.1	-1.24896047	1000000.0	10
20170220_195804	88.3	-1.25043255	1000000.0	10
20170220_195814	88.3	-1.25391234	1000000.0	10
20170220_195824	88.3	-1.25669606	1000000.0	10
20170220_195834	88.1	-1.2584602	1000000.0	10
20170220_195844	88.1	-1.26124308	1000000.0	10
20170220_195854	88.3	-1.26645944	1000000.0	10
20170220_195904	88.1	-1.26913136	1000000.0	10
20170220_195914	88.1	-1.27058781	1000000.0	10
20170220_195924	88.4	-1.27262938	1000000.0	10
20170220_195934	88.6	-1.27590657	1000000.0	10
20170220_195944	88.3	-1.27707283	1000000.0	10
20170220_195954	88.4	-1.27909234	1000000.0	10
20170220_200004	88.1	-1.28054991	1000000.0	10
20170220_200014	88.6	-1.28244282	1000000.0	10
20170220_200024	87.7	-1.28293599	1000000.0	10
20170220_200034	88.6	-1.28601485	1000000.0	10
20170220_200044	88.3	-1.28832771	1000000.0	10
20170220_200054	88.6	-1.28679521	1000000.0	10
20170220_200104	88.4	-1.29058397	1000000.0	10
20170220_200114	88.3	-1.29503461	1000000.0	10
20170220_200124	88.4	-1.29501624	1000000.0	10
20170220_200134	88.4	-1.29800712	1000000.0	10
20170220_200144	88.6	-1.30035543	1000000.0	10
20170220_200154	88.3	-1.29999732	1000000.0	10
20170220_200204	88.3	-1.30380982	1000000.0	10
20170220_200214	88.1	-1.30477828	1000000.0	10
20170220_200224	88.1	-1.30774653	1000000.0	10
20170220_200234	88.1	-1.30843461	1000000.0	10
20170220_200244	88.1	-1.30871275	1000000.0	10
20170220_200254	88.1	-1.31235303	1000000.0	10
20170220_200304	88.3	-1.31314586	1000000.0	10
20170220_200314	88.4	-1.31496814	1000000.0	10
20170220_200324	88.3	-1.31659318	1000000.0	10
20170220_200334	88.6	-1.31877063	1000000.0	10
20170220_200344	88.4	-1.32103786	1000000.0	10
20170220_200354	88.6	-1.32140885	1000000.0	10
20170220_200404	88.6	-1.32404454	1000000.0	10
20170220_200414	88.8	-1.32314643	1000000.0	10
20170220_200424	88.4	-1.32574974	1000000.0	10
20170220_200434	88.8	-1.32700777	1000000.0	10
20170220_200444	88.4	-1.32902447	1000000.0	10
20170220_200454	88.8	-1.32947012	1000000.0	10
20170220_200504	88.6	-1.33189265	1000000.0	10
20170220_200514	88.8	-1.3334861	1000000.0	10
20170220_200524	88.8	-1.33497226	1000000.0	10
20170220_200534	88.8	-1.33626357	1000000.0	10
20170220_200544	88.8	-1.33783822	1000000.0	10
20170220_200554	88.8	-1.3403129	1000000.0	10
20170220_200604	88.4	-1.34255796	1000000.0	10
20170220_200614	88.6	-1.34390348	1000000.0	10
20170220_200624	88.8	-1.34508779	1000000.0	10
20170220_200634	88.8	-1.34722682	1000000.0	10
20170220_200644	88.6	-1.34803226	1000000.0	10
20170220_200654	88.8	-1.3497388	1000000.0	10
20170220_200704	88.6	-1.35189966	1000000.0	10
20170220_200714	88.8	-1.35322879	1000000.0	10
20170220_200724	88.6	-1.35436883	1000000.0	10
20170220_200734	88.4	-1.3562548	1000000.0	10
20170220_200744	88.4	-1.35755543	1000000.0	10
20170220_200754	88.8	-1.35941494	1000000.0	10
20170220_200804	88.8	-1.3598882	1000000.0	10
20170220_200814	88.6	-1.36169974	1000000.0	10
20170220_200824	88.8	-1.36334364	1000000.0	10
20170220_200834	88.8	-1.36462126	1000000.0	10
20170220_200844	88.8	-1.36634607	1000000.0	10
20170220_200854	89.0	-1.36771322	1000000.0	10
20170220_200904	88.6	-1.36919653	1000000.0	10
20170220_200914	88.8	-1.37039938	1000000.0	10
20170220_200924	88.8	-1.3717982	1000000.0	10
20170220_200934	88.8	-1.37260425	1000000.0	10
20170220_200944	89.0	-1.37410183	1000000.0	10
20170220_200954	88.8	-1.37519488	1000000.0	10
20170220_201004	88.8	-1.37551992	1000000.0	10
20170220_201014	88.8	-1.37752085	1000000.0	10
20170220_201024	88.6	-1.37927162	1000000.0	10
20170220_201034	88.8	-1.37981162	1000000.0	10
20170220_201044	89.0	-1.38168808	1000000.0	10
20170220_201054	89.0	-1.3818786	1000000.0	10
20170220_201104	88.8	-1.38289679	1000000.0	10
20170220_201114	88.6	-1.38367378	1000000.0	10
20170220_201124	88.8	-1.38465933	1000000.0	10
20170220_201134	88.8	-1.3870855	1000000.0	10
20170220_201144	87.3	-1.38688114	1000000.0	10
20170220_201154	87.3	-1.38787602	1000000.0	10
20170220_201204	86.7	-1.39032665	1000000.0	10
20170220_201214	86.9	-1.39039676	1000000.0	10
20170220_201224	86.9	-1.38872915	1000000.0	10
20170220_201234	87.1	-1.39204778	1000000.0	10
20170220_201244	86.9	-1.39205366	1000000.0	10
20170220_201254	87.1	-1.39339267	1000000.0	10
20170220_201304	86.9	-1.3940394	1000000.0	10
20170220_201314	87.3	-1.39525558	1000000.0	10
20170220_201324	87.1	-1.39599314	1000000.0	10
