20170120_111340	30.7	-0.0450802434	1000000.0	6
20170120_111350	30.7	-0.0472184037	1000000.0	6
20170120_111400	30.5	-0.047502273	1000000.0	6
20170120_111410	30.5	-0.0477142337	1000000.0	6
20170120_111420	30.5	-0.0470433119	1000000.0	6
20170120_111430	30.5	-0.0474541546	1000000.0	6
20170120_111440	30.7	-0.0471426378	1000000.0	6
20170120_111450	30.7	-0.0471669504	1000000.0	6
20170120_111500	30.7	-0.0439033605	1000000.0	6
20170120_111510	30.9	-0.0441503069	1000000.0	6
20170120_111520	30.7	-0.0474559473	1000000.0	6
20170120_111530	30.7	-0.0477470851	1000000.0	6
20170120_111540	30.7	-0.0476256649	1000000.0	6
20170120_111550	30.9	-0.047755294	1000000.0	6
20170120_111600	30.7	-0.0473038886	1000000.0	6
20170120_111610	30.9	-0.0476495187	1000000.0	6
20170120_111620	30.9	-0.0474633389	1000000.0	6
20170120_111630	30.9	-0.0468844085	1000000.0	6
20170120_111640	30.7	-0.0467220894	1000000.0	6
20170120_111650	30.9	-0.0471023859	1000000.0	6
20170120_111700	31.1	-0.0477661483	1000000.0	6
20170120_111710	31.1	-0.0472318279	1000000.0	6
20170120_111720	31.1	-0.0476698797	1000000.0	6
20170120_111730	30.9	-0.0475988918	1000000.0	6
20170120_111740	31.1	-0.0478387398	1000000.0	6
20170120_111750	31.1	-0.0478244616	1000000.0	6
20170120_111800	31.1	-0.0474911862	1000000.0	6
20170120_111810	30.9	-0.0470996464	1000000.0	6
20170120_111820	31.3	-0.047283119	1000000.0	6
20170120_111830	31.1	-0.0476317969	1000000.0	6
20170120_111840	31.1	-0.047111508	1000000.0	6
20170120_111850	31.3	-0.0471989712	1000000.0	6
20170120_111900	31.3	-0.047212952	1000000.0	6
20170120_111910	31.3	-0.0474900465	1000000.0	6
20170120_111920	31.1	-0.0471737971	1000000.0	6
20170120_111930	31.3	-0.0471023498	1000000.0	6
20170120_111940	31.3	-0.0475629894	1000000.0	6
20170120_111950	31.5	-0.0471688663	1000000.0	6
20170120_112000	31.3	-0.047197053	1000000.0	6
20170120_112010	31.3	-0.0467493029	1000000.0	6
20170120_112020	31.3	-0.0476042739	1000000.0	6
20170120_112030	31.3	-0.0474881941	1000000.0	6
20170120_112040	31.3	-0.0469580716	1000000.0	6
20170120_112050	31.5	-0.0474238928	1000000.0	6
20170120_112100	31.5	-0.0469982595	1000000.0	6
20170120_112110	31.3	-0.0470211157	1000000.0	6
20170120_112120	31.5	-0.0465334566	1000000.0	6
20170120_112130	31.5	-0.0470251371	1000000.0	6
20170120_112140	31.5	-0.0475179862	1000000.0	6
20170120_112150	31.5	-0.0475101933	1000000.0	6
20170120_112200	31.5	-0.0477876621	1000000.0	6
20170120_112210	31.5	-0.0477209155	1000000.0	6
20170120_112220	31.7	-0.0487781523	1000000.0	6
20170120_112230	31.5	-0.0467423277	1000000.0	6
20170120_112240	31.7	-0.0475162516	1000000.0	6
20170120_112250	31.7	-0.0468913079	1000000.0	6
20170120_112300	31.7	-0.0469466674	1000000.0	6
20170120_112310	31.7	-0.0471437116	1000000.0	6
20170120_112320	31.7	-0.0476248147	1000000.0	6
20170120_112330	31.7	-0.0476348137	1000000.0	6
20170120_112340	31.7	-0.0474856555	1000000.0	6
20170120_112350	31.7	-0.047283667	1000000.0	6
20170120_112400	31.7	-0.0472401305	1000000.0	6
20170120_112410	31.9	-0.0471328365	1000000.0	6
20170120_112420	31.7	-0.0479802167	1000000.0	6
20170120_112430	31.9	-0.0463680669	1000000.0	6
20170120_112440	31.9	-0.0473102772	1000000.0	6
20170120_112450	31.9	-0.0469183011	1000000.0	6
20170120_112500	31.9	-0.0466124924	1000000.0	6
20170120_112510	31.7	-0.0468012194	1000000.0	6
20170120_112520	31.7	-0.0466312419	1000000.0	6
20170120_112530	31.9	-0.0468164274	1000000.0	6
20170120_112540	31.9	-0.0469761855	1000000.0	6
20170120_112550	31.9	-0.0467416996	1000000.0	6
20170120_112600	31.9	-0.0468364183	1000000.0	6
20170120_112610	31.9	-0.0472305893	1000000.0	6
20170120_112620	31.9	-0.0466133398	1000000.0	6
20170120_112630	31.7	-0.0469436491	1000000.0	6
20170120_112640	31.9	-0.0466396943	1000000.0	6
20170120_112650	31.9	-0.0469302484	1000000.0	6
20170120_112700	31.9	-0.0469102539	1000000.0	6
20170120_112710	31.9	-0.046797898	1000000.0	6
20170120_112720	31.9	-0.0464641472	1000000.0	6
20170120_112730	31.9	-0.0466492713	1000000.0	6
20170120_112740	32.1	-0.0469349438	1000000.0	6
20170120_112750	31.9	-0.0467015024	1000000.0	6
20170120_112800	31.9	-0.046706369	1000000.0	6
20170120_112810	32.1	-0.0467420504	1000000.0	6
20170120_112820	31.9	-0.047377072	1000000.0	6
20170120_112830	32.1	-0.0472896233	1000000.0	6
20170120_112840	31.9	-0.0467430855	1000000.0	6
20170120_112850	31.9	-0.0472936117	1000000.0	6
20170120_112900	31.9	-0.0465941613	1000000.0	6
20170120_112910	31.9	-0.0478686404	1000000.0	6
20170120_112920	31.9	-0.0469473214	1000000.0	6
20170120_112930	31.9	-0.0468572084	1000000.0	6
20170120_112940	32.1	-0.0472508038	1000000.0	6
20170120_112950	32.1	-0.0470931236	1000000.0	6
20170120_113000	32.1	-0.0475418342	1000000.0	6
20170120_113010	32.1	-0.0465590447	1000000.0	6
20170120_113020	32.1	-0.0471489874	1000000.0	6
20170120_113030	31.9	-0.0467300856	1000000.0	6
20170120_113040	32.1	-0.0463547675	1000000.0	6
20170120_113050	32.1	-0.0465735636	1000000.0	6
20170120_113100	32.1	-0.0469894619	1000000.0	6
20170120_113110	32.1	-0.0474556187	1000000.0	6
20170120_113120	32.1	-0.0474249344	1000000.0	6
20170120_113130	32.1	-0.0473657491	1000000.0	6
20170120_113140	32.1	-0.0473185705	1000000.0	6
20170120_113150	32.3	-0.0471575292	1000000.0	6
20170120_113200	32.1	-0.0462813196	1000000.0	6
20170120_113210	32.3	-0.0466150363	1000000.0	6
20170120_113220	32.1	-0.0470645288	1000000.0	6
20170120_113230	32.1	-0.0471058744	1000000.0	6
20170120_113240	32.1	-0.0463949864	1000000.0	6
20170120_113250	32.1	-0.0472331771	1000000.0	6
20170120_113300	32.1	-0.0468214794	1000000.0	6
20170120_113310	32.3	-0.0472767452	1000000.0	6
20170120_113320	32.1	-0.0474662926	1000000.0	6
20170120_113330	32.1	-0.0472091231	1000000.0	6
20170120_113340	32.3	-0.0473859285	1000000.0	6
20170120_113350	32.3	-0.0473218887	1000000.0	6
20170120_113400	32.1	-0.0469560776	1000000.0	6
20170120_113410	32.3	-0.0467129084	1000000.0	6
20170120_113420	32.3	-0.0467380083	1000000.0	6
20170120_113430	32.3	-0.046693374	1000000.0	6
20170120_113440	32.3	-0.04684527	1000000.0	6
20170120_113450	32.1	-0.0464410746	1000000.0	6
20170120_113500	32.3	-0.0469470159	1000000.0	6
20170120_113510	32.3	-0.0474830179	1000000.0	6
20170120_113520	32.3	-0.0471081628	1000000.0	6
20170120_113530	32.3	-0.0465501853	1000000.0	6
20170120_113540	32.3	-0.0472294269	1000000.0	6
20170120_113550	32.3	-0.0468332883	1000000.0	6
20170120_113600	32.5	-0.0473604295	1000000.0	6
20170120_113610	32.5	-0.0480026263	1000000.0	6
20170120_113620	32.3	-0.047100177	1000000.0	6
20170120_113630	32.3	-0.0464631055	1000000.0	6
20170120_113640	32.3	-0.0471301207	1000000.0	6
20170120_113650	32.3	-0.0474662815	1000000.0	6
20170120_113700	32.3	-0.0467635334	1000000.0	6
20170120_113710	32.3	-0.0469184784	1000000.0	6
20170120_113720	32.3	-0.0469091454	1000000.0	6
20170120_113730	32.5	-0.046916564	1000000.0	6
20170120_113740	32.3	-0.0494737374	1000000.0	6
20170120_113750	32.3	-0.0478589337	1000000.0	6
20170120_113800	32.3	-0.0479702932	1000000.0	6
20170120_113810	32.3	-0.0474157897	1000000.0	6
20170120_113820	32.3	-0.0473624134	1000000.0	6
20170120_113830	32.3	-0.0475840366	1000000.0	6
20170120_113840	32.5	-0.0470603734	1000000.0	6
20170120_113850	32.3	-0.0478090008	1000000.0	6
20170120_113900	32.5	-0.0468771846	1000000.0	6
20170120_113910	32.3	-0.0472134032	1000000.0	6
20170120_113920	32.3	-0.047510765	1000000.0	6
20170120_113930	32.3	-0.0466093097	1000000.0	6
20170120_113940	32.5	-0.0474105362	1000000.0	6
20170120_113950	32.3	-0.047676028	1000000.0	6
20170120_114000	32.5	-0.0465234973	1000000.0	6
20170120_114010	32.5	-0.0476553853	1000000.0	6
20170120_114020	32.5	-0.0473320705	1000000.0	6
20170120_114030	32.3	-0.0472135023	1000000.0	6
20170120_114040	32.5	-0.0470474991	1000000.0	6
20170120_114050	32.5	-0.0476967285	1000000.0	6
20170120_114100	32.5	-0.0468094438	1000000.0	6
20170120_114110	32.3	-0.0472863612	1000000.0	6
20170120_114120	32.5	-0.0477790613	1000000.0	6
20170120_114130	32.3	-0.0472634727	1000000.0	6
20170120_114140	32.5	-0.0476122655	1000000.0	6
20170120_114150	32.5	-0.0470438474	1000000.0	6
20170120_114200	32.5	-0.0475380344	1000000.0	6
20170120_114210	32.5	-0.0481237366	1000000.0	6
20170120_114220	32.5	-0.0476160194	1000000.0	6
20170120_114230	32.5	-0.0473070064	1000000.0	6
20170120_114240	32.5	-0.0478733298	1000000.0	6
20170120_114250	32.5	-0.0473570061	1000000.0	6
20170120_114300	32.5	-0.047352386	1000000.0	6
20170120_114310	32.5	-0.0480143673	1000000.0	6
20170120_114320	32.5	-0.0482488868	1000000.0	6
20170120_114330	32.5	-0.0475519732	1000000.0	6
20170120_114340	32.5	-0.0481002684	1000000.0	6
20170120_114350	32.5	-0.0474140851	1000000.0	6
20170120_114400	32.5	-0.047821601	1000000.0	6
20170120_114410	32.5	-0.0476649261	1000000.0	6
20170120_114420	32.5	-0.0482365132	1000000.0	6
20170120_114430	32.6	-0.0483569661	1000000.0	6
20170120_114440	32.5	-0.0474432998	1000000.0	6
20170120_114450	32.5	-0.047819543	1000000.0	6
20170120_114500	32.5	-0.0477839373	1000000.0	6
20170120_114510	32.5	-0.0481433279	1000000.0	6
20170120_114520	32.5	-0.04875439	1000000.0	6
20170120_114530	32.6	-0.0477606175	1000000.0	6
20170120_114540	32.5	-0.047465184	1000000.0	6
20170120_114550	32.5	-0.0485349357	1000000.0	6
20170120_114600	32.6	-0.0484947187	1000000.0	6
20170120_114610	32.5	-0.0479776157	1000000.0	6
