20170124_144443	46.7	-1.58215697	1000000.0	8
20170124_144453	47.3	-1.58307978	1000000.0	8
20170124_144503	47.7	-1.56612876	1000000.0	8
20170124_144513	48.3	-1.58564485	1000000.0	8
20170124_144523	48.6	-1.59383267	1000000.0	8
20170124_144533	48.8	-1.59106184	1000000.0	8
20170124_144543	49.6	-1.58143408	1000000.0	8
20170124_144553	50.0	-1.599618	1000000.0	8
20170124_144603	50.3	-1.60081335	1000000.0	8
20170124_144613	50.9	-1.60624768	1000000.0	8
20170124_144623	51.5	-1.61119773	1000000.0	8
20170124_144633	52.0	-1.61317776	1000000.0	8
20170124_144643	52.4	-1.6154873	1000000.0	8
20170124_144653	52.8	-1.61811292	1000000.0	8
20170124_144703	53.2	-1.62059897	1000000.0	8
20170124_144713	53.7	-1.62582116	1000000.0	8
20170124_144723	54.1	-1.63092232	1000000.0	8
20170124_144733	54.5	-1.63473156	1000000.0	8
20170124_144743	55.0	-1.63809621	1000000.0	8
20170124_144753	55.4	-1.65203516	1000000.0	8
20170124_144803	55.8	-1.64217571	1000000.0	8
20170124_144813	56.2	-1.64775732	1000000.0	8
20170124_144823	56.4	-1.65531392	1000000.0	8
20170124_144833	57.1	-1.66640033	1000000.0	8
20170124_144843	57.3	-1.66849983	1000000.0	8
20170124_144853	57.9	-1.66321027	1000000.0	8
20170124_144903	58.1	-1.66077824	1000000.0	8
20170124_144913	58.4	-1.66678659	1000000.0	8
20170124_144923	59.0	-1.66702706	1000000.0	8
20170124_144933	59.4	-1.67546128	1000000.0	8
20170124_144943	60.0	-1.67797469	1000000.0	8
20170124_144953	60.3	-1.67582194	1000000.0	8
20170124_145003	60.5	-1.67727298	1000000.0	8
20170124_145013	61.1	-1.68092858	1000000.0	8
20170124_145023	61.5	-1.68622913	1000000.0	8
20170124_145033	61.6	-1.68925263	1000000.0	8
20170124_145043	62.2	-1.69079048	1000000.0	8
20170124_145053	62.4	-1.69361029	1000000.0	8
20170124_145103	62.6	-1.69493773	1000000.0	8
20170124_145113	63.0	-1.69693329	1000000.0	8
20170124_145123	63.5	-1.69909937	1000000.0	8
20170124_145133	63.9	-1.69860319	1000000.0	8
20170124_145143	64.1	-1.69568977	1000000.0	8
20170124_145153	64.5	-1.69658634	1000000.0	8
20170124_145203	64.5	-1.69652822	1000000.0	8
20170124_145213	65.2	-1.69730508	1000000.0	8
20170124_145223	65.4	-1.699178	1000000.0	8
20170124_145233	65.6	-1.70022521	1000000.0	8
20170124_145243	66.0	-1.7024983	1000000.0	8
20170124_145253	66.6	-1.70347548	1000000.0	8
20170124_145303	66.6	-1.70771977	1000000.0	8
20170124_145313	66.9	-1.70845535	1000000.0	8
20170124_145323	67.3	-1.71347264	1000000.0	8
20170124_145333	67.5	-1.71475705	1000000.0	8
20170124_145343	67.9	-1.71710336	1000000.0	8
20170124_145353	68.1	-1.73104731	1000000.0	8
20170124_145403	68.4	-1.72066149	1000000.0	8
20170124_145413	68.6	-1.7304077	1000000.0	8
20170124_145423	68.8	-1.73590845	1000000.0	8
20170124_145433	69.4	-1.7391183	1000000.0	8
20170124_145443	69.0	-1.73940307	1000000.0	8
20170124_145453	69.2	-1.74215211	1000000.0	8
20170124_145503	69.6	-1.74321435	1000000.0	8
20170124_145513	70.0	-1.74954273	1000000.0	8
20170124_145523	70.1	-1.75348131	1000000.0	8
20170124_145533	70.5	-1.75239369	1000000.0	8
20170124_145543	71.1	-1.75474701	1000000.0	8
20170124_145553	71.1	-1.74032901	1000000.0	8
20170124_145603	71.6	-1.73782526	1000000.0	8
20170124_145613	71.6	-1.73977967	1000000.0	8
20170124_145623	71.6	-1.74352632	1000000.0	8
20170124_145633	72.2	-1.74937444	1000000.0	8
20170124_145643	71.5	-1.74961451	1000000.0	8
20170124_145653	72.2	-1.74781277	1000000.0	8
20170124_145703	72.2	-1.74802797	1000000.0	8
20170124_145713	72.8	-1.74638586	1000000.0	8
20170124_145723	72.8	-1.74610869	1000000.0	8
20170124_145733	73.0	-1.74681705	1000000.0	8
20170124_145743	73.2	-1.74940819	1000000.0	8
20170124_145753	73.3	-1.75596478	1000000.0	8
20170124_145803	73.7	-1.75968541	1000000.0	8
20170124_145813	74.1	-1.75786518	1000000.0	8
20170124_145823	74.3	-1.75873856	1000000.0	8
20170124_145833	75.0	-1.75989675	1000000.0	8
20170124_145843	74.5	-1.76350083	1000000.0	8
20170124_145853	74.5	-1.76078827	1000000.0	8
20170124_145903	74.9	-1.76002128	1000000.0	8
20170124_145913	75.0	-1.76123912	1000000.0	8
20170124_145923	75.2	-1.76112701	1000000.0	8
20170124_145933	75.6	-1.75964524	1000000.0	8
20170124_145943	75.6	-1.76072026	1000000.0	8
20170124_145953	75.8	-1.76076838	1000000.0	8
20170124_150003	76.0	-1.76167263	1000000.0	8
20170124_150013	76.2	-1.76125369	1000000.0	8
20170124_150023	76.6	-1.76214188	1000000.0	8
20170124_150033	76.7	-1.76290819	1000000.0	8
20170124_150043	76.9	-1.76107753	1000000.0	8
20170124_150053	77.1	-1.76370659	1000000.0	8
20170124_150103	77.5	-1.76321624	1000000.0	8
20170124_150113	77.5	-1.76534226	1000000.0	8
20170124_150123	77.5	-1.76500226	1000000.0	8
20170124_150133	77.3	-1.76652987	1000000.0	8
20170124_150143	77.7	-1.76720327	1000000.0	8
20170124_150153	78.1	-1.77483848	1000000.0	8
20170124_150203	78.3	-1.7757675	1000000.0	8
20170124_150213	78.1	-1.76828359	1000000.0	8
20170124_150223	78.1	-1.77356345	1000000.0	8
20170124_150233	78.4	-1.7725691	1000000.0	8
20170124_150243	78.6	-1.77545131	1000000.0	8
20170124_150253	79.0	-1.77532174	1000000.0	8
20170124_150303	79.2	-1.77368174	1000000.0	8
20170124_150313	79.2	-1.77081174	1000000.0	8
20170124_150323	78.6	-1.77358069	1000000.0	8
20170124_150333	79.2	-1.77504688	1000000.0	8
20170124_150343	79.4	-1.77310973	1000000.0	8
20170124_150353	79.2	-1.77142663	1000000.0	8
20170124_150403	79.4	-1.7787768	1000000.0	8
20170124_150413	79.4	-1.77623905	1000000.0	8
20170124_150423	79.8	-1.77643539	1000000.0	8
20170124_150433	80.1	-1.77683763	1000000.0	8
20170124_150443	80.1	-1.77270891	1000000.0	8
20170124_150453	80.1	-1.77476148	1000000.0	8
20170124_150503	80.7	-1.77211865	1000000.0	8
20170124_150513	80.5	-1.77831228	1000000.0	8
20170124_150523	80.7	-1.77616015	1000000.0	8
20170124_150533	80.5	-1.77380027	1000000.0	8
20170124_150543	80.9	-1.7723081	1000000.0	8
20170124_150553	81.1	-1.77220612	1000000.0	8
20170124_150603	81.1	-1.77280958	1000000.0	8
20170124_150613	81.1	-1.77448833	1000000.0	8
20170124_150623	81.5	-1.77412809	1000000.0	8
20170124_150633	81.5	-1.77291999	1000000.0	8
20170124_150643	80.3	-1.77388628	1000000.0	8
20170124_150653	80.3	-1.77150926	1000000.0	8
20170124_150703	80.7	-1.77452588	1000000.0	8
20170124_150713	80.5	-1.77242378	1000000.0	8
20170124_150723	80.7	-1.77020936	1000000.0	8
20170124_150733	80.9	-1.77448401	1000000.0	8
20170124_150743	80.5	-1.77616573	1000000.0	8
20170124_150753	81.1	-1.77333638	1000000.0	8
20170124_150803	80.9	-1.77329861	1000000.0	8
20170124_150813	81.3	-1.77748814	1000000.0	8
20170124_150823	81.3	-1.77663547	1000000.0	8
20170124_150833	81.5	-1.77712838	1000000.0	8
20170124_150843	81.5	-1.77890933	1000000.0	8
20170124_150853	81.5	-1.77592906	1000000.0	8
20170124_150903	81.8	-1.78028496	1000000.0	8
20170124_150913	81.5	-1.77979781	1000000.0	8
20170124_150923	81.6	-1.77881631	1000000.0	8
20170124_150933	81.8	-1.77926593	1000000.0	8
20170124_150943	81.6	-1.78309555	1000000.0	8
20170124_150953	81.8	-1.77923832	1000000.0	8
20170124_151003	82.0	-1.78001016	1000000.0	8
20170124_151013	82.2	-1.78028884	1000000.0	8
20170124_151023	82.4	-1.78256059	1000000.0	8
20170124_151033	82.2	-1.78700665	1000000.0	8
20170124_151043	82.6	-1.78514238	1000000.0	8
20170124_151053	82.4	-1.78290083	1000000.0	8
20170124_151103	82.4	-1.78395141	1000000.0	8
20170124_151113	82.2	-1.78600521	1000000.0	8
20170124_151123	82.6	-1.78784529	1000000.0	8
20170124_151133	82.4	-1.78373367	1000000.0	8
20170124_151143	82.2	-1.78196134	1000000.0	8
20170124_151153	82.4	-1.78569557	1000000.0	8
20170124_151203	82.4	-1.79018396	1000000.0	8
