20170218_180434	89.2	0.000101561947	1000000.0	9
20170218_180444	89.2	0.00340402766	1000000.0	9
20170218_180454	89.2	-2.89670485e-05	1000000.0	9
20170218_180504	89.2	-0.00121075196	1000000.0	9
20170218_180514	89.2	-0.00105795316	1000000.0	9
20170218_180524	88.8	-0.00107643304	1000000.0	9
20170218_180534	88.8	-0.000804130392	1000000.0	9
20170218_180544	88.6	-8.69486737e-05	1000000.0	9
20170218_180554	88.6	0.000559973321	1000000.0	9
20170218_180604	88.6	0.000473192069	1000000.0	9
20170218_180614	89.0	0.000106130316	1000000.0	9
20170218_180624	88.8	0.00101438367	1000000.0	9
20170218_180634	88.6	0.000864343506	1000000.0	9
20170218_180644	88.8	-0.000125027111	1000000.0	9
20170218_180654	88.3	-0.000178037911	1000000.0	9
20170218_180704	88.3	0.000264145326	1000000.0	9
20170218_180714	88.1	-1.05797287e-05	1000000.0	9
20170218_180724	88.1	-9.76600529e-05	1000000.0	9
20170218_180734	88.1	-0.000143018399	1000000.0	9
20170218_180744	87.7	6.69348041e-05	1000000.0	9
20170218_180754	87.7	0.000680272611	1000000.0	9
20170218_180804	87.5	0.000685769983	1000000.0	9
20170218_180814	87.5	0.000805293194	1000000.0	9
20170218_180824	87.3	-0.00574521867	1000000.0	9
20170218_180834	87.3	-0.0048313941	1000000.0	9
20170218_180844	87.1	-0.00450193075	1000000.0	9
20170218_180854	87.3	-0.00356982075	1000000.0	9
20170218_180904	87.3	-0.0043836278	1000000.0	9
20170218_180914	86.7	-0.00355203116	1000000.0	9
20170218_180924	86.6	-0.0036443145	1000000.0	9
20170218_180934	87.9	-0.00370024837	1000000.0	9
20170218_180944	88.1	-0.00365048705	1000000.0	9
20170218_180954	87.9	-0.00322048959	1000000.0	9
20170218_181004	87.7	-0.00339417573	1000000.0	9
20170218_181014	87.9	-0.00341811053	1000000.0	9
20170218_181024	87.9	-0.00328746855	1000000.0	9
20170218_181034	87.9	-0.00323447378	1000000.0	9
20170218_181044	87.9	-0.00335309264	1000000.0	9
20170218_181054	88.1	-0.00316809904	1000000.0	9
20170218_181104	88.1	-0.00309909273	1000000.0	9
20170218_181114	88.1	-0.00222052863	1000000.0	9
20170218_181124	88.1	-0.00196983941	1000000.0	9
20170218_181134	88.3	-0.00192034628	1000000.0	9
20170218_181144	88.4	-0.0018247745	1000000.0	9
20170218_181154	88.4	-0.00175013116	1000000.0	9
20170218_181204	88.4	-0.00174310803	1000000.0	9
20170218_181214	88.4	-0.0016611721	1000000.0	9
20170218_181224	88.4	-0.00163371938	1000000.0	9
20170218_181234	88.3	-0.00156067467	1000000.0	9
20170218_181244	88.4	-0.00155417128	1000000.0	9
20170218_181254	88.6	-0.00152782519	1000000.0	9
20170218_181304	88.4	-0.0015645924	1000000.0	9
20170218_181314	88.6	-0.00149994678	1000000.0	9
20170218_181324	88.8	-0.00150411472	1000000.0	9
20170218_181334	88.4	-0.00148020861	1000000.0	9
20170218_181344	88.6	-0.00147118024	1000000.0	9
20170218_181354	88.4	-0.00145256811	1000000.0	9
20170218_181404	88.3	-0.00145992012	1000000.0	9
20170218_181414	88.3	-0.00142518988	1000000.0	9
20170218_181424	88.3	-0.00141134827	1000000.0	9
20170218_181434	87.7	-0.00142106487	1000000.0	9
20170218_181444	88.4	-0.00136046891	1000000.0	9
20170218_181454	88.1	-0.00138958786	1000000.0	9
20170218_181504	88.4	-0.0013639954	1000000.0	9
20170218_181514	88.4	-0.00140288612	1000000.0	9
20170218_181524	87.7	-0.00137480545	1000000.0	9
20170218_181534	88.4	-0.00131385355	1000000.0	9
20170218_181544	88.3	-0.00134871771	1000000.0	9
20170218_181554	87.9	-0.00135111724	1000000.0	9
20170218_181604	88.6	-0.00133628692	1000000.0	9
20170218_181614	87.9	-0.00133338047	1000000.0	9
20170218_181624	87.9	-0.00125120119	1000000.0	9
20170218_181634	87.5	-0.0012616694	1000000.0	9
20170218_181644	87.9	-0.00130047503	1000000.0	9
20170218_181654	87.7	-0.00128611773	1000000.0	9
20170218_181704	87.9	-0.00130280901	1000000.0	9
20170218_181714	87.9	-0.00123573067	1000000.0	9
20170218_181724	87.9	-0.00120692629	1000000.0	9
20170218_181734	87.9	-0.00122237032	1000000.0	9
20170218_181744	87.9	-0.00119616674	1000000.0	9
20170218_181754	87.9	-0.00120678608	1000000.0	9
20170218_181804	87.9	-0.00120283746	1000000.0	9
20170218_181814	87.9	-0.00115909515	1000000.0	9
20170218_181824	87.7	-0.00121266782	1000000.0	9
20170218_181834	88.4	-0.00122120641	1000000.0	9
20170218_181844	87.9	-0.00125120759	1000000.0	9
20170218_181854	87.9	-0.00120672607	1000000.0	9
20170218_181904	87.5	-0.00117284665	1000000.0	9
20170218_181914	88.1	-0.00116337146	1000000.0	9
20170218_181924	88.4	-0.00118539602	1000000.0	9
20170218_181934	88.4	-0.00125138479	1000000.0	9
20170218_181944	88.4	-0.00122565511	1000000.0	9
20170218_181954	88.4	-0.00115745219	1000000.0	9
20170218_182004	88.4	-0.00116355039	1000000.0	9
20170218_182014	88.4	-0.0012104021	1000000.0	9
20170218_182024	88.4	-0.00119116658	1000000.0	9
20170218_182034	88.4	-0.00119747228	1000000.0	9
20170218_182044	88.6	-0.00121881349	1000000.0	9
20170218_182054	88.4	-0.00140920262	1000000.0	9
20170218_182104	88.6	-0.00140729912	1000000.0	9
20170218_182114	88.3	-0.00154344981	1000000.0	9
20170218_182124	88.3	-0.0014471561	1000000.0	9
20170218_182134	88.4	-0.0013116183	1000000.0	9
20170218_182144	88.1	-0.00124208838	1000000.0	9
20170218_182154	88.8	-0.00122842985	1000000.0	9
20170218_182204	88.3	-0.00115765573	1000000.0	9
20170218_182214	88.3	-0.00119653521	1000000.0	9
20170218_182224	88.6	-0.00117393688	1000000.0	9
20170218_182234	88.4	-0.00110018336	1000000.0	9
20170218_182244	88.4	-0.00107095898	1000000.0	9
20170218_182254	88.4	-0.00112949783	1000000.0	9
20170218_182304	88.4	-0.00115233212	1000000.0	9
20170218_182314	88.3	-0.00118315812	1000000.0	9
20170218_182324	88.3	-0.00114457484	1000000.0	9
20170218_182334	88.3	-0.00109908639	1000000.0	9
20170218_182344	88.3	-0.00113956776	1000000.0	9
20170218_182354	88.3	-0.00114337018	1000000.0	9
20170218_182404	88.3	-0.00113414834	1000000.0	9
20170218_182414	88.6	-0.00108051475	1000000.0	9
20170218_182424	88.4	-0.00108338122	1000000.0	9
20170218_182434	88.4	-0.00110550841	1000000.0	9
20170218_182444	88.6	-0.00111159487	1000000.0	9
20170218_182454	88.4	-0.00110660432	1000000.0	9
20170218_182504	88.4	-0.00113670152	1000000.0	9
20170218_182514	88.4	-0.00115503963	1000000.0	9
20170218_182524	88.1	-0.00110349572	1000000.0	9
20170218_182534	88.4	-0.00101506632	1000000.0	9
20170218_182544	88.6	-0.00108457068	1000000.0	9
20170218_182554	88.4	-0.00110688556	1000000.0	9
20170218_182604	88.1	-0.00117656357	1000000.0	9
20170218_182614	87.9	-0.00117657631	1000000.0	9
20170218_182624	87.9	-0.00112057239	1000000.0	9
20170218_182634	87.9	-0.00116377142	1000000.0	9
20170218_182644	87.9	-0.0011143519	1000000.0	9
20170218_182654	88.1	-0.00110549754	1000000.0	9
20170218_182704	88.3	-0.00112295551	1000000.0	9
20170218_182714	87.3	-0.00110101808	1000000.0	9
20170218_182724	87.9	-0.00116163448	1000000.0	9
20170218_182734	87.9	-0.00113390234	1000000.0	9
20170218_182744	88.3	-0.00115665298	1000000.0	9
20170218_182754	88.6	-0.00109735871	1000000.0	9
20170218_182804	88.8	-0.00118051619	1000000.0	9
20170218_182814	89.0	-0.00112754685	1000000.0	9
20170218_182824	88.8	-0.00119133406	1000000.0	9
20170218_182834	89.0	-0.00114802989	1000000.0	9
20170218_182844	89.0	-0.00110625738	1000000.0	9
20170218_182854	88.8	-0.00115242737	1000000.0	9
20170218_182904	89.0	-0.00117076678	1000000.0	9
20170218_182914	89.2	-0.00112152856	1000000.0	9
20170218_182924	89.4	-0.00113514356	1000000.0	9
20170218_182934	89.4	-0.001095404	1000000.0	9
20170218_182944	89.4	-0.00125800896	1000000.0	9
20170218_182954	89.4	-0.00110300312	1000000.0	9
20170218_183004	89.4	-0.00114243623	1000000.0	9
20170218_183014	89.0	-0.00114364735	1000000.0	9
20170218_183024	89.2	-0.00111467497	1000000.0	9
20170218_183034	89.4	-0.00111758619	1000000.0	9
20170218_183044	89.4	-0.00110228466	1000000.0	9
20170218_183054	89.2	-0.00111644305	1000000.0	9
20170218_183104	89.2	-0.00115166826	1000000.0	9
20170218_183114	89.2	-0.00117199512	1000000.0	9
20170218_183124	89.4	-0.00116505834	1000000.0	9
20170218_183134	89.2	-0.00112061982	1000000.0	9
20170218_183144	89.0	-0.0011290669	1000000.0	9
20170218_183154	89.2	-0.00116226478	1000000.0	9
20170218_183204	89.4	-0.00112737139	1000000.0	9
20170218_183214	89.2	-0.00116914975	1000000.0	9
20170218_183224	88.1	-0.00117261585	1000000.0	9
20170218_183234	88.6	-0.00115505506	1000000.0	9
20170218_183244	89.2	-0.0011905005	1000000.0	9
20170218_183254	89.2	-0.00117470354	1000000.0	9
20170218_183304	89.0	-0.00113587021	1000000.0	9
20170218_183314	88.8	-0.00114157267	1000000.0	9
20170218_183324	88.6	-0.00117231656	1000000.0	9
20170218_183334	89.0	-0.00115932406	1000000.0	9
20170218_183344	89.2	-0.00117337339	1000000.0	9
20170218_183354	89.2	-0.0011528604	1000000.0	9
20170218_183404	88.8	-0.00108811203	1000000.0	9
20170218_183414	89.0	-0.00111516173	1000000.0	9
20170218_183424	89.2	-0.00110755365	1000000.0	9
20170218_183434	89.0	-0.00118096999	1000000.0	9
20170218_183444	89.2	-0.00110762613	1000000.0	9
20170218_183454	88.8	-0.00113927745	1000000.0	9
20170218_183504	88.6	-0.00115869428	1000000.0	9
20170218_183514	89.0	-0.00117842549	1000000.0	9
20170218_183524	89.0	-0.00106917773	1000000.0	9
20170218_183534	88.8	-0.00120827917	1000000.0	9
20170218_183544	89.0	-0.0011736606	1000000.0	9
20170218_183554	89.2	-0.00117805363	1000000.0	9
20170218_183604	89.0	-0.00117078662	1000000.0	9
20170218_183614	88.8	-0.00117349358	1000000.0	9
20170218_183624	89.0	-0.00117617517	1000000.0	9
20170218_183634	89.0	-0.00110607583	1000000.0	9
20170218_183644	88.8	-0.00110299599	1000000.0	9
20170218_183654	89.2	-0.0011967342	1000000.0	9
20170218_183704	89.0	-0.00118383351	1000000.0	9
20170218_183714	89.0	-0.00109249323	1000000.0	9
20170218_183724	89.0	-0.00114695295	1000000.0	9
20170218_183734	88.6	-0.00115145561	1000000.0	9
20170218_183744	88.6	-0.00116347834	1000000.0	9
20170218_183754	89.0	-0.00117422295	1000000.0	9
20170218_183804	89.0	-0.00111471904	1000000.0	9
20170218_183814	88.8	-0.00120041141	1000000.0	9
20170218_183824	86.9	-0.00120328128	1000000.0	9
20170218_183834	87.5	-0.00119434429	1000000.0	9
20170218_183844	87.7	-0.00114075895	1000000.0	9
20170218_183854	87.7	-0.00116959839	1000000.0	9
20170218_183904	87.5	-0.00116918575	1000000.0	9
20170218_183914	87.7	-0.0011795678	1000000.0	9
20170218_183924	87.7	-0.00112137692	1000000.0	9
20170218_183934	87.7	-0.00113914903	1000000.0	9
20170218_183944	87.9	-0.00113150982	1000000.0	9
20170218_183954	87.7	-0.00120114978	1000000.0	9
20170218_184004	87.9	-0.00117314782	1000000.0	9
20170218_184014	87.7	-0.0011933722	1000000.0	9
20170218_184024	87.7	-0.00113784001	1000000.0	9
20170218_184034	87.9	-0.00113168221	1000000.0	9
20170218_184044	87.5	-0.0011299517	1000000.0	9
20170218_184054	87.9	-0.00112313714	1000000.0	9
20170218_184104	87.9	-0.00111678638	1000000.0	9
