20170120_111340	30.7	-0.023772805	1000000.0	7
20170120_111350	30.7	-0.0246363105	1000000.0	7
20170120_111400	30.5	-0.0252706765	1000000.0	7
20170120_111410	30.5	-0.0252849685	1000000.0	7
20170120_111420	30.5	-0.0252089894	1000000.0	7
20170120_111430	30.5	-0.025103621	1000000.0	7
20170120_111440	30.7	-0.0251638215	1000000.0	7
20170120_111450	30.7	-0.0257586002	1000000.0	7
20170120_111500	30.7	-0.0251003731	1000000.0	7
20170120_111510	30.9	-0.0250556333	1000000.0	7
20170120_111520	30.7	-0.0256717733	1000000.0	7
20170120_111530	30.7	-0.0261669228	1000000.0	7
20170120_111540	30.7	-0.0259210703	1000000.0	7
20170120_111550	30.9	-0.0265500528	1000000.0	7
20170120_111600	30.7	-0.0264698247	1000000.0	7
20170120_111610	30.9	-0.0265581482	1000000.0	7
20170120_111620	30.9	-0.0267256446	1000000.0	7
20170120_111630	30.9	-0.0269482584	1000000.0	7
20170120_111640	30.7	-0.0288488879	1000000.0	7
20170120_111650	30.9	-0.0270862161	1000000.0	7
20170120_111700	31.1	-0.0272575371	1000000.0	7
20170120_111710	31.1	-0.0270081423	1000000.0	7
20170120_111720	31.1	-0.0269321837	1000000.0	7
20170120_111730	30.9	-0.0271231142	1000000.0	7
20170120_111740	31.1	-0.0291777786	1000000.0	7
20170120_111750	31.1	-0.0273784598	1000000.0	7
20170120_111800	31.1	-0.0275185233	1000000.0	7
20170120_111810	30.9	-0.0273811207	1000000.0	7
20170120_111820	31.3	-0.0272347131	1000000.0	7
20170120_111830	31.1	-0.0274655356	1000000.0	7
20170120_111840	31.1	-0.0272695611	1000000.0	7
20170120_111850	31.3	-0.0273235825	1000000.0	7
20170120_111900	31.3	-0.0276523458	1000000.0	7
20170120_111910	31.3	-0.027500963	1000000.0	7
20170120_111920	31.1	-0.0275544938	1000000.0	7
20170120_111930	31.3	-0.0275314545	1000000.0	7
20170120_111940	31.3	-0.0279621891	1000000.0	7
20170120_111950	31.5	-0.0277946427	1000000.0	7
20170120_112000	31.3	-0.0277842813	1000000.0	7
20170120_112010	31.3	-0.027719713	1000000.0	7
20170120_112020	31.3	-0.0279635228	1000000.0	7
20170120_112030	31.3	-0.0279899191	1000000.0	7
20170120_112040	31.3	-0.0282470923	1000000.0	7
20170120_112050	31.5	-0.0281606727	1000000.0	7
20170120_112100	31.5	-0.0278014504	1000000.0	7
20170120_112110	31.3	-0.0276921318	1000000.0	7
20170120_112120	31.5	-0.0278922198	1000000.0	7
20170120_112130	31.5	-0.028042422	1000000.0	7
20170120_112140	31.5	-0.0280201034	1000000.0	7
20170120_112150	31.5	-0.0284865081	1000000.0	7
20170120_112200	31.5	-0.0281546315	1000000.0	7
20170120_112210	31.5	-0.0283473764	1000000.0	7
20170120_112220	31.7	-0.0283791914	1000000.0	7
20170120_112230	31.5	-0.0280742451	1000000.0	7
20170120_112240	31.7	-0.0284735808	1000000.0	7
20170120_112250	31.7	-0.0283193291	1000000.0	7
20170120_112300	31.7	-0.0279953854	1000000.0	7
20170120_112310	31.7	-0.0283691829	1000000.0	7
20170120_112320	31.7	-0.0282690509	1000000.0	7
20170120_112330	31.7	-0.0284145471	1000000.0	7
20170120_112340	31.7	-0.0282671782	1000000.0	7
20170120_112350	31.7	-0.0283447343	1000000.0	7
20170120_112400	31.7	-0.028398425	1000000.0	7
20170120_112410	31.9	-0.0284172165	1000000.0	7
20170120_112420	31.7	-0.0285754228	1000000.0	7
20170120_112430	31.9	-0.0287059554	1000000.0	7
20170120_112440	31.9	-0.0285543333	1000000.0	7
20170120_112450	31.9	-0.0289482917	1000000.0	7
20170120_112500	31.9	-0.0286138702	1000000.0	7
20170120_112510	31.7	-0.0282729534	1000000.0	7
20170120_112520	31.7	-0.0285164593	1000000.0	7
20170120_112530	31.9	-0.0284003706	1000000.0	7
20170120_112540	31.9	-0.0284989707	1000000.0	7
20170120_112550	31.9	-0.028507066	1000000.0	7
20170120_112600	31.9	-0.028332357	1000000.0	7
20170120_112610	31.9	-0.0283354442	1000000.0	7
20170120_112620	31.9	-0.028315982	1000000.0	7
20170120_112630	31.7	-0.0285968525	1000000.0	7
20170120_112640	31.9	-0.0285389592	1000000.0	7
20170120_112650	31.9	-0.0284313052	1000000.0	7
20170120_112700	31.9	-0.0283559599	1000000.0	7
20170120_112710	31.9	-0.02837519	1000000.0	7
20170120_112720	31.9	-0.0280587608	1000000.0	7
20170120_112730	31.9	-0.0283122331	1000000.0	7
20170120_112740	32.1	-0.0284539996	1000000.0	7
20170120_112750	31.9	-0.0285077326	1000000.0	7
20170120_112800	31.9	-0.028441329	1000000.0	7
20170120_112810	32.1	-0.0286412063	1000000.0	7
20170120_112820	31.9	-0.0287490394	1000000.0	7
20170120_112830	32.1	-0.0287633943	1000000.0	7
20170120_112840	31.9	-0.0286738807	1000000.0	7
20170120_112850	31.9	-0.0286224243	1000000.0	7
20170120_112900	31.9	-0.0282560531	1000000.0	7
20170120_112910	31.9	-0.0284876154	1000000.0	7
20170120_112920	31.9	-0.0284979862	1000000.0	7
20170120_112930	31.9	-0.0284136456	1000000.0	7
20170120_112940	32.1	-0.0287261013	1000000.0	7
20170120_112950	32.1	-0.0289307469	1000000.0	7
20170120_113000	32.1	-0.0287668237	1000000.0	7
20170120_113010	32.1	-0.0287813429	1000000.0	7
20170120_113020	32.1	-0.0286548935	1000000.0	7
20170120_113030	31.9	-0.0286847345	1000000.0	7
20170120_113040	32.1	-0.0283367499	1000000.0	7
20170120_113050	32.1	-0.0287732302	1000000.0	7
20170120_113100	32.1	-0.0286129455	1000000.0	7
20170120_113110	32.1	-0.0286276815	1000000.0	7
20170120_113120	32.1	-0.0288205089	1000000.0	7
20170120_113130	32.1	-0.0286651821	1000000.0	7
20170120_113140	32.1	-0.0287512435	1000000.0	7
20170120_113150	32.3	-0.0290898709	1000000.0	7
20170120_113200	32.1	-0.0285625591	1000000.0	7
20170120_113210	32.3	-0.0286098533	1000000.0	7
20170120_113220	32.1	-0.0287075374	1000000.0	7
20170120_113230	32.1	-0.0286402811	1000000.0	7
20170120_113240	32.1	-0.0285428512	1000000.0	7
20170120_113250	32.1	-0.0293034574	1000000.0	7
20170120_113300	32.1	-0.0288835412	1000000.0	7
20170120_113310	32.3	-0.0291714481	1000000.0	7
20170120_113320	32.1	-0.0288696488	1000000.0	7
20170120_113330	32.1	-0.0289127978	1000000.0	7
20170120_113340	32.3	-0.0289249018	1000000.0	7
20170120_113350	32.3	-0.0287932632	1000000.0	7
20170120_113400	32.1	-0.0286881505	1000000.0	7
20170120_113410	32.3	-0.0284481604	1000000.0	7
20170120_113420	32.3	-0.0286809175	1000000.0	7
20170120_113430	32.3	-0.0288463076	1000000.0	7
20170120_113440	32.3	-0.0288774062	1000000.0	7
20170120_113450	32.1	-0.0289002403	1000000.0	7
20170120_113500	32.3	-0.0288644251	1000000.0	7
20170120_113510	32.3	-0.0291983799	1000000.0	7
20170120_113520	32.3	-0.0291109477	1000000.0	7
20170120_113530	32.3	-0.028648509	1000000.0	7
20170120_113540	32.3	-0.0290227679	1000000.0	7
20170120_113550	32.3	-0.028867879	1000000.0	7
20170120_113600	32.5	-0.0291720472	1000000.0	7
20170120_113610	32.5	-0.0288451824	1000000.0	7
20170120_113620	32.3	-0.0290058494	1000000.0	7
20170120_113630	32.3	-0.0289726984	1000000.0	7
20170120_113640	32.3	-0.0292967353	1000000.0	7
20170120_113650	32.3	-0.0293375731	1000000.0	7
20170120_113700	32.3	-0.0289843049	1000000.0	7
20170120_113710	32.3	-0.028991537	1000000.0	7
20170120_113720	32.3	-0.0290404016	1000000.0	7
20170120_113730	32.5	-0.0290700364	1000000.0	7
20170120_113740	32.3	-0.0289344536	1000000.0	7
20170120_113750	32.3	-0.0296565606	1000000.0	7
20170120_113800	32.3	-0.0291549175	1000000.0	7
20170120_113810	32.3	-0.0293944173	1000000.0	7
20170120_113820	32.3	-0.029251906	1000000.0	7
20170120_113830	32.3	-0.0291254577	1000000.0	7
20170120_113840	32.5	-0.0292686946	1000000.0	7
20170120_113850	32.3	-0.0295179807	1000000.0	7
20170120_113900	32.5	-0.0240280018	1000000.0	7
20170120_113910	32.3	-0.0295815	1000000.0	7
20170120_113920	32.3	-0.0295768148	1000000.0	7
20170120_113930	32.3	-0.0290626528	1000000.0	7
20170120_113940	32.5	-0.0293815376	1000000.0	7
20170120_113950	32.3	-0.029569442	1000000.0	7
20170120_114000	32.5	-0.0291167933	1000000.0	7
20170120_114010	32.5	-0.0295591685	1000000.0	7
20170120_114020	32.5	-0.0293447856	1000000.0	7
20170120_114030	32.3	-0.0291082415	1000000.0	7
20170120_114040	32.5	-0.0295111131	1000000.0	7
20170120_114050	32.5	-0.029648975	1000000.0	7
20170120_114100	32.5	-0.0293122399	1000000.0	7
20170120_114110	32.3	-0.0293952759	1000000.0	7
20170120_114120	32.5	-0.0293286603	1000000.0	7
20170120_114130	32.3	-0.0298559543	1000000.0	7
20170120_114140	32.5	-0.0293819206	1000000.0	7
20170120_114150	32.5	-0.0235422329	1000000.0	7
20170120_114200	32.5	-0.0296180357	1000000.0	7
20170120_114210	32.5	-0.0294358564	1000000.0	7
20170120_114220	32.5	-0.029714387	1000000.0	7
20170120_114230	32.5	-0.0295705604	1000000.0	7
20170120_114240	32.5	-0.0296666581	1000000.0	7
20170120_114250	32.5	-0.0297761389	1000000.0	7
20170120_114300	32.5	-0.0295421883	1000000.0	7
20170120_114310	32.5	-0.0299743632	1000000.0	7
20170120_114320	32.5	-0.0297669507	1000000.0	7
20170120_114330	32.5	-0.0296895339	1000000.0	7
20170120_114340	32.5	-0.0297159168	1000000.0	7
20170120_114350	32.5	-0.0297938155	1000000.0	7
20170120_114400	32.5	-0.0296355484	1000000.0	7
20170120_114410	32.5	-0.0297659447	1000000.0	7
20170120_114420	32.5	-0.0295259678	1000000.0	7
20170120_114430	32.6	-0.0296123694	1000000.0	7
20170120_114440	32.5	-0.0299233279	1000000.0	7
20170120_114450	32.5	-0.0297309901	1000000.0	7
20170120_114500	32.5	-0.0296273391	1000000.0	7
20170120_114510	32.5	-0.0302401239	1000000.0	7
20170120_114520	32.5	-0.0300375728	1000000.0	7
20170120_114530	32.6	-0.0294021906	1000000.0	7
20170120_114540	32.5	-0.0296994872	1000000.0	7
20170120_114550	32.5	-0.0305841285	1000000.0	7
20170120_114600	32.6	-0.0300313635	1000000.0	7
20170120_114610	32.5	-0.0298541342	1000000.0	7
