20170216_101334	89.2	0.000251536293	1000000.0	11
20170216_101344	89.4	0.000137538567	1000000.0	11
20170216_101354	89.4	0.000182659155	1000000.0	11
20170216_101404	89.2	0.00027236909	1000000.0	11
20170216_101414	89.0	0.000244379171	1000000.0	11
20170216_101424	89.2	0.000147099045	1000000.0	11
20170216_101434	89.4	-0.00266685146	1000000.0	11
20170216_101444	89.8	-0.00118584409	1000000.0	11
20170216_101454	89.2	-0.000841844151	1000000.0	11
20170216_101504	89.8	-0.00076468231	1000000.0	11
20170216_101514	89.8	-0.000596729888	1000000.0	11
20170216_101524	90.1	-0.000531681264	1000000.0	11
20170216_101534	90.1	-0.000438899039	1000000.0	11
20170216_101544	89.6	-0.00351674518	1000000.0	11
20170216_101554	89.4	-0.00433420845	1000000.0	11
20170216_101604	89.2	-0.00807464406	1000000.0	11
20170216_101614	89.2	-0.00433857085	1000000.0	11
20170216_101624	88.8	-0.00501463476	1000000.0	11
20170216_101634	89.6	-0.00546241657	1000000.0	11
20170216_101644	89.4	-0.00500695985	1000000.0	11
20170216_101654	89.0	-0.00591306819	1000000.0	11
20170216_101704	89.2	-0.00573197823	1000000.0	11
20170216_101714	88.8	-0.00838477041	1000000.0	11
20170216_101724	88.3	-0.00611761291	1000000.0	11
20170216_101734	88.4	-0.0059225596	1000000.0	11
20170216_101744	88.4	-0.00620973685	1000000.0	11
20170216_101754	88.8	-0.00653571596	1000000.0	11
20170216_101804	89.4	-0.00646597017	1000000.0	11
20170216_101814	89.4	-0.00665669991	1000000.0	11
20170216_101824	89.6	-0.00634878322	1000000.0	11
20170216_101834	89.4	-0.00632990195	1000000.0	11
20170216_101844	89.2	-0.0061875376	1000000.0	11
20170216_101854	89.6	-0.00623023729	1000000.0	11
20170216_101904	89.8	-0.0062377255	1000000.0	11
20170216_101914	89.6	-0.00618375995	1000000.0	11
20170216_101924	89.8	-0.00624687357	1000000.0	11
20170216_101934	90.0	-0.00629995946	1000000.0	11
20170216_101944	89.8	-0.00632695576	1000000.0	11
20170216_101954	90.0	-0.00637488694	1000000.0	11
20170216_102004	90.0	-0.00807448277	1000000.0	11
20170216_102014	90.0	-0.00702879966	1000000.0	11
20170216_102024	90.0	-0.00703699824	1000000.0	11
20170216_102034	90.1	-0.00705931237	1000000.0	11
20170216_102044	90.0	-0.00712033751	1000000.0	11
20170216_102054	89.6	-0.00717687586	1000000.0	11
20170216_102104	89.4	-0.00681732857	1000000.0	11
20170216_102114	89.4	-0.00696930011	1000000.0	11
20170216_102124	89.4	-0.00699554289	1000000.0	11
20170216_102134	89.6	-0.00712354067	1000000.0	11
20170216_102144	89.6	-0.00726522461	1000000.0	11
20170216_102154	89.8	-0.00725013858	1000000.0	11
20170216_102204	89.8	-0.00748688576	1000000.0	11
20170216_102214	89.8	-0.00698810963	1000000.0	11
20170216_102224	90.0	-0.00691245229	1000000.0	11
20170216_102234	89.8	-0.00692189928	1000000.0	11
20170216_102244	90.1	-0.00726867733	1000000.0	11
20170216_102254	90.0	-0.00717037327	1000000.0	11
20170216_102304	90.0	-0.00731370566	1000000.0	11
20170216_102314	90.0	-0.00735799192	1000000.0	11
20170216_102324	90.0	-0.00741792192	1000000.0	11
20170216_102334	89.8	-0.00749706598	1000000.0	11
20170216_102344	89.6	-0.0076145027	1000000.0	11
20170216_102354	89.8	-0.00769176676	1000000.0	11
20170216_102404	89.8	-0.00766439085	1000000.0	11
20170216_102414	90.1	-0.0077968824	1000000.0	11
20170216_102424	89.6	-0.00780874817	1000000.0	11
20170216_102434	90.0	-0.00799906229	1000000.0	11
20170216_102444	89.2	-0.00794401692	1000000.0	11
20170216_102454	89.4	-0.00802950013	1000000.0	11
20170216_102504	89.4	-0.00788683386	1000000.0	11
20170216_102514	89.4	-0.00793460378	1000000.0	11
20170216_102524	89.2	-0.00808727691	1000000.0	11
20170216_102534	89.2	-0.0081091423	1000000.0	11
20170216_102544	89.2	-0.00807647095	1000000.0	11
20170216_102554	89.2	-0.0081985268	1000000.0	11
20170216_102604	89.0	-0.00815453804	1000000.0	11
20170216_102614	89.0	-0.00818980476	1000000.0	11
20170216_102624	89.0	-0.0082190476	1000000.0	11
20170216_102634	89.0	-0.00820560335	1000000.0	11
20170216_102644	89.0	-0.00828364523	1000000.0	11
20170216_102654	89.0	-0.00839660859	1000000.0	11
20170216_102704	89.0	-0.00837134774	1000000.0	11
20170216_102714	89.2	-0.00835815391	1000000.0	11
20170216_102724	89.2	-0.00836837508	1000000.0	11
20170216_102734	89.4	-0.00840137479	1000000.0	11
20170216_102744	89.4	-0.0083220236	1000000.0	11
20170216_102754	89.4	-0.00838299083	1000000.0	11
20170216_102804	89.2	-0.00905651354	1000000.0	11
20170216_102814	88.3	-0.00858614916	1000000.0	11
20170216_102824	88.8	-0.00862788209	1000000.0	11
20170216_102834	88.4	-0.00863347742	1000000.0	11
20170216_102844	88.1	-0.00879714455	1000000.0	11
20170216_102854	88.3	-0.00862394463	1000000.0	11
20170216_102904	88.3	-0.0085638971	1000000.0	11
20170216_102914	88.3	-0.00867787472	1000000.0	11
20170216_102924	88.3	-0.00866149957	1000000.0	11
20170216_102934	88.6	-0.00859615443	1000000.0	11
20170216_102944	89.6	-0.00860132574	1000000.0	11
20170216_102954	89.6	-0.00872005001	1000000.0	11
20170216_103004	87.9	-0.00861299718	1000000.0	11
20170216_103014	88.1	-0.0085480035	1000000.0	11
20170216_103024	88.8	-0.0085553805	1000000.0	11
20170216_103034	89.2	-0.00867591992	1000000.0	11
20170216_103044	89.8	-0.00867789696	1000000.0	11
20170216_103054	89.2	-0.00862290851	1000000.0	11
20170216_103104	90.0	-0.00857521266	1000000.0	11
20170216_103114	90.1	-0.00864044454	1000000.0	11
20170216_103124	90.0	-0.00870589452	1000000.0	11
20170216_103134	89.6	-0.00863794881	1000000.0	11
20170216_103144	89.4	-0.0086758819	1000000.0	11
20170216_103154	89.6	-0.00865782886	1000000.0	11
20170216_103204	89.6	-0.00864542422	1000000.0	11
20170216_103214	89.6	-0.00867899122	1000000.0	11
20170216_103224	89.8	-0.00859181897	1000000.0	11
20170216_103234	89.8	-0.00865320218	1000000.0	11
20170216_103244	90.3	-0.00869662931	1000000.0	11
20170216_103254	90.0	-0.00858277929	1000000.0	11
20170216_103304	90.0	-0.00872714886	1000000.0	11
20170216_103314	89.8	-0.00864302343	1000000.0	11
20170216_103324	90.0	-0.00858729298	1000000.0	11
20170216_103334	90.1	-0.00860827973	1000000.0	11
20170216_103344	90.1	-0.00852591657	1000000.0	11
20170216_103354	89.8	-0.00849026674	1000000.0	11
20170216_103404	89.4	-0.00840930859	1000000.0	11
20170216_103414	89.2	-0.00852777588	1000000.0	11
20170216_103424	89.4	-0.0085351254	1000000.0	11
20170216_103434	89.8	-0.00861034499	1000000.0	11
20170216_103444	89.4	-0.00847691022	1000000.0	11
20170216_103454	89.4	-0.00851893077	1000000.0	11
20170216_103504	89.6	-0.00845649057	1000000.0	11
20170216_103514	89.8	-0.00843120295	1000000.0	11
20170216_103524	89.8	-0.0084590015	1000000.0	11
20170216_103534	89.6	-0.00848205638	1000000.0	11
20170216_103544	89.6	-0.00851440533	1000000.0	11
20170216_103554	89.8	-0.00852109118	1000000.0	11
20170216_103604	89.8	-0.00848864096	1000000.0	11
20170216_103614	90.0	-0.00845964362	1000000.0	11
20170216_103624	89.8	-0.00853115714	1000000.0	11
20170216_103634	90.0	-0.00850209571	1000000.0	11
20170216_103644	89.8	-0.0085030227	1000000.0	11
20170216_103654	89.6	-0.00848501831	1000000.0	11
20170216_103704	89.6	-0.00850516387	1000000.0	11
20170216_103714	89.6	-0.00854820733	1000000.0	11
20170216_103724	89.6	-0.00851561456	1000000.0	11
20170216_103734	89.6	-0.00849160143	1000000.0	11
20170216_103744	89.6	-0.00847602533	1000000.0	11
20170216_103754	90.0	-0.00852168479	1000000.0	11
20170216_103804	90.1	-0.00854052503	1000000.0	11
20170216_103814	89.8	-0.00846244922	1000000.0	11
20170216_103824	89.6	-0.0085178003	1000000.0	11
20170216_103834	89.6	-0.00847855883	1000000.0	11
20170216_103844	89.2	-0.00851699382	1000000.0	11
20170216_103854	89.2	-0.00847446134	1000000.0	11
20170216_103904	89.2	-0.00845768387	1000000.0	11
20170216_103914	89.0	-0.0085308079	1000000.0	11
20170216_103924	89.0	-0.00850083561	1000000.0	11
20170216_103934	89.0	-0.00846053907	1000000.0	11
20170216_103944	89.2	-0.00847790951	1000000.0	11
20170216_103954	89.0	-0.0084599638	1000000.0	11
20170216_104004	88.8	-0.00848585143	1000000.0	11
20170216_104014	89.0	-0.0085028748	1000000.0	11
20170216_104024	89.0	-0.00845907894	1000000.0	11
20170216_104034	89.0	-0.00845479581	1000000.0	11
20170216_104044	89.0	-0.0086937497	1000000.0	11
20170216_104054	89.0	-0.00865813431	1000000.0	11
20170216_104104	89.0	-0.0086205619	1000000.0	11
20170216_104114	89.0	-0.00851856487	1000000.0	11
