20170207_151451	23.6	0.00297152564	1000000.0	6
20170207_151501	23.6	0.00298255344	1000000.0	6
20170207_151511	23.6	0.00298247394	1000000.0	6
20170207_151521	23.6	0.00296671719	1000000.0	6
20170207_151531	23.6	0.00295256135	1000000.0	6
20170207_151541	23.8	0.00294684557	1000000.0	6
20170207_151551	23.6	0.00294804573	1000000.0	6
20170207_151601	23.6	0.00292566009	1000000.0	6
20170207_151611	23.6	0.00291483193	1000000.0	6
20170207_151621	23.6	0.00290424064	1000000.0	6
20170207_151631	23.6	0.0029007587	1000000.0	6
20170207_151641	23.6	0.00289213405	1000000.0	6
20170207_151651	23.6	0.00288138232	1000000.0	6
20170207_151701	23.8	0.00287334075	1000000.0	6
20170207_151711	23.6	0.00286788529	1000000.0	6
20170207_151721	23.6	0.00287425419	1000000.0	6
20170207_151731	23.6	0.00286661261	1000000.0	6
20170207_151741	23.6	0.00284967453	1000000.0	6
20170207_151751	23.6	0.00283486783	1000000.0	6
20170207_151801	23.6	0.00283042488	1000000.0	6
20170207_151811	23.6	0.00283019026	1000000.0	6
20170207_151821	23.6	0.00282840818	1000000.0	6
20170207_151831	23.8	0.00281816401	1000000.0	6
20170207_151841	23.6	0.00280705053	1000000.0	6
20170207_151851	23.6	0.00279583584	1000000.0	6
20170207_151901	23.6	0.00237710603	1000000.0	6
20170207_151911	23.8	0.00278361785	1000000.0	6
20170207_151921	23.4	-0.0653592402	1000000.0	6
20170207_151931	23.6	-0.0606482081	1000000.0	6
20170207_151941	23.6	-0.0549566421	1000000.0	6
20170207_151951	23.8	-0.0526195803	1000000.0	6
20170207_152001	23.8	-0.0515070726	1000000.0	6
20170207_152011	23.6	-0.0505713356	1000000.0	6
20170207_152021	23.8	-0.0498586444	1000000.0	6
20170207_152031	23.6	-0.0493511385	1000000.0	6
20170207_152041	23.6	-0.0486678748	1000000.0	6
20170207_152051	23.6	-0.0482118684	1000000.0	6
20170207_152101	23.6	-0.0478627477	1000000.0	6
20170207_152111	23.4	-0.0475063899	1000000.0	6
20170207_152121	23.4	-0.0470849687	1000000.0	6
20170207_152131	23.6	-0.0468243161	1000000.0	6
20170207_152141	23.4	-0.0464802557	1000000.0	6
20170207_152151	23.6	-0.0461790989	1000000.0	6
20170207_152201	23.6	-0.0459289308	1000000.0	6
20170207_152211	23.4	-0.0456582232	1000000.0	6
20170207_152221	23.4	-0.0453746869	1000000.0	6
20170207_152231	23.6	-0.0450878958	1000000.0	6
20170207_152241	23.4	-0.0448305855	1000000.0	6
20170207_152251	23.8	-0.0446144079	1000000.0	6
20170207_152301	23.6	-0.0447589874	1000000.0	6
20170207_152311	23.6	-0.0451761725	1000000.0	6
20170207_152321	24.0	-0.045963108	1000000.0	6
20170207_152331	24.2	-0.0469055579	1000000.0	6
20170207_152341	24.8	-0.0494203766	1000000.0	6
20170207_152351	25.1	-0.0510175501	1000000.0	6
20170207_152401	25.9	-0.0528423301	1000000.0	6
20170207_152411	26.5	-0.0547947552	1000000.0	6
20170207_152421	26.9	-0.0562547353	1000000.0	6
20170207_152431	27.8	-0.0575504748	1000000.0	6
20170207_152441	28.4	-0.0586575602	1000000.0	6
20170207_152451	29.4	-0.0592507771	1000000.0	6
20170207_152501	30.1	-0.0600348256	1000000.0	6
20170207_152511	30.9	-0.061513322	1000000.0	6
20170207_152521	31.7	-0.0623490886	1000000.0	6
20170207_152531	32.3	-0.0638827922	1000000.0	6
20170207_152541	33.2	-0.0648402465	1000000.0	6
20170207_152551	34.0	-0.0655955483	1000000.0	6
20170207_152601	34.8	-0.0667662114	1000000.0	6
20170207_152611	35.5	-0.0680367556	1000000.0	6
20170207_152621	36.3	-0.0694224823	1000000.0	6
20170207_152631	36.9	-0.0698579657	1000000.0	6
20170207_152641	37.8	-0.0707623545	1000000.0	6
20170207_152651	38.8	-0.0722816109	1000000.0	6
20170207_152701	39.4	-0.0735221217	1000000.0	6
20170207_152711	40.1	-0.0752232712	1000000.0	6
20170207_152721	41.1	-0.0757808181	1000000.0	6
20170207_152731	41.8	-0.0769848683	1000000.0	6
20170207_152741	42.4	-0.0779444999	1000000.0	6
20170207_152751	43.2	-0.0794424663	1000000.0	6
20170207_152801	43.7	-0.0804902572	1000000.0	6
20170207_152811	44.3	-0.0800008071	1000000.0	6
20170207_152821	45.0	-0.081372896	1000000.0	6
20170207_152831	45.8	-0.0828655862	1000000.0	6
20170207_152841	46.2	-0.0836142076	1000000.0	6
20170207_152851	46.9	-0.0841884557	1000000.0	6
20170207_152901	47.7	-0.0850638591	1000000.0	6
20170207_152911	48.1	-0.0873244202	1000000.0	6
20170207_152921	48.8	-0.0887352438	1000000.0	6
20170207_152931	49.4	-0.0894879675	1000000.0	6
20170207_152941	49.8	-0.090220489	1000000.0	6
20170207_152951	50.5	-0.0920919017	1000000.0	6
20170207_153001	50.9	-0.0931577065	1000000.0	6
20170207_153011	51.5	-0.0942840889	1000000.0	6
20170207_153021	52.0	-0.0948943633	1000000.0	6
20170207_153031	52.6	-0.0972980143	1000000.0	6
20170207_153041	53.2	-0.0985602492	1000000.0	6
20170207_153051	53.7	-0.0989460562	1000000.0	6
20170207_153101	54.3	-0.0998494267	1000000.0	6
20170207_153111	54.7	-0.101590197	1000000.0	6
20170207_153121	55.0	-0.101876231	1000000.0	6
20170207_153131	55.8	-0.10254582	1000000.0	6
20170207_153141	56.4	-0.103977129	1000000.0	6
20170207_153151	56.7	-0.104633659	1000000.0	6
20170207_153201	57.1	-0.106231487	1000000.0	6
20170207_153211	57.7	-0.107484376	1000000.0	6
20170207_153221	58.1	-0.108460878	1000000.0	6
20170207_153231	58.6	-0.108651483	1000000.0	6
20170207_153241	59.0	-0.110335601	1000000.0	6
20170207_153251	59.4	-0.11147855	1000000.0	6
20170207_153301	60.0	-0.111803331	1000000.0	6
20170207_153311	60.5	-0.113363572	1000000.0	6
20170207_153321	60.7	-0.114085152	1000000.0	6
20170207_153331	61.3	-0.114712816	1000000.0	6
20170207_153341	61.6	-0.11670679	1000000.0	6
20170207_153351	61.8	-0.117095357	1000000.0	6
20170207_153401	62.2	-0.118968448	1000000.0	6
20170207_153411	62.8	-0.119703541	1000000.0	6
20170207_153421	63.0	-0.120144319	1000000.0	6
20170207_153431	63.5	-0.120488052	1000000.0	6
20170207_153441	64.1	-0.122756092	1000000.0	6
20170207_153451	64.5	-0.122013579	1000000.0	6
20170207_153501	64.7	-0.125297412	1000000.0	6
20170207_153511	65.4	-0.125118005	1000000.0	6
20170207_153521	65.8	-0.127766012	1000000.0	6
20170207_153531	66.2	-0.128303667	1000000.0	6
20170207_153541	66.6	-0.126945551	1000000.0	6
20170207_153551	66.9	-0.129070194	1000000.0	6
20170207_153601	67.3	-0.129587581	1000000.0	6
20170207_153611	67.7	-0.129447206	1000000.0	6
20170207_153621	67.9	-0.130053631	1000000.0	6
20170207_153631	68.3	-0.131122309	1000000.0	6
20170207_153641	68.6	-0.132618589	1000000.0	6
20170207_153651	68.8	-0.135710514	1000000.0	6
20170207_153701	69.0	-0.135161096	1000000.0	6
20170207_153711	69.2	-0.13455235	1000000.0	6
20170207_153721	69.6	-0.134793983	1000000.0	6
20170207_153731	69.8	-0.135657312	1000000.0	6
20170207_153741	70.3	-0.136001703	1000000.0	6
20170207_153751	70.5	-0.135825259	1000000.0	6
20170207_153801	70.9	-0.138907886	1000000.0	6
20170207_153811	71.3	-0.140358402	1000000.0	6
20170207_153821	71.5	-0.140106139	1000000.0	6
20170207_153831	71.8	-0.139851802	1000000.0	6
20170207_153841	72.0	-0.13863988	1000000.0	6
20170207_153851	72.4	-0.138356812	1000000.0	6
20170207_153901	72.6	-0.138976673	1000000.0	6
20170207_153911	73.2	-0.139785622	1000000.0	6
20170207_153921	73.2	-0.142360873	1000000.0	6
20170207_153931	73.5	-0.14285889	1000000.0	6
20170207_153941	73.9	-0.14312596	1000000.0	6
20170207_153951	74.1	-0.14537435	1000000.0	6
20170207_154001	74.3	-0.145622041	1000000.0	6
20170207_154011	74.7	-0.143662339	1000000.0	6
20170207_154021	74.9	-0.146230891	1000000.0	6
20170207_154031	75.0	-0.149130155	1000000.0	6
20170207_154041	75.2	-0.149939783	1000000.0	6
20170207_154051	75.4	-0.150935469	1000000.0	6
20170207_154101	75.6	-0.15080694	1000000.0	6
20170207_154111	75.8	-0.151818306	1000000.0	6
20170207_154121	75.8	-0.149811267	1000000.0	6
20170207_154131	75.8	-0.149607202	1000000.0	6
20170207_154141	76.2	-0.150813833	1000000.0	6
20170207_154151	76.2	-0.150040383	1000000.0	6
20170207_154201	76.4	-0.147724788	1000000.0	6
20170207_154211	76.6	-0.148832206	1000000.0	6
20170207_154221	76.9	-0.14985142	1000000.0	6
20170207_154231	75.8	-0.149043316	1000000.0	6
20170207_154241	76.7	-0.151674071	1000000.0	6
20170207_154251	76.9	-0.151552458	1000000.0	6
20170207_154301	77.5	-0.150933167	1000000.0	6
20170207_154311	77.5	-0.151122756	1000000.0	6
20170207_154321	77.9	-0.156692229	1000000.0	6
20170207_154331	78.1	-0.158622335	1000000.0	6
20170207_154341	78.3	-0.158459085	1000000.0	6
20170207_154351	78.8	-0.15557393	1000000.0	6
20170207_154401	78.8	-0.156263114	1000000.0	6
20170207_154411	79.0	-0.156031673	1000000.0	6
20170207_154421	79.2	-0.155703666	1000000.0	6
20170207_154431	79.4	-0.156493945	1000000.0	6
20170207_154441	79.6	-0.159517355	1000000.0	6
20170207_154451	79.6	-0.158825224	1000000.0	6
20170207_154501	79.8	-0.159562487	1000000.0	6
20170207_154511	80.0	-0.15838408	1000000.0	6
20170207_154521	80.1	-0.159791019	1000000.0	6
20170207_154531	80.3	-0.159547342	1000000.0	6
20170207_154541	80.3	-0.161398797	1000000.0	6
20170207_154551	80.5	-0.160678445	1000000.0	6
20170207_154601	80.7	-0.162862551	1000000.0	6
20170207_154611	80.7	-0.169163406	1000000.0	6
20170207_154621	81.3	-0.162884808	1000000.0	6
20170207_154631	81.6	-0.163005684	1000000.0	6
20170207_154641	81.8	-0.165718358	1000000.0	6
20170207_154651	81.8	-0.168814048	1000000.0	6
20170207_154701	81.6	-0.167964521	1000000.0	6
20170207_154711	81.8	-0.170354796	1000000.0	6
20170207_154721	82.0	-0.166867788	1000000.0	6
20170207_154731	82.2	-0.167052413	1000000.0	6
20170207_154741	82.8	-0.168556006	1000000.0	6
20170207_154751	83.2	-0.169148915	1000000.0	6
20170207_154801	83.5	-0.169742241	1000000.0	6
20170207_154811	83.7	-0.168669228	1000000.0	6
20170207_154821	83.9	-0.171033757	1000000.0	6
20170207_154831	83.9	-0.16848179	1000000.0	6
20170207_154841	84.1	-0.16937066	1000000.0	6
20170207_154851	84.1	-0.168404226	1000000.0	6
20170207_154901	83.7	-0.169228404	1000000.0	6
20170207_154911	83.9	-0.169777604	1000000.0	6
20170207_154921	84.1	-0.171883629	1000000.0	6
20170207_154931	84.1	-0.170264305	1000000.0	6
20170207_154941	84.3	-0.171763394	1000000.0	6
20170207_154951	84.3	-0.16979074	1000000.0	6
20170207_155001	84.5	-0.171485303	1000000.0	6
20170207_155011	84.5	-0.173897323	1000000.0	6
20170207_155021	84.5	-0.174265985	1000000.0	6
20170207_155031	84.5	-0.174651824	1000000.0	6
20170207_155041	84.9	-0.17887047	1000000.0	6
20170207_155051	84.9	-0.179393753	1000000.0	6
20170207_155101	84.9	-0.179896006	1000000.0	6
20170207_155111	85.0	-0.180753278	1000000.0	6
20170207_155121	84.9	-0.179825303	1000000.0	6
20170207_155131	84.7	-0.181516145	1000000.0	6
20170207_155141	84.7	-0.180818467	1000000.0	6
20170207_155151	84.7	-0.182545799	1000000.0	6
20170207_155201	84.7	-0.183675523	1000000.0	6
20170207_155211	84.9	-0.184471531	1000000.0	6
20170207_155221	84.7	-0.183230432	1000000.0	6
20170207_155231	85.0	-0.180947894	1000000.0	6
20170207_155241	85.2	-0.184012502	1000000.0	6
20170207_155251	85.4	-0.182281355	1000000.0	6
20170207_155301	85.8	-0.182979434	1000000.0	6
20170207_155311	86.0	-0.184070762	1000000.0	6
20170207_155321	86.4	-0.183977993	1000000.0	6
20170207_155331	86.6	-0.185384829	1000000.0	6
20170207_155341	86.6	-0.184711235	1000000.0	6
20170207_155351	86.4	-0.186067775	1000000.0	6
20170207_155401	86.4	-0.18973273	1000000.0	6
20170207_155411	86.6	-0.190572949	1000000.0	6
20170207_155421	86.6	-0.195660435	1000000.0	6
20170207_155431	86.7	-0.194393456	1000000.0	6
20170207_155441	86.7	-0.193961551	1000000.0	6
20170207_155451	86.4	-0.189712086	1000000.0	6
20170207_155501	86.6	-0.192310693	1000000.0	6
20170207_155511	86.2	-0.197897415	1000000.0	6
20170207_155521	86.2	-0.192718914	1000000.0	6
20170207_155531	86.0	-0.186393331	1000000.0	6
20170207_155541	86.2	-0.189045788	1000000.0	6
20170207_155551	86.2	-0.189602459	1000000.0	6
20170207_155601	86.4	-0.189634735	1000000.0	6
20170207_155611	86.4	-0.19289264	1000000.0	6
20170207_155621	86.6	-0.190431649	1000000.0	6
20170207_155631	86.7	-0.191012531	1000000.0	6
20170207_155641	86.7	-0.194606068	1000000.0	6
20170207_155651	86.9	-0.194232872	1000000.0	6
20170207_155701	87.1	-0.189750072	1000000.0	6
20170207_155711	87.1	-0.188295417	1000000.0	6
20170207_155721	87.3	-0.192915437	1000000.0	6
20170207_155731	87.5	-0.193575184	1000000.0	6
20170207_155741	87.5	-0.194213096	1000000.0	6
20170207_155751	87.7	-0.196146872	1000000.0	6
20170207_155801	87.7	-0.201436259	1000000.0	6
20170207_155811	87.7	-0.202161836	1000000.0	6
20170207_155821	87.7	-0.226658346	1000000.0	6
20170207_155831	87.9	-0.198909468	1000000.0	6
20170207_155841	87.9	-0.196106575	1000000.0	6
20170207_155851	87.9	-0.195760232	1000000.0	6
20170207_155901	87.5	-0.196142424	1000000.0	6
20170207_155911	87.9	-0.189695292	1000000.0	6
20170207_155921	88.1	-0.19463171	1000000.0	6
20170207_155931	87.9	-0.211722959	1000000.0	6
20170207_155941	87.9	-0.211062294	1000000.0	6
20170207_155951	88.1	-0.209079168	1000000.0	6
20170207_160001	87.9	-0.209272516	1000000.0	6
20170207_160011	87.7	-0.210084009	1000000.0	6
20170207_160021	87.9	-0.211646337	1000000.0	6
20170207_160031	87.9	-0.206425969	1000000.0	6
20170207_160041	87.9	-0.206394516	1000000.0	6
20170207_160051	87.9	-0.208687509	1000000.0	6
20170207_160101	88.1	-0.209293555	1000000.0	6
20170207_160111	87.5	-0.210604878	1000000.0	6
20170207_160121	87.7	-0.211963944	1000000.0	6
20170207_160131	87.7	-0.209666506	1000000.0	6
20170207_160141	87.9	-0.230332161	1000000.0	6
20170207_160151	87.9	-0.237216489	1000000.0	6
20170207_160201	88.1	-0.233437774	1000000.0	6
20170207_160211	88.3	-0.232775009	1000000.0	6
20170207_160221	88.4	-0.232071113	1000000.0	6
20170207_160231	85.6	-0.232001897	1000000.0	6
20170207_160241	87.9	-0.23438666	1000000.0	6
20170207_160251	88.3	-0.236374094	1000000.0	6
20170207_160301	87.9	-0.243510792	1000000.0	6
20170207_160311	89.2	-0.243747697	1000000.0	6
20170207_160321	87.9	-0.244390631	1000000.0	6
20170207_160331	88.3	-0.244628281	1000000.0	6
20170207_160341	88.6	-0.246585798	1000000.0	6
20170207_160351	88.4	-0.246502287	1000000.0	6
20170207_160401	88.8	-0.246854379	1000000.0	6
20170207_160411	89.2	-0.248619139	1000000.0	6
20170207_160421	89.4	-0.249240948	1000000.0	6
20170207_160431	89.2	-0.250355425	1000000.0	6
20170207_160441	89.8	-0.251618644	1000000.0	6
20170207_160451	90.1	-0.251416496	1000000.0	6
20170207_160501	90.3	-0.250568923	1000000.0	6
20170207_160511	90.5	-0.25057276	1000000.0	6
20170207_160521	90.3	-0.251640124	1000000.0	6
20170207_160531	89.2	-0.252530986	1000000.0	6
20170207_160541	89.8	-0.251613816	1000000.0	6
20170207_160551	89.2	-0.252912764	1000000.0	6
20170207_160601	89.0	-0.251549007	1000000.0	6
20170207_160611	89.0	-0.25137056	1000000.0	6
20170207_160621	89.2	-0.249909104	1000000.0	6
20170207_160631	89.6	-0.252247234	1000000.0	6
20170207_160641	89.8	-0.249965564	1000000.0	6
20170207_160651	90.3	-0.250315437	1000000.0	6
20170207_160701	90.7	-0.250386949	1000000.0	6
20170207_160711	90.7	-0.2503327	1000000.0	6
20170207_160721	90.1	-0.249044244	1000000.0	6
20170207_160731	90.7	-0.247608181	1000000.0	6
20170207_160741	90.3	-0.249217388	1000000.0	6
20170207_160751	90.0	-0.248260728	1000000.0	6
20170207_160801	90.1	-0.247808084	1000000.0	6
20170207_160811	90.7	-0.248268459	1000000.0	6
20170207_160821	90.9	-0.249120956	1000000.0	6
20170207_160831	91.1	-0.247867166	1000000.0	6
20170207_160841	90.3	-0.249526306	1000000.0	6
20170207_160851	90.9	-0.251324151	1000000.0	6
20170207_160901	90.3	-0.250020163	1000000.0	6
20170207_160911	90.5	-0.25000347	1000000.0	6
20170207_160921	90.5	-0.249613744	1000000.0	6
20170207_160931	91.1	-0.249825462	1000000.0	6
20170207_160941	90.7	-0.249507647	1000000.0	6
20170207_160951	89.8	-0.248858169	1000000.0	6
20170207_161001	89.8	-0.247072665	1000000.0	6
20170207_161011	89.8	-0.247678188	1000000.0	6
20170207_161021	89.4	-0.247325534	1000000.0	6
20170207_161031	89.6	-0.246455623	1000000.0	6
20170207_161041	89.6	-0.24630895	1000000.0	6
20170207_161051	89.8	-0.24672013	1000000.0	6
20170207_161101	89.8	-0.24612008	1000000.0	6
20170207_161111	90.1	-0.24535969	1000000.0	6
20170207_161121	90.7	-0.246226169	1000000.0	6
20170207_161131	91.3	-0.245777954	1000000.0	6
20170207_161141	91.8	-0.24537691	1000000.0	6
20170207_161151	91.5	-0.24547564	1000000.0	6
20170207_161201	90.7	-0.244973707	1000000.0	6
20170207_161211	90.5	-0.246457673	1000000.0	6
20170207_161221	90.7	-0.245245413	1000000.0	6
20170207_161231	90.9	-0.245265143	1000000.0	6
20170207_161241	90.9	-0.244663252	1000000.0	6
20170207_161251	91.1	-0.244721159	1000000.0	6
20170207_161301	91.1	-0.244729899	1000000.0	6
20170207_161311	91.5	-0.244204023	1000000.0	6
20170207_161321	91.5	-0.244836679	1000000.0	6
20170207_161331	91.6	-0.24498185	1000000.0	6
20170207_161341	91.8	-0.224535993	1000000.0	6
20170207_161351	92.0	-0.221635386	1000000.0	6
20170207_161401	91.8	-0.218866187	1000000.0	6
20170207_161411	91.6	-0.219996219	1000000.0	6
20170207_161421	91.6	-0.218569049	1000000.0	6
20170207_161431	91.6	-0.217236493	1000000.0	6
20170207_161441	91.6	-0.21625423	1000000.0	6
20170207_161451	91.8	-0.214235584	1000000.0	6
20170207_161501	91.8	-0.212452721	1000000.0	6
20170207_161511	91.8	-0.214224372	1000000.0	6
20170207_161521	91.6	-0.213338966	1000000.0	6
20170207_161531	91.1	-0.213533028	1000000.0	6
20170207_161541	91.1	-0.213856117	1000000.0	6
20170207_161551	91.1	-0.212441186	1000000.0	6
20170207_161601	91.1	-0.211387317	1000000.0	6
20170207_161611	91.3	-0.210159258	1000000.0	6
20170207_161621	91.3	-0.209519425	1000000.0	6
20170207_161631	91.3	-0.208527911	1000000.0	6
20170207_161641	91.5	-0.20855357	1000000.0	6
20170207_161651	91.3	-0.208512019	1000000.0	6
20170207_161701	90.7	-0.208901747	1000000.0	6
20170207_161711	91.5	-0.213380882	1000000.0	6
20170207_161721	91.5	-0.213059865	1000000.0	6
20170207_161731	91.5	-0.213865657	1000000.0	6
20170207_161741	91.5	-0.212977569	1000000.0	6
20170207_161751	91.5	-0.212580299	1000000.0	6
20170207_161801	91.6	-0.210990385	1000000.0	6
20170207_161811	91.6	-0.211868647	1000000.0	6
20170207_161821	91.8	-0.218365277	1000000.0	6
20170207_161831	91.6	-0.211208804	1000000.0	6
20170207_161841	91.8	-0.215055704	1000000.0	6
20170207_161851	91.6	-0.208779248	1000000.0	6
20170207_161901	91.6	-0.206908817	1000000.0	6
20170207_161911	91.6	-0.209789971	1000000.0	6
20170207_161921	91.6	-0.208928798	1000000.0	6
20170207_161931	91.6	-0.209549396	1000000.0	6
20170207_161941	91.1	-0.206016843	1000000.0	6
20170207_161951	90.0	-0.210094083	1000000.0	6
20170207_162001	91.3	-0.2172062	1000000.0	6
