20170315_081214	85.6	-7.31190228e-05	1000000.0	5
20170315_081224	85.4	-0.000412265849	1000000.0	5
20170315_081234	85.0	0.000289874822	1000000.0	5
20170315_081244	84.9	-4.98401051e-05	1000000.0	5
20170315_081254	85.0	-0.0405560802	1000000.0	5
20170315_081303	84.9	-0.166092771	1000000.0	5
20170315_081313	84.9	-0.195074927	1000000.0	5
20170315_081323	84.9	-0.176700009	1000000.0	5
20170315_081333	84.9	-0.162513779	1000000.0	5
20170315_081343	84.9	-0.149229803	1000000.0	5
20170315_081353	84.9	-0.130386868	1000000.0	5
20170315_081403	84.9	-0.122023726	1000000.0	5
20170315_081413	84.7	-0.109374416	1000000.0	5
20170315_081424	84.7	-0.102889669	1000000.0	5
20170315_081434	84.7	-0.092022434	1000000.0	5
20170315_081443	84.9	-0.088938105	1000000.0	5
20170315_081454	84.5	-0.0810115716	1000000.0	5
20170315_081504	84.9	-0.0775337576	1000000.0	5
20170315_081514	84.9	-0.0742086941	1000000.0	5
20170315_081524	84.9	-0.0717069885	1000000.0	5
20170315_081534	85.0	-0.0688452184	1000000.0	5
20170315_081544	85.0	-0.0673111744	1000000.0	5
20170315_081554	85.0	-0.0675130014	1000000.0	5
20170315_081604	85.0	-0.06720163	1000000.0	5
20170315_081614	84.9	-0.0664154022	1000000.0	5
20170315_081624	84.7	-0.0662651258	1000000.0	5
20170315_081634	84.9	-0.0667232308	1000000.0	5
20170315_081644	84.7	-0.064942278	1000000.0	5
20170315_081654	84.5	-0.0639137597	1000000.0	5
20170315_081704	84.7	-0.0665053226	1000000.0	5
20170315_081714	84.7	-0.0650752277	1000000.0	5
20170315_081724	84.7	-0.0645087719	1000000.0	5
20170315_081734	84.9	-0.0633932434	1000000.0	5
20170315_081744	84.9	-0.0656190675	1000000.0	5
20170315_081754	84.9	-0.0654120374	1000000.0	5
20170315_081804	84.9	-0.0669929896	1000000.0	5
20170315_081814	85.0	-0.065320387	1000000.0	5
20170315_081824	84.9	-0.0655882108	1000000.0	5
20170315_081834	84.9	-0.0683373051	1000000.0	5
20170315_081844	85.0	-0.0683381779	1000000.0	5
20170315_081854	85.0	-0.0672106202	1000000.0	5
20170315_081904	85.0	-0.0706191916	1000000.0	5
20170315_081914	85.0	-0.068768306	1000000.0	5
20170315_081924	85.0	-0.0680884033	1000000.0	5
20170315_081934	85.0	-0.0676130335	1000000.0	5
20170315_081944	85.2	-0.069714142	1000000.0	5
20170315_081954	85.2	-0.0697012216	1000000.0	5
20170315_082004	85.0	-0.0703273206	1000000.0	5
20170315_082014	85.0	-0.0701976343	1000000.0	5
20170315_082024	85.2	-0.0750888053	1000000.0	5
20170315_082034	85.0	-0.0733844605	1000000.0	5
20170315_082044	85.2	-0.0727713901	1000000.0	5
20170315_082054	85.2	-0.0744004092	1000000.0	5
20170315_082104	85.4	-0.0730847977	1000000.0	5
20170315_082114	85.4	-0.0743058383	1000000.0	5
20170315_082124	85.4	-0.0734217301	1000000.0	5
20170315_082134	85.4	-0.0733640893	1000000.0	5
20170315_082144	85.4	-0.0726524392	1000000.0	5
20170315_082154	85.2	-0.0730967922	1000000.0	5
20170315_082204	85.4	-0.0745666673	1000000.0	5
20170315_082214	85.4	-0.0754923337	1000000.0	5
20170315_082224	85.4	-0.074817593	1000000.0	5
20170315_082234	85.4	-0.0763210728	1000000.0	5
20170315_082244	85.6	-0.0745997113	1000000.0	5
20170315_082254	85.6	-0.0746194375	1000000.0	5
20170315_082304	85.4	-0.0732822264	1000000.0	5
20170315_082314	85.4	-0.0757313616	1000000.0	5
20170315_082324	85.4	-0.0738970022	1000000.0	5
20170315_082334	85.8	-0.0766228135	1000000.0	5
20170315_082344	85.4	-0.0734475173	1000000.0	5
20170315_082354	86.0	-0.0744432646	1000000.0	5
20170315_082404	85.6	-0.0564524043	1000000.0	5
20170315_082414	85.6	-0.0636392775	1000000.0	5
20170315_082424	85.2	-0.0787855273	1000000.0	5
20170315_082433	85.4	-0.104059999	1000000.0	5
20170315_082443	85.4	-0.117427308	1000000.0	5
20170315_082453	85.2	-0.114491658	1000000.0	5
20170315_082503	85.2	-0.112853146	1000000.0	5
20170315_082513	85.2	-0.114601832	1000000.0	5
20170315_082523	85.2	-0.113870142	1000000.0	5
20170315_082533	85.2	-0.114461873	1000000.0	5
20170315_082543	85.2	-0.113449789	1000000.0	5
20170315_082553	85.4	-0.113899614	1000000.0	5
20170315_082603	85.4	-0.112432038	1000000.0	5
20170315_082613	85.4	-0.112907479	1000000.0	5
20170315_082623	85.4	-0.112659893	1000000.0	5
20170315_082633	85.4	-0.112938179	1000000.0	5
20170315_082643	85.0	-0.112155949	1000000.0	5
20170315_082653	85.4	-0.112080373	1000000.0	5
20170315_082703	85.4	-0.111587422	1000000.0	5
20170315_082713	85.4	-0.111267977	1000000.0	5
20170315_082723	85.4	-0.111448319	1000000.0	5
20170315_082733	85.4	-0.109340492	1000000.0	5
20170315_082743	85.4	-0.110448296	1000000.0	5
20170315_082753	86.4	-0.108752299	1000000.0	5
20170315_082803	86.4	-0.107673751	1000000.0	5
20170315_082813	86.6	-0.107336998	1000000.0	5
20170315_082823	86.7	-0.107675017	1000000.0	5
20170315_082833	87.3	-0.107477914	1000000.0	5
20170315_082843	86.4	-0.106201388	1000000.0	5
20170315_082853	86.6	-0.107845156	1000000.0	5
20170315_082903	86.6	-0.107489925	1000000.0	5
20170315_082913	87.1	-0.106867055	1000000.0	5
20170315_082924	86.2	-0.107264062	1000000.0	5
20170315_082934	86.2	-0.107928391	1000000.0	5
20170315_082944	86.7	-0.107758904	1000000.0	5
20170315_082954	87.1	-0.107319616	1000000.0	5
20170315_083004	86.9	-0.106798941	1000000.0	5
20170315_083014	86.6	-0.10904518	1000000.0	5
20170315_083024	86.7	-0.107669485	1000000.0	5
20170315_083034	86.4	-0.108871252	1000000.0	5
20170315_083044	84.9	-0.109597185	1000000.0	5
20170315_083054	84.9	-0.109765194	1000000.0	5
20170315_083104	84.7	-0.109038432	1000000.0	5
20170315_083114	84.7	-0.108215425	1000000.0	5
20170315_083124	85.4	-0.107447078	1000000.0	5
20170315_083134	85.8	-0.110391892	1000000.0	5
20170315_083144	84.7	-0.108646309	1000000.0	5
20170315_083154	85.0	-0.106975463	1000000.0	5
20170315_083204	85.2	-0.105943973	1000000.0	5
20170315_083214	85.2	-0.108004072	1000000.0	5
20170315_083224	85.8	-0.105509631	1000000.0	5
20170315_083234	85.4	-0.1072847	1000000.0	5
20170315_083244	85.2	-0.106982649	1000000.0	5
20170315_083254	85.4	-0.108263818	1000000.0	5
20170315_083304	85.4	-0.106588058	1000000.0	5
20170315_083314	85.2	-0.108749979	1000000.0	5
20170315_083324	85.6	-0.106409549	1000000.0	5
20170315_083334	84.9	-0.105565857	1000000.0	5
20170315_083344	85.0	-0.107886693	1000000.0	5
20170315_083354	85.0	-0.105436445	1000000.0	5
20170315_083404	85.2	-0.105486189	1000000.0	5
20170315_083414	85.0	-0.106910222	1000000.0	5
20170315_083424	85.2	-0.107542069	1000000.0	5
20170315_083434	85.4	-0.10630282	1000000.0	5
20170315_083444	85.2	-0.106956035	1000000.0	5
20170315_083454	85.4	-0.108202666	1000000.0	5
20170315_083504	85.6	-0.107591828	1000000.0	5
20170315_083514	85.8	-0.108167689	1000000.0	5
20170315_083524	85.6	-0.101915503	1000000.0	5
20170315_083534	85.4	-0.0963783855	1000000.0	5
20170315_083544	85.2	-0.104802007	1000000.0	5
20170315_083554	85.4	-0.106420228	1000000.0	5
20170315_083604	85.2	-0.107029985	1000000.0	5
20170315_083614	85.4	-0.107950222	1000000.0	5
20170315_083624	85.2	-0.102411669	1000000.0	5
20170315_083634	85.2	-0.10554516	1000000.0	5
20170315_083644	85.4	-0.0615663856	1000000.0	5
20170315_083654	85.4	-0.0738360022	1000000.0	5
20170315_083704	85.2	-0.0687305878	1000000.0	5
20170315_083714	85.2	-0.0824661039	1000000.0	5
20170315_083724	85.2	-0.123470386	1000000.0	5
20170315_083734	85.2	-0.117444708	1000000.0	5
20170315_083744	85.4	-0.117683078	1000000.0	5
20170315_083754	85.6	-0.112009486	1000000.0	5
20170315_083804	85.4	-0.109349118	1000000.0	5
20170315_083814	85.6	-0.110848582	1000000.0	5
20170315_083824	85.8	-0.110119133	1000000.0	5
20170315_083834	85.6	-0.109378903	1000000.0	5
20170315_083844	85.4	-0.116437795	1000000.0	5
20170315_083854	85.6	-0.112877064	1000000.0	5
20170315_083904	85.6	-0.115102801	1000000.0	5
20170315_083914	84.9	-0.116707361	1000000.0	5
20170315_083924	85.6	-0.115202278	1000000.0	5
20170315_083934	85.6	-0.112557082	1000000.0	5
20170315_083944	85.6	-0.11180958	1000000.0	5
20170315_083954	85.4	-0.116821522	1000000.0	5
20170315_084004	85.6	-0.113743027	1000000.0	5
20170315_084014	85.2	-0.112728219	1000000.0	5
20170315_084024	85.6	-0.111829973	1000000.0	5
20170315_084034	85.6	-0.111677977	1000000.0	5
20170315_084044	85.4	-0.113130766	1000000.0	5
20170315_084054	85.8	-0.112862703	1000000.0	5
20170315_084104	86.2	-0.11335517	1000000.0	5
20170315_084114	86.0	-0.112335424	1000000.0	5
20170315_084125	85.4	-0.112250129	1000000.0	5
20170315_084134	85.6	-0.112745132	1000000.0	5
20170315_084144	86.0	-0.114357021	1000000.0	5
20170315_084154	85.4	-0.113967081	1000000.0	5
20170315_084204	85.8	-0.113570646	1000000.0	5
20170315_084214	86.0	-0.114314572	1000000.0	5
20170315_084224	86.2	-0.115521607	1000000.0	5
20170315_084234	85.4	-0.116024543	1000000.0	5
20170315_084244	85.4	-0.11554143	1000000.0	5
20170315_084254	85.4	-0.114398647	1000000.0	5
20170315_084304	85.4	-0.114509882	1000000.0	5
20170315_084314	86.2	-0.116361405	1000000.0	5
20170315_084324	85.4	-0.117254799	1000000.0	5
20170315_084334	86.2	-0.114288506	1000000.0	5
20170315_084344	85.8	-0.1161548	1000000.0	5
20170315_084354	85.6	-0.116403596	1000000.0	5
20170315_084404	86.4	-0.115518515	1000000.0	5
20170315_084414	85.8	-0.118028151	1000000.0	5
20170315_084424	86.6	-0.116120434	1000000.0	5
20170315_084434	86.2	-0.115531032	1000000.0	5
20170315_084444	86.4	-0.116170909	1000000.0	5
20170315_084454	86.6	-0.116098038	1000000.0	5
20170315_084504	86.6	-0.115102362	1000000.0	5
20170315_084514	86.6	-0.115564818	1000000.0	5
20170315_084524	86.4	-0.117182998	1000000.0	5
20170315_084534	86.4	-0.116976752	1000000.0	5
20170315_084544	86.6	-0.117609613	1000000.0	5
20170315_084554	86.7	-0.118189897	1000000.0	5
20170315_084604	86.0	-0.117105044	1000000.0	5
20170315_084614	86.2	-0.116172839	1000000.0	5
20170315_084624	86.2	-0.115783716	1000000.0	5
20170315_084634	86.2	-0.117486988	1000000.0	5
20170315_084644	86.4	-0.114598432	1000000.0	5
20170315_084654	86.6	-0.116559096	1000000.0	5
20170315_084704	86.6	-0.117235894	1000000.0	5
20170315_084714	86.6	-0.117288464	1000000.0	5
20170315_084724	86.7	-0.116430218	1000000.0	5
20170315_084734	85.8	-0.118377343	1000000.0	5
20170315_084744	85.8	-0.115666961	1000000.0	5
20170315_084754	84.3	-0.118619535	1000000.0	5
20170315_084804	84.3	-0.119962922	1000000.0	5
20170315_084814	84.3	-0.121511992	1000000.0	5
20170315_084824	84.5	-0.121686447	1000000.0	5
20170315_084834	84.5	-0.12144536	1000000.0	5
20170315_084844	84.9	-0.123054283	1000000.0	5
20170315_084854	85.0	-0.121901874	1000000.0	5
