20170301_130856	24.4	0.000158991123	1000000.0	4
20170301_130906	24.4	-0.00353742507	1000000.0	4
20170301_130916	24.4	-0.00615682071	1000000.0	4
20170301_130926	24.4	-0.00475143379	1000000.0	4
20170301_130936	24.4	-0.00458330815	1000000.0	4
20170301_130946	24.4	-0.0050275859	1000000.0	4
20170301_130956	24.4	-0.0171149406	1000000.0	4
20170301_131006	24.2	-0.00572549688	1000000.0	4
20170301_131016	24.4	-0.00618789775	1000000.0	4
20170301_131026	24.4	-0.00598540902	1000000.0	4
20170301_131036	24.2	-0.00581889136	1000000.0	4
20170301_131046	24.2	-0.00637821417	1000000.0	4
20170301_131056	24.2	-0.00536334132	1000000.0	4
20170301_131106	24.2	-0.0080830718	1000000.0	4
20170301_131116	24.2	-0.00656008763	1000000.0	4
20170301_131126	24.4	-0.00828044812	1000000.0	4
20170301_131136	24.2	-0.00609452205	1000000.0	4
20170301_131146	24.4	-0.00552929239	1000000.0	4
20170301_131156	24.2	-0.00602561223	1000000.0	4
20170301_131206	24.2	-0.00564037618	1000000.0	4
20170301_131216	24.2	-0.00643545425	1000000.0	4
20170301_131226	24.2	-0.00625375453	1000000.0	4
20170301_131236	24.0	-0.00558210962	1000000.0	4
20170301_131246	24.2	-0.00617700308	1000000.0	4
20170301_131256	24.2	-0.00551977001	1000000.0	4
20170301_131306	24.2	-0.00588617014	1000000.0	4
20170301_131316	24.2	-0.0055799382	1000000.0	4
20170301_131326	24.2	-0.00547631485	1000000.0	4
20170301_131336	24.4	-0.00517484449	1000000.0	4
20170301_131346	24.8	-0.00623640578	1000000.0	4
20170301_131356	25.3	-0.00555452263	1000000.0	4
20170301_131406	26.1	-0.00685413521	1000000.0	4
20170301_131416	26.7	-0.00544927312	1000000.0	4
20170301_131426	27.5	-0.00655911049	1000000.0	4
20170301_131436	28.2	-0.00685807434	1000000.0	4
20170301_131446	28.8	-0.00622340087	1000000.0	4
20170301_131456	29.4	-0.00632601517	1000000.0	4
20170301_131506	30.0	-0.00726202729	1000000.0	4
20170301_131516	30.5	-0.00693426342	1000000.0	4
20170301_131526	31.1	-0.00742464331	1000000.0	4
20170301_131536	31.7	-0.0075073581	1000000.0	4
20170301_131546	32.3	-0.00813181498	1000000.0	4
20170301_131556	32.8	-0.00871323712	1000000.0	4
20170301_131606	33.4	-0.0102605625	1000000.0	4
20170301_131616	34.0	-0.0094696053	1000000.0	4
20170301_131626	34.8	-0.0100920681	1000000.0	4
20170301_131636	35.3	-0.0116592722	1000000.0	4
20170301_131646	36.1	-0.0103278516	1000000.0	4
20170301_131656	36.7	-0.0103507803	1000000.0	4
20170301_131706	37.3	-0.01017883	1000000.0	4
20170301_131716	37.8	-0.0113428871	1000000.0	4
20170301_131726	38.6	-0.0109758112	1000000.0	4
20170301_131736	39.2	-0.0122390371	1000000.0	4
20170301_131746	39.8	-0.0127603904	1000000.0	4
20170301_131756	40.3	-0.0126263371	1000000.0	4
20170301_131806	40.9	-0.0249615059	1000000.0	4
20170301_131816	41.5	-0.017418896	1000000.0	4
20170301_131826	42.2	-0.0177150236	1000000.0	4
20170301_131836	42.6	-0.0188727444	1000000.0	4
20170301_131846	43.0	-0.0191642326	1000000.0	4
20170301_131856	43.5	-0.0194864138	1000000.0	4
20170301_131906	44.3	-0.019385111	1000000.0	4
20170301_131916	44.7	-0.0210139703	1000000.0	4
20170301_131926	45.2	-0.0213306151	1000000.0	4
20170301_131936	45.6	-0.0201340306	1000000.0	4
20170301_131946	46.2	-0.0212022572	1000000.0	4
20170301_131956	46.6	-0.0132207881	1000000.0	4
20170301_132006	47.1	-0.015796686	1000000.0	4
20170301_132016	47.7	-0.0163201623	1000000.0	4
20170301_132026	48.3	-0.025726749	1000000.0	4
20170301_132036	48.6	-0.0144602746	1000000.0	4
20170301_132046	49.2	-0.0179407977	1000000.0	4
20170301_132056	49.8	-0.017475948	1000000.0	4
20170301_132106	50.3	-0.0187020259	1000000.0	4
20170301_132116	50.7	-0.0206084749	1000000.0	4
20170301_132126	51.3	-0.0190791361	1000000.0	4
20170301_132136	51.1	-0.0279065326	1000000.0	4
20170301_132146	51.8	-0.026423418	1000000.0	4
20170301_132156	52.4	-0.0262306678	1000000.0	4
20170301_132206	52.8	-0.0255184573	1000000.0	4
20170301_132216	53.2	-0.0274245866	1000000.0	4
20170301_132226	53.7	-0.0283758551	1000000.0	4
20170301_132236	54.3	-0.028578345	1000000.0	4
20170301_132246	54.7	-0.0203905892	1000000.0	4
20170301_132256	54.9	-0.0236240448	1000000.0	4
20170301_132306	55.4	-0.0232516992	1000000.0	4
20170301_132316	56.0	-0.0227007366	1000000.0	4
20170301_132326	56.4	-0.0236136024	1000000.0	4
20170301_132336	56.9	-0.02616662	1000000.0	4
20170301_132346	57.3	-0.0231478736	1000000.0	4
20170301_132356	57.7	-0.0250696597	1000000.0	4
20170301_132406	58.1	-0.0262536137	1000000.0	4
20170301_132416	58.4	-0.0268696992	1000000.0	4
20170301_132426	58.8	-0.0259477436	1000000.0	4
20170301_132436	59.0	-0.0262580274	1000000.0	4
20170301_132446	59.2	-0.027931321	1000000.0	4
20170301_132456	59.6	-0.0266123903	1000000.0	4
20170301_132506	60.1	-0.0278219193	1000000.0	4
20170301_132516	60.3	-0.0281585838	1000000.0	4
20170301_132526	60.7	-0.0283697525	1000000.0	4
20170301_132536	61.3	-0.0282969664	1000000.0	4
20170301_132546	61.6	-0.0270016584	1000000.0	4
20170301_132556	61.8	-0.029724311	1000000.0	4
20170301_132606	62.4	-0.0292070378	1000000.0	4
20170301_132616	62.6	-0.0288360742	1000000.0	4
20170301_132626	63.0	-0.0305182218	1000000.0	4
20170301_132636	63.3	-0.027029522	1000000.0	4
20170301_132646	63.5	-0.0301089528	1000000.0	4
20170301_132656	63.9	-0.0304173888	1000000.0	4
20170301_132706	64.3	-0.0324410787	1000000.0	4
20170301_132716	64.5	-0.0322105608	1000000.0	4
20170301_132726	64.9	-0.0337894601	1000000.0	4
20170301_132736	65.2	-0.0333819934	1000000.0	4
20170301_132746	65.2	-0.035274448	1000000.0	4
20170301_132756	65.8	-0.0341976587	1000000.0	4
20170301_132806	66.2	-0.0341609912	1000000.0	4
20170301_132816	66.2	-0.034066507	1000000.0	4
20170301_132826	66.7	-0.0358771842	1000000.0	4
20170301_132836	67.1	-0.0346874117	1000000.0	4
20170301_132846	67.3	-0.036021909	1000000.0	4
20170301_132856	67.7	-0.0360380776	1000000.0	4
20170301_132906	67.7	-0.0362385342	1000000.0	4
20170301_132916	68.1	-0.0380101231	1000000.0	4
20170301_132926	68.3	-0.0369832096	1000000.0	4
20170301_132936	68.8	-0.0374281988	1000000.0	4
20170301_132946	69.0	-0.0376760656	1000000.0	4
20170301_132956	69.2	-0.0381402697	1000000.0	4
20170301_133006	69.4	-0.0407149204	1000000.0	4
20170301_133016	69.8	-0.0393087201	1000000.0	4
20170301_133026	70.0	-0.0407459117	1000000.0	4
20170301_133036	70.1	-0.0402559164	1000000.0	4
20170301_133046	70.5	-0.0403601485	1000000.0	4
20170301_133056	70.7	-0.0418914561	1000000.0	4
20170301_133106	70.7	-0.0420280611	1000000.0	4
20170301_133116	71.1	-0.0420994999	1000000.0	4
20170301_133126	71.3	-0.0420186938	1000000.0	4
20170301_133136	71.5	-0.0435696749	1000000.0	4
20170301_133146	71.8	-0.0427647474	1000000.0	4
20170301_133156	72.2	-0.0447460173	1000000.0	4
20170301_133206	72.2	-0.0451103864	1000000.0	4
20170301_133216	72.4	-0.0439726141	1000000.0	4
20170301_133226	72.6	-0.0448415444	1000000.0	4
20170301_133236	72.8	-0.0464642471	1000000.0	4
20170301_133246	73.2	-0.0462753788	1000000.0	4
20170301_133256	73.3	-0.0451050085	1000000.0	4
20170301_133306	73.2	-0.0469957416	1000000.0	4
20170301_133316	73.3	-0.0475464708	1000000.0	4
20170301_133326	73.7	-0.0477298837	1000000.0	4
20170301_133336	73.9	-0.0489239695	1000000.0	4
20170301_133346	74.5	-0.0501797469	1000000.0	4
20170301_133356	74.3	-0.0491832014	1000000.0	4
20170301_133406	74.1	-0.0501609826	1000000.0	4
20170301_133416	74.5	-0.0494997034	1000000.0	4
20170301_133426	74.7	-0.0503865098	1000000.0	4
20170301_133436	75.0	-0.0511107854	1000000.0	4
20170301_133446	75.2	-0.050907113	1000000.0	4
20170301_133456	75.2	-0.052600001	1000000.0	4
20170301_133506	75.4	-0.0530386449	1000000.0	4
20170301_133516	75.6	-0.0521070945	1000000.0	4
20170301_133526	75.8	-0.0528185132	1000000.0	4
20170301_133536	76.0	-0.0520111726	1000000.0	4
20170301_133546	75.8	-0.054279387	1000000.0	4
20170301_133556	76.0	-0.0557667693	1000000.0	4
20170301_133606	76.4	-0.0550934874	1000000.0	4
20170301_133616	76.2	-0.0545471527	1000000.0	4
20170301_133626	76.9	-0.0542288118	1000000.0	4
20170301_133636	76.7	-0.0538829467	1000000.0	4
20170301_133646	76.7	-0.0535850648	1000000.0	4
20170301_133656	76.7	-0.0537524173	1000000.0	4
20170301_133706	76.9	-0.0537879592	1000000.0	4
20170301_133716	77.3	-0.0531305253	1000000.0	4
20170301_133726	77.3	-0.0536074273	1000000.0	4
20170301_133736	77.5	-0.0540214441	1000000.0	4
20170301_133746	77.5	-0.0547270906	1000000.0	4
20170301_133756	77.7	-0.0552256103	1000000.0	4
20170301_133806	77.7	-0.0543562449	1000000.0	4
20170301_133816	78.1	-0.0573301587	1000000.0	4
20170301_133826	78.1	-0.0572491422	1000000.0	4
20170301_133836	78.3	-0.057847636	1000000.0	4
20170301_133846	78.4	-0.0581350255	1000000.0	4
20170301_133856	78.4	-0.056196947	1000000.0	4
20170301_133906	78.4	-0.0572532314	1000000.0	4
20170301_133916	78.8	-0.0582770657	1000000.0	4
20170301_133926	78.8	-0.0585316892	1000000.0	4
20170301_133936	79.2	-0.0589830071	1000000.0	4
20170301_133946	79.4	-0.0608597879	1000000.0	4
20170301_133956	79.4	-0.0601674192	1000000.0	4
20170301_134006	79.4	-0.0616992397	1000000.0	4
20170301_134016	79.6	-0.0597713145	1000000.0	4
20170301_134026	79.8	-0.0605969003	1000000.0	4
20170301_134036	80.0	-0.0629879683	1000000.0	4
20170301_134046	80.1	-0.0622789989	1000000.0	4
20170301_134056	80.3	-0.0646834652	1000000.0	4
20170301_134106	80.3	-0.0644855977	1000000.0	4
20170301_134116	80.5	-0.0650981322	1000000.0	4
20170301_134126	80.5	-0.0670992925	1000000.0	4
20170301_134136	80.7	-0.0674107909	1000000.0	4
20170301_134146	81.1	-0.0702097694	1000000.0	4
20170301_134156	81.1	-0.0695132662	1000000.0	4
20170301_134206	81.5	-0.0658832702	1000000.0	4
20170301_134216	81.5	-0.069677409	1000000.0	4
20170301_134226	81.6	-0.0686647265	1000000.0	4
20170301_134236	81.8	-0.0678135931	1000000.0	4
20170301_134246	81.8	-0.0703267939	1000000.0	4
20170301_134256	82.0	-0.071414584	1000000.0	4
20170301_134306	82.2	-0.0715146747	1000000.0	4
20170301_134316	82.4	-0.0736432605	1000000.0	4
20170301_134326	82.6	-0.0745220572	1000000.0	4
20170301_134336	82.4	-0.073388473	1000000.0	4
20170301_134346	82.4	-0.0788263027	1000000.0	4
20170301_134356	82.8	-0.0761678329	1000000.0	4
20170301_134406	82.6	-0.0780323933	1000000.0	4
20170301_134416	82.6	-0.0780969164	1000000.0	4
20170301_134426	82.8	-0.0814164955	1000000.0	4
20170301_134436	82.8	-0.0796400616	1000000.0	4
20170301_134446	82.6	-0.0837810695	1000000.0	4
20170301_134456	82.6	-0.0821768241	1000000.0	4
20170301_134506	81.8	-0.0816310348	1000000.0	4
20170301_134516	81.3	-0.0824543565	1000000.0	4
20170301_134526	81.1	-0.0853407923	1000000.0	4
20170301_134536	81.1	-0.086672852	1000000.0	4
20170301_134546	80.9	-0.0875309287	1000000.0	4
20170301_134556	81.3	-0.0899218164	1000000.0	4
20170301_134606	81.1	-0.0890715801	1000000.0	4
20170301_134616	81.1	-0.0898431367	1000000.0	4
20170301_134626	81.3	-0.0928234714	1000000.0	4
20170301_134636	81.5	-0.0929012831	1000000.0	4
20170301_134646	81.5	-0.0955818355	1000000.0	4
20170301_134656	81.6	-0.093044314	1000000.0	4
20170301_134706	81.5	-0.0966688581	1000000.0	4
20170301_134716	81.6	-0.0968776023	1000000.0	4
20170301_134726	81.6	-0.0990066383	1000000.0	4
20170301_134736	81.8	-0.0989278028	1000000.0	4
20170301_134746	81.8	-0.100706451	1000000.0	4
20170301_134756	81.8	-0.101297313	1000000.0	4
20170301_134806	82.2	-0.100973394	1000000.0	4
20170301_134816	82.2	-0.100418406	1000000.0	4
20170301_134826	82.2	-0.0996662287	1000000.0	4
20170301_134836	82.0	-0.102508316	1000000.0	4
20170301_134846	82.4	-0.102342767	1000000.0	4
20170301_134856	82.4	-0.101355182	1000000.0	4
20170301_134906	82.4	-0.102542043	1000000.0	4
20170301_134916	82.4	-0.103622901	1000000.0	4
20170301_134926	82.2	-0.102847223	1000000.0	4
20170301_134935	82.4	-0.105868075	1000000.0	4
20170301_134946	82.4	-0.104657974	1000000.0	4
20170301_134956	82.4	-0.104725847	1000000.0	4
20170301_135006	82.4	-0.105855051	1000000.0	4
20170301_135016	82.6	-0.105693533	1000000.0	4
20170301_135026	82.6	-0.103924461	1000000.0	4
20170301_135036	82.6	-0.106592535	1000000.0	4
20170301_135046	82.6	-0.104761853	1000000.0	4
20170301_135056	82.6	-0.107675135	1000000.0	4
20170301_135106	82.4	-0.107898343	1000000.0	4
20170301_135116	82.6	-0.108516249	1000000.0	4
20170301_135126	82.6	-0.110288802	1000000.0	4
20170301_135136	82.4	-0.109504875	1000000.0	4
20170301_135146	82.8	-0.108404329	1000000.0	4
20170301_135156	82.8	-0.108921951	1000000.0	4
20170301_135206	83.0	-0.110712392	1000000.0	4
20170301_135215	83.0	-0.11132618	1000000.0	4
20170301_135226	83.2	-0.111918175	1000000.0	4
20170301_135236	83.0	-0.111400088	1000000.0	4
20170301_135246	83.2	-0.113446396	1000000.0	4
20170301_135256	83.2	-0.112952393	1000000.0	4
20170301_135306	83.2	-0.113897528	1000000.0	4
20170301_135316	83.3	-0.112659622	1000000.0	4
20170301_135326	83.3	-0.11391065	1000000.0	4
20170301_135336	83.2	-0.115988106	1000000.0	4
20170301_135346	83.2	-0.114729126	1000000.0	4
20170301_135356	83.2	-0.114625263	1000000.0	4
20170301_135406	83.3	-0.11503152	1000000.0	4
20170301_135416	83.3	-0.115665537	1000000.0	4
20170301_135426	83.3	-0.11569797	1000000.0	4
20170301_135436	83.3	-0.115484585	1000000.0	4
20170301_135446	83.3	-0.115451127	1000000.0	4
20170301_135456	83.3	-0.118465899	1000000.0	4
20170301_135506	83.3	-0.118233172	1000000.0	4
20170301_135516	83.5	-0.118418861	1000000.0	4
20170301_135526	83.3	-0.118780301	1000000.0	4
20170301_135536	83.7	-0.118945935	1000000.0	4
20170301_135546	83.3	-0.120626798	1000000.0	4
20170301_135556	83.3	-0.119991952	1000000.0	4
20170301_135606	83.7	-0.119583371	1000000.0	4
20170301_135616	83.5	-0.12179457	1000000.0	4
20170301_135626	83.5	-0.125270166	1000000.0	4
20170301_135636	83.7	-0.123670978	1000000.0	4
20170301_135646	83.5	-0.124558818	1000000.0	4
20170301_135656	83.7	-0.123693485	1000000.0	4
20170301_135706	83.7	-0.12316033	1000000.0	4
20170301_135716	83.9	-0.127210611	1000000.0	4
20170301_135726	84.1	-0.128799319	1000000.0	4
20170301_135736	84.1	-0.127652069	1000000.0	4
20170301_135746	84.3	-0.126137026	1000000.0	4
20170301_135756	85.0	-0.127251856	1000000.0	4
20170301_135806	85.8	-0.12983392	1000000.0	4
20170301_135816	84.9	-0.131442074	1000000.0	4
20170301_135826	85.4	-0.129850014	1000000.0	4
20170301_135836	85.0	-0.130070492	1000000.0	4
20170301_135846	85.4	-0.127533119	1000000.0	4
20170301_135856	84.9	-0.129347489	1000000.0	4
20170301_135906	84.9	-0.129796819	1000000.0	4
20170301_135916	84.9	-0.13260565	1000000.0	4
20170301_135926	84.5	-0.133646486	1000000.0	4
20170301_135936	84.7	-0.132599834	1000000.0	4
20170301_135946	84.5	-0.134428218	1000000.0	4
20170301_135956	84.5	-0.134304791	1000000.0	4
20170301_140006	84.5	-0.136410137	1000000.0	4
20170301_140016	84.7	-0.135127761	1000000.0	4
20170301_140026	84.7	-0.137458705	1000000.0	4
20170301_140036	84.9	-0.137711418	1000000.0	4
20170301_140046	84.9	-0.141213132	1000000.0	4
20170301_140056	84.7	-0.139305088	1000000.0	4
20170301_140106	84.5	-0.140208535	1000000.0	4
20170301_140116	84.9	-0.142434843	1000000.0	4
20170301_140126	84.9	-0.143885603	1000000.0	4
20170301_140136	84.9	-0.146486348	1000000.0	4
20170301_140146	84.7	-0.146152505	1000000.0	4
20170301_140156	84.9	-0.144382207	1000000.0	4
20170301_140206	84.5	-0.142435511	1000000.0	4
20170301_140216	84.9	-0.14412306	1000000.0	4
20170301_140226	85.0	-0.143290449	1000000.0	4
20170301_140236	85.0	-0.147862808	1000000.0	4
20170301_140246	85.0	-0.15070082	1000000.0	4
20170301_140256	85.0	-0.148269339	1000000.0	4
20170301_140306	85.0	-0.151636382	1000000.0	4
20170301_140316	85.0	-0.152702305	1000000.0	4
20170301_140326	85.0	-0.152659268	1000000.0	4
20170301_140336	85.2	-0.155981451	1000000.0	4
20170301_140346	85.2	-0.157424525	1000000.0	4
20170301_140356	85.2	-0.15522235	1000000.0	4
20170301_140406	85.2	-0.155590169	1000000.0	4
20170301_140416	85.2	-0.158075351	1000000.0	4
20170301_140426	85.4	-0.160588038	1000000.0	4
20170301_140436	85.4	-0.162084315	1000000.0	4
20170301_140446	85.4	-0.164996195	1000000.0	4
20170301_140456	85.4	-0.164979483	1000000.0	4
20170301_140506	85.6	-0.168320483	1000000.0	4
20170301_140516	85.4	-0.171118219	1000000.0	4
20170301_140526	85.4	-0.172571417	1000000.0	4
20170301_140536	85.4	-0.171745942	1000000.0	4
20170301_140546	85.4	-0.174683605	1000000.0	4
20170301_140556	85.6	-0.175145097	1000000.0	4
20170301_140606	85.6	-0.177440733	1000000.0	4
20170301_140616	85.4	-0.179156844	1000000.0	4
20170301_140626	85.8	-0.181268932	1000000.0	4
20170301_140636	85.6	-0.184058867	1000000.0	4
20170301_140646	85.6	-0.184447501	1000000.0	4
20170301_140656	85.8	-0.18669487	1000000.0	4
20170301_140706	85.8	-0.191096946	1000000.0	4
20170301_140716	85.8	-0.194003049	1000000.0	4
20170301_140726	85.8	-0.195001685	1000000.0	4
20170301_140736	86.0	-0.198816123	1000000.0	4
20170301_140746	86.0	-0.202399918	1000000.0	4
20170301_140756	86.0	-0.201785841	1000000.0	4
20170301_140806	85.8	-0.203481955	1000000.0	4
20170301_140816	86.0	-0.205912348	1000000.0	4
20170301_140826	86.2	-0.209473291	1000000.0	4
20170301_140836	86.0	-0.210833767	1000000.0	4
20170301_140846	86.2	-0.213697926	1000000.0	4
20170301_140856	86.2	-0.216052022	1000000.0	4
20170301_140906	86.2	-0.217799041	1000000.0	4
20170301_140916	86.0	-0.219208458	1000000.0	4
20170301_140926	86.4	-0.220774071	1000000.0	4
20170301_140936	86.2	-0.222305912	1000000.0	4
20170301_140945	86.4	-0.222157002	1000000.0	4
20170301_140956	86.2	-0.225042864	1000000.0	4
20170301_141006	86.7	-0.226704159	1000000.0	4
20170301_141016	86.6	-0.227905687	1000000.0	4
20170301_141026	86.4	-0.229485294	1000000.0	4
20170301_141036	87.1	-0.232069554	1000000.0	4
20170301_141046	86.6	-0.23113984	1000000.0	4
20170301_141056	86.2	-0.234514559	1000000.0	4
20170301_141106	86.6	-0.234143877	1000000.0	4
20170301_141116	86.4	-0.23451309	1000000.0	4
20170301_141126	86.4	-0.238907401	1000000.0	4
20170301_141136	86.4	-0.239864568	1000000.0	4
20170301_141146	86.4	-0.240467401	1000000.0	4
20170301_141156	86.6	-0.243604508	1000000.0	4
20170301_141206	86.4	-0.244098575	1000000.0	4
20170301_141216	86.4	-0.247840683	1000000.0	4
20170301_141225	86.4	-0.247949782	1000000.0	4
20170301_141236	86.2	-0.249522595	1000000.0	4
20170301_141246	86.0	-0.24969943	1000000.0	4
20170301_141256	86.2	-0.253209152	1000000.0	4
20170301_141306	86.2	-0.255400127	1000000.0	4
20170301_141316	86.2	-0.2543062	1000000.0	4
20170301_141325	82.0	-0.256303582	1000000.0	4
20170301_141336	84.3	-0.257107062	1000000.0	4
20170301_141346	84.5	-0.259730881	1000000.0	4
20170301_141355	85.8	-0.260862691	1000000.0	4
20170301_141405	85.6	-0.261224857	1000000.0	4
20170301_141415	85.8	-0.263427636	1000000.0	4
20170301_141426	85.6	-0.265279835	1000000.0	4
20170301_141435	85.8	-0.267263819	1000000.0	4
20170301_141445	85.6	-0.27011711	1000000.0	4
20170301_141456	85.4	-0.269108386	1000000.0	4
20170301_141505	85.6	-0.268964295	1000000.0	4
20170301_141515	86.0	-0.270316342	1000000.0	4
20170301_141526	85.8	-0.273731434	1000000.0	4
20170301_141535	86.0	-0.27306725	1000000.0	4
20170301_141545	86.4	-0.275605793	1000000.0	4
20170301_141555	86.0	-0.275271186	1000000.0	4
20170301_141605	86.2	-0.277334811	1000000.0	4
20170301_141615	86.0	-0.279094511	1000000.0	4
20170301_141625	85.6	-0.279817887	1000000.0	4
20170301_141635	85.8	-0.280804208	1000000.0	4
20170301_141645	85.8	-0.282597305	1000000.0	4
20170301_141655	86.0	-0.283592726	1000000.0	4
20170301_141705	86.7	-0.284851183	1000000.0	4
20170301_141715	86.7	-0.284992822	1000000.0	4
20170301_141725	86.0	-0.286741977	1000000.0	4
20170301_141735	85.8	-0.288054286	1000000.0	4
20170301_141745	85.8	-0.2884977	1000000.0	4
20170301_141755	85.6	-0.291696102	1000000.0	4
20170301_141805	86.0	-0.291714217	1000000.0	4
20170301_141815	86.0	-0.292849141	1000000.0	4
20170301_141825	86.2	-0.293228376	1000000.0	4
20170301_141835	86.0	-0.293645286	1000000.0	4
20170301_141845	86.2	-0.294643518	1000000.0	4
20170301_141856	86.2	-0.297188767	1000000.0	4
20170301_141905	86.2	-0.29752103	1000000.0	4
20170301_141915	85.8	-0.297313445	1000000.0	4
20170301_141925	85.2	-0.298896138	1000000.0	4
20170301_141935	84.9	-0.299465638	1000000.0	4
20170301_141945	84.9	-0.301597008	1000000.0	4
20170301_141955	84.9	-0.301989695	1000000.0	4
20170301_142005	85.0	-0.304174316	1000000.0	4
20170301_142015	85.2	-0.303436257	1000000.0	4
20170301_142025	85.0	-0.304016795	1000000.0	4
20170301_142035	84.9	-0.305663183	1000000.0	4
20170301_142045	85.2	-0.305071369	1000000.0	4
20170301_142055	85.2	-0.306139361	1000000.0	4
20170301_142105	85.2	-0.306143045	1000000.0	4
20170301_142115	85.2	-0.307467324	1000000.0	4
20170301_142125	85.2	-0.309011854	1000000.0	4
20170301_142135	85.4	-0.310624261	1000000.0	4
20170301_142145	85.4	-0.310771257	1000000.0	4
20170301_142155	85.4	-0.311585729	1000000.0	4
20170301_142205	86.2	-0.31201336	1000000.0	4
20170301_142215	85.8	-0.312237988	1000000.0	4
20170301_142225	86.2	-0.313801425	1000000.0	4
20170301_142235	86.0	-0.314875958	1000000.0	4
20170301_142245	86.2	-0.316254665	1000000.0	4
20170301_142255	86.0	-0.316232855	1000000.0	4
20170301_142305	86.2	-0.310968092	1000000.0	4
20170301_142315	86.0	-0.316683278	1000000.0	4
20170301_142325	86.2	-0.317237429	1000000.0	4
20170301_142335	86.4	-0.318067915	1000000.0	4
20170301_142345	86.4	-0.32023963	1000000.0	4
20170301_142355	86.2	-0.32093264	1000000.0	4
20170301_142405	86.4	-0.321892996	1000000.0	4
20170301_142415	86.4	-0.319593948	1000000.0	4
20170301_142425	86.2	-0.322443826	1000000.0	4
20170301_142435	86.2	-0.323874607	1000000.0	4
20170301_142445	86.4	-0.323779227	1000000.0	4
20170301_142455	86.6	-0.324041011	1000000.0	4
20170301_142505	86.4	-0.324376114	1000000.0	4
20170301_142515	86.6	-0.325150915	1000000.0	4
20170301_142525	86.7	-0.325903901	1000000.0	4
20170301_142535	86.7	-0.325930565	1000000.0	4
20170301_142545	86.6	-0.327128224	1000000.0	4
20170301_142555	86.7	-0.32794149	1000000.0	4
20170301_142605	86.6	-0.327571633	1000000.0	4
20170301_142615	86.6	-0.329443943	1000000.0	4
20170301_142625	86.7	-0.329066119	1000000.0	4
20170301_142635	86.6	-0.330587074	1000000.0	4
20170301_142645	86.7	-0.33409198	1000000.0	4
20170301_142655	86.6	-0.332736605	1000000.0	4
20170301_142705	86.7	-0.331562709	1000000.0	4
20170301_142715	86.7	-0.332043953	1000000.0	4
20170301_142725	86.7	-0.332395336	1000000.0	4
20170301_142735	86.6	-0.331774753	1000000.0	4
20170301_142745	86.7	-0.334061027	1000000.0	4
20170301_142755	86.6	-0.333807602	1000000.0	4
20170301_142805	86.7	-0.337103209	1000000.0	4
20170301_142815	86.2	-0.334952144	1000000.0	4
20170301_142825	86.6	-0.335528764	1000000.0	4
20170301_142835	87.3	-0.3362113	1000000.0	4
20170301_142845	86.6	-0.336780203	1000000.0	4
20170301_142855	86.6	-0.33611251	1000000.0	4
20170301_142905	86.7	-0.337153608	1000000.0	4
20170301_142915	86.9	-0.337840412	1000000.0	4
20170301_142925	86.7	-0.339461895	1000000.0	4
20170301_142935	86.6	-0.339035068	1000000.0	4
20170301_142945	86.9	-0.339457934	1000000.0	4
20170301_142955	86.6	-0.340713449	1000000.0	4
20170301_143006	86.7	-0.340106784	1000000.0	4
20170301_143016	87.1	-0.339651497	1000000.0	4
20170301_143025	86.4	-0.340742802	1000000.0	4
20170301_143035	86.6	-0.341011514	1000000.0	4
20170301_143045	86.4	-0.341003802	1000000.0	4
20170301_143055	87.1	-0.34234184	1000000.0	4
20170301_143105	87.1	-0.343647407	1000000.0	4
20170301_143115	86.6	-0.344406923	1000000.0	4
20170301_143125	86.6	-0.343105368	1000000.0	4
20170301_143135	86.7	-0.34320262	1000000.0	4
20170301_143145	86.9	-0.343036763	1000000.0	4
20170301_143155	86.7	-0.344628363	1000000.0	4
20170301_143205	86.7	-0.344826194	1000000.0	4
20170301_143215	86.7	-0.343550382	1000000.0	4
20170301_143225	86.6	-0.344886598	1000000.0	4
20170301_143235	87.1	-0.345737045	1000000.0	4
20170301_143245	86.6	-0.34753219	1000000.0	4
20170301_143255	86.7	-0.34604406	1000000.0	4
20170301_143305	87.3	-0.346605755	1000000.0	4
20170301_143315	86.9	-0.34698518	1000000.0	4
20170301_143325	87.1	-0.347000385	1000000.0	4
20170301_143335	86.6	-0.34737503	1000000.0	4
20170301_143345	85.8	-0.34812585	1000000.0	4
20170301_143355	86.0	-0.348502258	1000000.0	4
20170301_143405	86.4	-0.347559006	1000000.0	4
20170301_143415	86.2	-0.349089018	1000000.0	4
20170301_143425	86.4	-0.349360847	1000000.0	4
20170301_143435	86.2	-0.34871501	1000000.0	4
20170301_143445	86.4	-0.349142457	1000000.0	4
20170301_143455	86.4	-0.351198556	1000000.0	4
20170301_143505	86.4	-0.349722103	1000000.0	4
20170301_143515	86.6	-0.349895716	1000000.0	4
20170301_143525	86.6	-0.350605481	1000000.0	4
20170301_143535	86.6	-0.351249803	1000000.0	4
20170301_143545	86.6	-0.351441895	1000000.0	4
20170301_143555	86.7	-0.352413703	1000000.0	4
20170301_143605	86.7	-0.352729831	1000000.0	4
20170301_143615	86.7	-0.352303539	1000000.0	4
20170301_143625	86.7	-0.35100282	1000000.0	4
20170301_143635	87.1	-0.354735748	1000000.0	4
20170301_143645	86.7	-0.351766487	1000000.0	4
20170301_143655	87.1	-0.35732833	1000000.0	4
20170301_143705	86.9	-0.354331633	1000000.0	4
20170301_143715	87.1	-0.354672806	1000000.0	4
20170301_143725	87.1	-0.35401037	1000000.0	4
20170301_143735	87.1	-0.354092139	1000000.0	4
20170301_143745	87.3	-0.353403133	1000000.0	4
20170301_143755	87.3	-0.353395999	1000000.0	4
20170301_143805	86.7	-0.354079377	1000000.0	4
20170301_143815	87.1	-0.353469783	1000000.0	4
20170301_143825	86.9	-0.353461418	1000000.0	4
20170301_143835	87.1	-0.354850119	1000000.0	4
20170301_143845	87.1	-0.355614139	1000000.0	4
20170301_143855	87.1	-0.355707862	1000000.0	4
20170301_143905	87.3	-0.354431769	1000000.0	4
20170301_143915	87.1	-0.353272521	1000000.0	4
20170301_143925	87.1	-0.354176869	1000000.0	4
20170301_143935	87.1	-0.35490448	1000000.0	4
20170301_143945	87.3	-0.35430385	1000000.0	4
20170301_143955	87.3	-0.355182715	1000000.0	4
20170301_144005	87.3	-0.354661111	1000000.0	4
20170301_144015	87.3	-0.353569279	1000000.0	4
20170301_144025	87.3	-0.355034952	1000000.0	4
20170301_144035	87.3	-0.356443202	1000000.0	4
20170301_144045	87.3	-0.35463111	1000000.0	4
20170301_144055	87.5	-0.355570673	1000000.0	4
20170301_144105	87.5	-0.356255104	1000000.0	4
20170301_144115	87.5	-0.356392167	1000000.0	4
20170301_144125	87.5	-0.355369048	1000000.0	4
20170301_144135	87.5	-0.356026968	1000000.0	4
20170301_144145	87.7	-0.359916389	1000000.0	4
20170301_144155	87.9	-0.358733153	1000000.0	4
20170301_144205	87.3	-0.358590584	1000000.0	4
20170301_144215	87.5	-0.361218749	1000000.0	4
20170301_144225	87.9	-0.359116547	1000000.0	4
20170301_144235	87.9	-0.357559877	1000000.0	4
20170301_144245	87.9	-0.357550326	1000000.0	4
20170301_144255	87.9	-0.359704486	1000000.0	4
20170301_144305	88.1	-0.360047844	1000000.0	4
20170301_144315	88.1	-0.360346682	1000000.0	4
20170301_144325	88.1	-0.358068389	1000000.0	4
20170301_144335	88.1	-0.359562448	1000000.0	4
20170301_144345	87.9	-0.359813	1000000.0	4
20170301_144355	88.1	-0.362819495	1000000.0	4
20170301_144405	88.3	-0.361937764	1000000.0	4
20170301_144415	88.4	-0.362275725	1000000.0	4
20170301_144426	88.1	-0.36202169	1000000.0	4
20170301_144435	88.1	-0.362732485	1000000.0	4
20170301_144446	88.3	-0.361593793	1000000.0	4
20170301_144456	88.1	-0.36347169	1000000.0	4
20170301_144505	86.7	-0.362386733	1000000.0	4
20170301_144515	87.3	-0.359630861	1000000.0	4
20170301_144525	87.7	-0.360621496	1000000.0	4
20170301_144535	87.5	-0.361596844	1000000.0	4
20170301_144545	87.3	-0.364319627	1000000.0	4
20170301_144555	87.1	-0.362831858	1000000.0	4
20170301_144605	87.5	-0.362646584	1000000.0	4
20170301_144615	86.9	-0.3640698	1000000.0	4
20170301_144625	86.9	-0.364187275	1000000.0	4
20170301_144635	86.9	-0.360913641	1000000.0	4
20170301_144645	87.1	-0.362300623	1000000.0	4
20170301_144655	86.6	-0.361788444	1000000.0	4
20170301_144705	87.5	-0.359508635	1000000.0	4
20170301_144715	86.9	-0.358675529	1000000.0	4
20170301_144725	86.7	-0.361974599	1000000.0	4
20170301_144735	87.3	-0.363282811	1000000.0	4
20170301_144745	86.9	-0.364377267	1000000.0	4
20170301_144755	86.7	-0.362760119	1000000.0	4
20170301_144805	87.3	-0.363465659	1000000.0	4
20170301_144815	87.3	-0.36369753	1000000.0	4
20170301_144825	87.1	-0.362879207	1000000.0	4
20170301_144835	87.1	-0.36298455	1000000.0	4
20170301_144845	87.1	-0.365790962	1000000.0	4
20170301_144856	87.1	-0.364186963	1000000.0	4
20170301_144906	87.1	-0.363188232	1000000.0	4
20170301_144915	87.3	-0.365288329	1000000.0	4
20170301_144925	87.3	-0.364094396	1000000.0	4
20170301_144935	87.1	-0.365273054	1000000.0	4
20170301_144945	87.3	-0.366266557	1000000.0	4
20170301_144955	87.9	-0.365230302	1000000.0	4
20170301_145005	86.9	-0.363387337	1000000.0	4
20170301_145015	86.7	-0.36426947	1000000.0	4
20170301_145025	86.9	-0.363033721	1000000.0	4
20170301_145035	86.9	-0.36372796	1000000.0	4
20170301_145045	87.1	-0.362436374	1000000.0	4
20170301_145055	87.1	-0.363006218	1000000.0	4
20170301_145105	86.9	-0.363398051	1000000.0	4
20170301_145115	86.9	-0.36349177	1000000.0	4
20170301_145125	87.1	-0.362956693	1000000.0	4
20170301_145135	86.9	-0.362421481	1000000.0	4
20170301_145145	86.9	-0.35986775	1000000.0	4
20170301_145155	86.2	-0.360045394	1000000.0	4
20170301_145205	85.6	-0.359490515	1000000.0	4
20170301_145215	85.6	-0.359619819	1000000.0	4
20170301_145225	85.6	-0.35952108	1000000.0	4
20170301_145235	85.2	-0.359572122	1000000.0	4
20170301_145245	84.9	-0.358714045	1000000.0	4
20170301_145255	85.6	-0.360264415	1000000.0	4
20170301_145305	85.8	-0.327566839	1000000.0	4
20170301_145315	85.8	-0.289195552	1000000.0	4
20170301_145325	85.8	-0.354053409	1000000.0	4
20170301_145335	85.4	-0.352004121	1000000.0	4
20170301_145345	86.0	-0.352088213	1000000.0	4
20170301_145355	84.9	-0.349281889	1000000.0	4
20170301_145405	86.2	-0.30549409	1000000.0	4
20170301_145415	85.4	-0.301938555	1000000.0	4
20170301_145425	85.8	-0.33860807	1000000.0	4
20170301_145435	85.4	-0.292591457	1000000.0	4
20170301_145445	85.4	-0.329726086	1000000.0	4
20170301_145455	85.8	-0.289120336	1000000.0	4
20170301_145505	86.0	-0.286499835	1000000.0	4
20170301_145515	85.6	-0.32565071	1000000.0	4
20170301_145525	85.6	-0.310403827	1000000.0	4
20170301_145535	85.8	-0.312197841	1000000.0	4
20170301_145545	85.8	-0.314522369	1000000.0	4
20170301_145555	85.8	-0.268844457	1000000.0	4
20170301_145605	85.8	-0.306867333	1000000.0	4
20170301_145615	85.8	-0.303676467	1000000.0	4
20170301_145625	86.0	-0.262968512	1000000.0	4
20170301_145635	85.8	-0.260554281	1000000.0	4
20170301_145645	85.8	-0.295225921	1000000.0	4
20170301_145655	86.0	-0.250434105	1000000.0	4
20170301_145705	86.0	-0.249999916	1000000.0	4
20170301_145715	86.2	-0.281043659	1000000.0	4
20170301_145725	86.0	-0.286235257	1000000.0	4
20170301_145735	86.0	-0.251199098	1000000.0	4
20170301_145745	86.2	-0.245654965	1000000.0	4
20170301_145755	86.2	-0.280192288	1000000.0	4
20170301_145805	86.2	-0.278202414	1000000.0	4
20170301_145815	86.2	-0.278205131	1000000.0	4
20170301_145825	86.4	-0.276784752	1000000.0	4
20170301_145835	86.2	-0.2357493	1000000.0	4
20170301_145845	86.2	-0.269436616	1000000.0	4
20170301_145855	86.0	-0.268183333	1000000.0	4
20170301_145905	85.8	-0.266902209	1000000.0	4
20170301_145915	86.0	-0.265420052	1000000.0	4
20170301_145925	86.0	-0.226694752	1000000.0	4
20170301_145935	86.0	-0.224678934	1000000.0	4
20170301_145945	86.0	-0.260437179	1000000.0	4
20170301_145955	86.0	-0.231280961	1000000.0	4
20170301_150005	86.0	-0.261329539	1000000.0	4
20170301_150015	86.0	-0.262123966	1000000.0	4
20170301_150025	86.0	-0.263168981	1000000.0	4
20170301_150035	86.2	-0.265957261	1000000.0	4
20170301_150045	86.2	-0.26719112	1000000.0	4
20170301_150055	86.2	-0.269615985	1000000.0	4
20170301_150105	86.2	-0.269087814	1000000.0	4
20170301_150115	86.2	-0.269531442	1000000.0	4
20170301_150125	86.2	-0.232492512	1000000.0	4
20170301_150135	86.2	-0.267337999	1000000.0	4
20170301_150145	86.4	-0.262073926	1000000.0	4
20170301_150155	86.7	-0.262990818	1000000.0	4
20170301_150205	86.9	-0.226883572	1000000.0	4
20170301_150215	87.1	-0.223505957	1000000.0	4
20170301_150225	87.1	-0.221711816	1000000.0	4
20170301_150235	87.1	-0.247077047	1000000.0	4
20170301_150245	87.1	-0.215987518	1000000.0	4
20170301_150255	86.9	-0.252152695	1000000.0	4
20170301_150305	86.9	-0.248475559	1000000.0	4
20170301_150315	87.1	-0.245980502	1000000.0	4
20170301_150325	87.1	-0.248356737	1000000.0	4
20170301_150335	86.9	-0.244832631	1000000.0	4
20170301_150345	87.1	-0.242286884	1000000.0	4
20170301_150355	87.1	-0.245901059	1000000.0	4
20170301_150406	87.1	-0.246493177	1000000.0	4
20170301_150415	86.9	-0.219831594	1000000.0	4
20170301_150425	86.9	-0.243435241	1000000.0	4
20170301_150435	87.1	-0.24365447	1000000.0	4
20170301_150445	87.1	-0.240839414	1000000.0	4
20170301_150455	87.1	-0.241560237	1000000.0	4
20170301_150505	87.5	-0.242792292	1000000.0	4
20170301_150515	87.1	-0.241785975	1000000.0	4
20170301_150525	86.9	-0.208637634	1000000.0	4
20170301_150535	86.7	-0.200184372	1000000.0	4
20170301_150545	86.7	-0.200854491	1000000.0	4
20170301_150555	86.6	-0.228958857	1000000.0	4
20170301_150605	86.7	-0.195379421	1000000.0	4
20170301_150615	86.6	-0.22742658	1000000.0	4
20170301_150625	86.0	-0.229041585	1000000.0	4
20170301_150635	87.1	-0.22994871	1000000.0	4
20170301_150645	86.7	-0.230272835	1000000.0	4
20170301_150655	86.7	-0.231025808	1000000.0	4
20170301_150705	86.6	-0.233067329	1000000.0	4
20170301_150715	86.7	-0.232435224	1000000.0	4
20170301_150725	86.9	-0.233390515	1000000.0	4
20170301_150735	86.7	-0.198286993	1000000.0	4
20170301_150745	86.7	-0.229975491	1000000.0	4
20170301_150755	86.7	-0.228196566	1000000.0	4
20170301_150805	86.9	-0.223952227	1000000.0	4
20170301_150815	86.9	-0.218839009	1000000.0	4
20170301_150825	86.7	-0.190145603	1000000.0	4
20170301_150835	86.7	-0.186126439	1000000.0	4
20170301_150845	86.9	-0.213040168	1000000.0	4
20170301_150855	87.1	-0.181322731	1000000.0	4
20170301_150905	86.4	-0.169130574	1000000.0	4
20170301_150915	86.4	-0.181086432	1000000.0	4
20170301_150925	86.6	-0.177152334	1000000.0	4
20170301_150935	86.6	-0.176239138	1000000.0	4
20170301_150945	86.6	-0.17155962	1000000.0	4
20170301_150955	86.6	-0.169292845	1000000.0	4
20170301_151005	86.6	-0.166731719	1000000.0	4
20170301_151015	86.7	-0.190396135	1000000.0	4
20170301_151025	86.6	-0.164537414	1000000.0	4
20170301_151035	86.9	-0.160632667	1000000.0	4
20170301_151045	86.6	-0.179775702	1000000.0	4
20170301_151055	86.4	-0.14761505	1000000.0	4
20170301_151105	86.2	-0.174832171	1000000.0	4
20170301_151115	86.2	-0.145322662	1000000.0	4
20170301_151125	86.4	-0.173193196	1000000.0	4
20170301_151135	86.6	-0.172549057	1000000.0	4
20170301_151145	86.2	-0.14954707	1000000.0	4
20170301_151155	86.0	-0.14793672	1000000.0	4
20170301_151205	86.4	-0.143705407	1000000.0	4
20170301_151215	86.4	-0.160074875	1000000.0	4
20170301_151225	86.4	-0.136118502	1000000.0	4
20170301_151235	86.7	-0.126826273	1000000.0	4
20170301_151245	86.9	-0.150113257	1000000.0	4
20170301_151255	86.9	-0.129989553	1000000.0	4
20170301_151305	86.9	-0.147055745	1000000.0	4
20170301_151315	86.9	-0.142878188	1000000.0	4
20170301_151325	86.9	-0.126931431	1000000.0	4
20170301_151335	87.1	-0.116850167	1000000.0	4
20170301_151345	86.9	-0.119256297	1000000.0	4
20170301_151355	86.9	-0.134808698	1000000.0	4
20170301_151405	87.1	-0.133328787	1000000.0	4
20170301_151415	87.1	-0.113699905	1000000.0	4
20170301_151425	86.9	-0.126426042	1000000.0	4
20170301_151435	87.3	-0.129462509	1000000.0	4
20170301_151445	87.1	-0.130427775	1000000.0	4
20170301_151455	87.1	-0.107763219	1000000.0	4
20170301_151505	87.1	-0.106129057	1000000.0	4
20170301_151515	87.1	-0.0984842267	1000000.0	4
20170301_151525	86.9	-0.102764454	1000000.0	4
20170301_151535	86.9	-0.112174259	1000000.0	4
20170301_151545	86.9	-0.0989929393	1000000.0	4
20170301_151555	86.9	-0.1080527	1000000.0	4
20170301_151605	86.9	-0.0991765869	1000000.0	4
20170301_151615	86.9	-0.110121031	1000000.0	4
20170301_151625	87.1	-0.10772193	1000000.0	4
20170301_151635	86.9	-0.104652776	1000000.0	4
20170301_151645	86.9	-0.107572755	1000000.0	4
20170301_151655	86.7	-0.108429002	1000000.0	4
20170301_151705	86.9	-0.109910676	1000000.0	4
20170301_151715	86.9	-0.10903261	1000000.0	4
20170301_151725	86.9	-0.0949179748	1000000.0	4
20170301_151735	86.9	-0.109080113	1000000.0	4
20170301_151745	86.9	-0.107179937	1000000.0	4
20170301_151755	87.1	-0.110709297	1000000.0	4
20170301_151806	86.9	-0.108773884	1000000.0	4
20170301_151815	86.9	-0.111295401	1000000.0	4
20170301_151825	87.1	-0.109557679	1000000.0	4
20170301_151835	86.9	-0.108792207	1000000.0	4
20170301_151845	87.1	-0.105273341	1000000.0	4
20170301_151855	86.9	-0.0969785557	1000000.0	4
20170301_151905	87.1	-0.105938726	1000000.0	4
20170301_151915	87.1	-0.0894550071	1000000.0	4
20170301_151925	86.9	-0.104808564	1000000.0	4
20170301_151935	86.9	-0.10558178	1000000.0	4
20170301_151945	86.9	-0.106482514	1000000.0	4
20170301_151956	87.1	-0.107773848	1000000.0	4
20170301_152006	87.1	-0.108016292	1000000.0	4
20170301_152016	86.9	-0.107244203	1000000.0	4
20170301_152026	87.1	-0.106648623	1000000.0	4
20170301_152036	87.1	-0.108024556	1000000.0	4
20170301_152046	87.5	-0.111776009	1000000.0	4
20170301_152056	87.5	-0.108267439	1000000.0	4
20170301_152106	87.3	-0.107574027	1000000.0	4
20170301_152116	87.3	-0.108799483	1000000.0	4
20170301_152126	87.3	-0.109039704	1000000.0	4
20170301_152136	87.3	-0.102573161	1000000.0	4
20170301_152146	87.5	-0.108280484	1000000.0	4
20170301_152156	87.3	-0.111123066	1000000.0	4
20170301_152206	87.3	-0.0911090377	1000000.0	4
20170301_152216	87.3	-0.109535287	1000000.0	4
20170301_152226	87.3	-0.108536061	1000000.0	4
20170301_152236	87.3	-0.108380199	1000000.0	4
20170301_152245	87.3	-0.0968601395	1000000.0	4
20170301_152255	87.3	-0.0936505452	1000000.0	4
20170301_152306	86.7	-0.103677988	1000000.0	4
20170301_152316	86.7	-0.0948229835	1000000.0	4
20170301_152326	86.7	-0.0998933868	1000000.0	4
20170301_152336	86.7	-0.092952036	1000000.0	4
20170301_152346	86.6	-0.109248761	1000000.0	4
20170301_152356	86.4	-0.0885407526	1000000.0	4
20170301_152406	86.4	-0.0995601582	1000000.0	4
20170301_152416	86.2	-0.101145582	1000000.0	4
20170301_152426	86.4	-0.0890695106	1000000.0	4
20170301_152436	86.4	-0.0974155995	1000000.0	4
20170301_152446	86.6	-0.0889908001	1000000.0	4
20170301_152456	86.4	-0.0869951381	1000000.0	4
20170301_152506	86.6	-0.0963942681	1000000.0	4
20170301_152516	86.6	-0.0979778012	1000000.0	4
20170301_152526	86.4	-0.0880508053	1000000.0	4
20170301_152536	86.7	-0.0936457851	1000000.0	4
20170301_152546	86.6	-0.0960468591	1000000.0	4
20170301_152556	86.7	-0.0866992642	1000000.0	4
20170301_152606	86.2	-0.0961170927	1000000.0	4
20170301_152616	86.2	-0.10027701	1000000.0	4
20170301_152626	85.8	-0.0951984249	1000000.0	4
20170301_152636	84.9	-0.0962296716	1000000.0	4
20170301_152646	84.1	-0.0840286929	1000000.0	4
20170301_152656	83.9	-0.0940732733	1000000.0	4
20170301_152706	83.9	-0.0921783981	1000000.0	4
20170301_152716	83.9	-0.0781081504	1000000.0	4
20170301_152726	83.9	-0.0947771127	1000000.0	4
20170301_152736	83.9	-0.0844537628	1000000.0	4
20170301_152745	83.9	-0.0930362019	1000000.0	4
20170301_152755	84.1	-0.0901490594	1000000.0	4
20170301_152806	84.1	-0.0857535378	1000000.0	4
20170301_152816	84.3	-0.0846911502	1000000.0	4
20170301_152825	84.1	-0.0901802214	1000000.0	4
20170301_152835	84.1	-0.0893868622	1000000.0	4
20170301_152845	85.2	-0.0891363458	1000000.0	4
20170301_152855	85.4	-0.0941425683	1000000.0	4
20170301_152905	85.6	-0.0873384016	1000000.0	4
20170301_152915	85.8	-0.0856048325	1000000.0	4
20170301_152925	85.6	-0.092837286	1000000.0	4
20170301_152935	85.6	-0.0930716402	1000000.0	4
20170301_152945	85.6	-0.0927398058	1000000.0	4
20170301_152955	85.4	-0.0924592588	1000000.0	4
20170301_153005	85.6	-0.092626972	1000000.0	4
20170301_153015	85.6	-0.0906115102	1000000.0	4
20170301_153026	85.6	-0.0826602918	1000000.0	4
20170301_153035	85.8	-0.09218207	1000000.0	4
20170301_153045	85.8	-0.0890481342	1000000.0	4
20170301_153055	85.8	-0.0884337098	1000000.0	4
20170301_153105	85.8	-0.0909472205	1000000.0	4
20170301_153115	85.8	-0.0909316589	1000000.0	4
20170301_153126	85.8	-0.0927809913	1000000.0	4
20170301_153136	85.4	-0.0855735119	1000000.0	4
20170301_153146	85.6	-0.0904713392	1000000.0	4
20170301_153156	85.6	-0.0817029448	1000000.0	4
20170301_153206	86.0	-0.0901853448	1000000.0	4
20170301_153216	85.8	-0.0894151026	1000000.0	4
20170301_153226	86.0	-0.0926972326	1000000.0	4
20170301_153236	86.0	-0.0892712341	1000000.0	4
20170301_153246	85.8	-0.086654391	1000000.0	4
20170301_153256	86.0	-0.0892669574	1000000.0	4
20170301_153306	86.4	-0.0852529484	1000000.0	4
20170301_153315	86.2	-0.0912179647	1000000.0	4
20170301_153326	86.4	-0.0855612262	1000000.0	4
20170301_153336	86.4	-0.0923621009	1000000.0	4
20170301_153345	86.4	-0.0900323194	1000000.0	4
20170301_153356	86.2	-0.0852571776	1000000.0	4
20170301_153406	86.2	-0.0892016695	1000000.0	4
20170301_153416	86.4	-0.0810162684	1000000.0	4
20170301_153426	86.7	-0.0871601965	1000000.0	4
20170301_153436	86.7	-0.0803911343	1000000.0	4
20170301_153446	86.6	-0.0914014462	1000000.0	4
20170301_153456	86.6	-0.0929701575	1000000.0	4
20170301_153506	86.9	-0.079561574	1000000.0	4
20170301_153516	86.4	-0.0852936351	1000000.0	4
20170301_153526	86.7	-0.0799746404	1000000.0	4
20170301_153536	86.6	-0.0798524749	1000000.0	4
20170301_153546	86.0	-0.0822380249	1000000.0	4
20170301_153556	85.8	-0.0904581093	1000000.0	4
20170301_153606	86.0	-0.0852117749	1000000.0	4
20170301_153616	85.8	-0.0835295797	1000000.0	4
20170301_153626	85.6	-0.0915596674	1000000.0	4
20170301_153636	86.0	-0.0870783889	1000000.0	4
20170301_153646	86.0	-0.0931280157	1000000.0	4
20170301_153656	86.0	-0.0837316275	1000000.0	4
20170301_153706	86.0	-0.0928108767	1000000.0	4
20170301_153716	86.0	-0.0891056205	1000000.0	4
20170301_153726	85.8	-0.0947670277	1000000.0	4
20170301_153736	85.8	-0.085719578	1000000.0	4
20170301_153746	85.6	-0.0967123649	1000000.0	4
20170301_153756	85.8	-0.0945245136	1000000.0	4
20170301_153806	85.8	-0.0865184847	1000000.0	4
20170301_153816	86.0	-0.0987985849	1000000.0	4
20170301_153826	85.8	-0.0954773465	1000000.0	4
20170301_153836	86.0	-0.0890010081	1000000.0	4
20170301_153846	85.8	-0.0997113621	1000000.0	4
20170301_153856	86.0	-0.0930803092	1000000.0	4
20170301_153906	86.0	-0.104119325	1000000.0	4
20170301_153916	86.0	-0.0956716186	1000000.0	4
20170301_153926	86.2	-0.0900144516	1000000.0	4
20170301_153936	86.2	-0.105569576	1000000.0	4
20170301_153946	86.2	-0.0996205683	1000000.0	4
20170301_153956	86.4	-0.103633115	1000000.0	4
20170301_154006	86.2	-0.101187228	1000000.0	4
20170301_154016	86.4	-0.0909768566	1000000.0	4
20170301_154026	86.4	-0.0978742397	1000000.0	4
20170301_154036	86.4	-0.0899944671	1000000.0	4
20170301_154046	86.4	-0.0974710261	1000000.0	4
20170301_154056	86.2	-0.0900508223	1000000.0	4
20170301_154106	86.2	-0.0974986711	1000000.0	4
20170301_154116	86.2	-0.0981968456	1000000.0	4
20170301_154126	86.4	-0.097397353	1000000.0	4
20170301_154136	86.6	-0.098574612	1000000.0	4
20170301_154146	86.2	-0.087871591	1000000.0	4
20170301_154156	86.4	-0.0879244379	1000000.0	4
20170301_154206	86.4	-0.09577843	1000000.0	4
20170301_154216	86.4	-0.0776714088	1000000.0	4
20170301_154226	86.6	-0.0966036505	1000000.0	4
20170301_154236	86.6	-0.0960620415	1000000.0	4
20170301_154246	86.6	-0.0890314517	1000000.0	4
20170301_154256	86.6	-0.0776857812	1000000.0	4
20170301_154306	86.6	-0.0894239305	1000000.0	4
20170301_154316	86.6	-0.0894585885	1000000.0	4
20170301_154326	86.6	-0.0864331035	1000000.0	4
20170301_154336	86.7	-0.0956193113	1000000.0	4
20170301_154346	87.1	-0.0842550665	1000000.0	4
20170301_154356	86.6	-0.0951462969	1000000.0	4
20170301_154406	86.4	-0.0950367867	1000000.0	4
20170301_154416	86.6	-0.0873952689	1000000.0	4
20170301_154426	86.6	-0.0959399506	1000000.0	4
20170301_154436	86.6	-0.0852408574	1000000.0	4
20170301_154446	86.7	-0.0785437197	1000000.0	4
20170301_154456	86.9	-0.0918857513	1000000.0	4
20170301_154506	86.7	-0.0893929614	1000000.0	4
20170301_154516	86.7	-0.0965314029	1000000.0	4
20170301_154526	87.3	-0.0905286079	1000000.0	4
20170301_154535	86.9	-0.0987696793	1000000.0	4
20170301_154546	86.9	-0.0887780772	1000000.0	4
20170301_154556	87.5	-0.0948444782	1000000.0	4
20170301_154606	86.9	-0.0880961876	1000000.0	4
20170301_154616	87.3	-0.0940661026	1000000.0	4
20170301_154626	87.3	-0.0936464978	1000000.0	4
20170301_154636	86.9	-0.088210999	1000000.0	4
20170301_154646	87.3	-0.0829781693	1000000.0	4
20170301_154656	87.3	-0.0869484278	1000000.0	4
20170301_154705	87.3	-0.0936230568	1000000.0	4
20170301_154716	87.3	-0.084263923	1000000.0	4
20170301_154726	87.1	-0.0858488225	1000000.0	4
20170301_154736	87.3	-0.0948787782	1000000.0	4
20170301_154746	87.3	-0.085591061	1000000.0	4
20170301_154756	87.1	-0.0872017933	1000000.0	4
20170301_154806	87.5	-0.0880737041	1000000.0	4
20170301_154816	87.1	-0.0975267361	1000000.0	4
20170301_154826	87.5	-0.0859300058	1000000.0	4
20170301_154836	87.7	-0.0909101201	1000000.0	4
20170301_154846	86.9	-0.0871318822	1000000.0	4
20170301_154856	87.3	-0.0922456637	1000000.0	4
20170301_154906	87.5	-0.0860018474	1000000.0	4
20170301_154916	86.9	-0.0934184636	1000000.0	4
20170301_154926	86.9	-0.0866308543	1000000.0	4
20170301_154936	87.1	-0.0940085093	1000000.0	4
20170301_154946	87.3	-0.0926926709	1000000.0	4
20170301_154956	87.3	-0.0864213663	1000000.0	4
20170301_155006	87.3	-0.0941494011	1000000.0	4
20170301_155016	87.1	-0.0826343887	1000000.0	4
20170301_155026	87.3	-0.0867326331	1000000.0	4
20170301_155036	87.3	-0.0891134867	1000000.0	4
20170301_155046	87.3	-0.0988311483	1000000.0	4
20170301_155056	86.9	-0.0889062993	1000000.0	4
20170301_155106	87.3	-0.0977742016	1000000.0	4
20170301_155116	87.1	-0.09227766	1000000.0	4
20170301_155126	87.1	-0.0958657917	1000000.0	4
20170301_155136	87.1	-0.0900657253	1000000.0	4
20170301_155146	86.9	-0.0950129589	1000000.0	4
20170301_155156	87.1	-0.0885053593	1000000.0	4
20170301_155206	86.9	-0.0974748351	1000000.0	4
20170301_155216	87.3	-0.0898257429	1000000.0	4
20170301_155226	86.9	-0.097441915	1000000.0	4
20170301_155236	87.1	-0.0881856925	1000000.0	4
20170301_155246	87.1	-0.0801002126	1000000.0	4
20170301_155256	87.1	-0.0860454029	1000000.0	4
20170301_155306	86.9	-0.104163548	1000000.0	4
20170301_155316	87.3	-0.090802508	1000000.0	4
20170301_155326	87.3	-0.0908096465	1000000.0	4
20170301_155336	87.1	-0.10087939	1000000.0	4
20170301_155346	86.7	-0.092214125	1000000.0	4
20170301_155356	86.9	-0.108679524	1000000.0	4
20170301_155406	87.3	-0.0958495216	1000000.0	4
20170301_155416	86.6	-0.0936552524	1000000.0	4
20170301_155426	86.9	-0.107196794	1000000.0	4
20170301_155436	87.5	-0.103650756	1000000.0	4
20170301_155446	87.3	-0.0943376203	1000000.0	4
20170301_155456	86.9	-0.110742391	1000000.0	4
20170301_155506	86.4	-0.0881898669	1000000.0	4
20170301_155516	86.6	-0.0917533046	1000000.0	4
20170301_155526	87.5	-0.27398161	1000000.0	4
20170301_155536	87.5	-0.242555968	1000000.0	4
20170301_155546	86.6	-0.212349985	1000000.0	4
20170301_155556	86.6	-0.204192102	1000000.0	4
20170301_155606	87.1	-0.196207934	1000000.0	4
20170301_155616	87.7	-0.200321778	1000000.0	4
20170301_155626	86.4	-0.182809775	1000000.0	4
20170301_155636	86.9	-0.193007129	1000000.0	4
20170301_155646	87.1	-0.159718238	1000000.0	4
20170301_155656	87.5	-0.171672861	1000000.0	4
20170301_155706	86.7	-0.172131344	1000000.0	4
20170301_155716	86.9	-0.263210209	1000000.0	4
20170301_155726	87.5	-0.235154931	1000000.0	4
20170301_155736	88.1	-0.231104064	1000000.0	4
20170301_155746	86.7	-0.220233633	1000000.0	4
20170301_155756	86.7	-0.236564775	1000000.0	4
20170301_155805	86.9	-0.20503621	1000000.0	4
20170301_155816	86.7	-0.217956661	1000000.0	4
20170301_155826	87.1	-0.186776989	1000000.0	4
20170301_155836	87.1	-0.167132215	1000000.0	4
20170301_155846	86.9	-0.176943561	1000000.0	4
20170301_155856	86.9	-0.158648672	1000000.0	4
20170301_155906	86.7	-0.168507141	1000000.0	4
20170301_155916	87.3	-0.179757777	1000000.0	4
20170301_155926	87.3	-0.14706584	1000000.0	4
20170301_155936	87.3	-0.158640814	1000000.0	4
20170301_155946	86.9	-0.150944974	1000000.0	4
20170301_155956	86.9	-0.164480104	1000000.0	4
20170301_160006	86.9	-0.14466637	1000000.0	4
20170301_160016	87.7	-0.132221108	1000000.0	4
20170301_160026	87.1	-0.154047344	1000000.0	4
20170301_160036	87.3	-0.136163076	1000000.0	4
20170301_160046	87.5	-0.14606563	1000000.0	4
20170301_160056	87.1	-0.134390553	1000000.0	4
20170301_160106	86.6	-0.13380207	1000000.0	4
20170301_160116	86.2	-0.140960126	1000000.0	4
20170301_160126	86.7	-0.11488274	1000000.0	4
20170301_160136	86.4	-0.123245787	1000000.0	4
20170301_160146	86.4	-0.11320924	1000000.0	4
20170301_160156	86.4	-0.0992817642	1000000.0	4
20170301_160206	86.4	-0.103621345	1000000.0	4
20170301_160216	86.2	-0.102976757	1000000.0	4
20170301_160226	86.4	-0.110426786	1000000.0	4
20170301_160236	86.4	-0.110118436	1000000.0	4
20170301_160246	86.4	-0.0916672053	1000000.0	4
20170301_160256	86.2	-0.108879602	1000000.0	4
20170301_160306	86.2	-0.100467697	1000000.0	4
20170301_160316	86.6	-0.107110114	1000000.0	4
20170301_160326	86.6	-0.0920259474	1000000.0	4
20170301_160336	86.6	-0.0975722522	1000000.0	4
20170301_160346	86.4	-0.104129772	1000000.0	4
20170301_160356	86.4	-0.095729239	1000000.0	4
20170301_160406	86.6	-0.0942414831	1000000.0	4
20170301_160416	86.7	-0.0956871334	1000000.0	4
20170301_160426	86.7	-0.102651202	1000000.0	4
20170301_160436	86.9	-0.0938832498	1000000.0	4
20170301_160446	86.4	-0.0958612564	1000000.0	4
20170301_160456	86.4	-0.0960111961	1000000.0	4
20170301_160506	86.7	-0.0931578855	1000000.0	4
20170301_160516	86.9	-0.101358155	1000000.0	4
20170301_160526	87.1	-0.0977589276	1000000.0	4
20170301_160536	86.9	-0.0839051815	1000000.0	4
20170301_160546	86.9	-0.0992165642	1000000.0	4
20170301_160556	86.7	-0.0925400968	1000000.0	4
20170301_160606	86.9	-0.0929615302	1000000.0	4
20170301_160616	86.7	-0.0938029044	1000000.0	4
20170301_160626	86.7	-0.0908307394	1000000.0	4
20170301_160636	86.6	-0.0929513663	1000000.0	4
20170301_160646	86.7	-0.0904949079	1000000.0	4
20170301_160656	86.6	-0.102795116	1000000.0	4
20170301_160706	86.7	-0.0956634934	1000000.0	4
20170301_160716	86.7	-0.0996610798	1000000.0	4
20170301_160726	86.9	-0.104961551	1000000.0	4
20170301_160736	87.3	-0.0955573785	1000000.0	4
20170301_160746	87.1	-0.108095882	1000000.0	4
20170301_160756	86.9	-0.0950526114	1000000.0	4
20170301_160806	86.9	-0.10149385	1000000.0	4
20170301_160816	87.3	-0.102818716	1000000.0	4
20170301_160826	87.3	-0.0926219117	1000000.0	4
20170301_160836	86.7	-0.0866207955	1000000.0	4
20170301_160846	86.7	-0.0996637553	1000000.0	4
20170301_160856	86.6	-0.0919654471	1000000.0	4
20170301_160906	86.4	-0.103096842	1000000.0	4
20170301_160916	86.6	-0.0826859357	1000000.0	4
20170301_160926	86.4	-0.0847117499	1000000.0	4
20170301_160936	86.2	-0.0984732854	1000000.0	4
20170301_160946	86.4	-0.0946714449	1000000.0	4
20170301_160956	86.4	-0.0901447039	1000000.0	4
20170301_161006	86.4	-0.0883201636	1000000.0	4
20170301_161016	86.6	-0.0955430721	1000000.0	4
20170301_161026	86.6	-0.0844567863	1000000.0	4
20170301_161036	86.6	-0.0883170867	1000000.0	4
20170301_161046	86.6	-0.089574972	1000000.0	4
20170301_161056	86.9	-0.0874713898	1000000.0	4
20170301_161106	86.7	-0.0935937374	1000000.0	4
20170301_161116	86.9	-0.0917713636	1000000.0	4
20170301_161126	86.6	-0.0876770997	1000000.0	4
20170301_161136	86.6	-0.0971882916	1000000.0	4
20170301_161146	86.6	-0.0788994654	1000000.0	4
20170301_161156	86.4	-0.0899007718	1000000.0	4
20170301_161206	86.4	-0.0921582422	1000000.0	4
20170301_161216	86.0	-0.091199322	1000000.0	4
20170301_161226	86.4	-0.100917745	1000000.0	4
20170301_161236	86.4	-0.092628756	1000000.0	4
20170301_161246	86.2	-0.100847155	1000000.0	4
20170301_161255	86.7	-0.108351762	1000000.0	4
20170301_161306	86.6	-0.100750619	1000000.0	4
20170301_161316	86.4	-0.107641449	1000000.0	4
20170301_161326	86.6	-0.108890443	1000000.0	4
20170301_161336	86.6	-0.104768267	1000000.0	4
20170301_161346	86.6	-0.0970551713	1000000.0	4
20170301_161356	86.2	-0.0850666624	1000000.0	4
20170301_161406	86.9	-0.107230756	1000000.0	4
20170301_161416	86.4	-0.0964315881	1000000.0	4
20170301_161426	86.6	-0.107147743	1000000.0	4
20170301_161436	86.4	-0.0974640256	1000000.0	4
20170301_161446	86.4	-0.0989276487	1000000.0	4
20170301_161456	86.7	-0.096554442	1000000.0	4
20170301_161506	86.4	-0.0972838302	1000000.0	4
20170301_161516	86.4	-0.103166568	1000000.0	4
20170301_161526	87.5	-0.0965863493	1000000.0	4
20170301_161536	86.7	-0.0934820333	1000000.0	4
20170301_161546	87.1	-0.102465757	1000000.0	4
20170301_161556	87.5	-0.0965726296	1000000.0	4
20170301_161606	87.9	-0.103858225	1000000.0	4
20170301_161616	86.7	-0.105535131	1000000.0	4
20170301_161626	86.9	-0.10679373	1000000.0	4
20170301_161636	86.9	-0.108959098	1000000.0	4
20170301_161646	86.9	-0.0981725323	1000000.0	4
20170301_161656	87.1	-0.0960687917	1000000.0	4
20170301_161705	87.3	-0.10307285	1000000.0	4
20170301_161716	86.7	-0.0970605612	1000000.0	4
20170301_161726	87.1	-0.0929740966	1000000.0	4
20170301_161736	87.1	-0.104226117	1000000.0	4
20170301_161746	87.3	-0.104724545	1000000.0	4
20170301_161756	86.7	-0.0976864226	1000000.0	4
20170301_161806	87.3	-0.0967132368	1000000.0	4
20170301_161816	87.5	-0.0945943287	1000000.0	4
20170301_161826	87.7	-0.102125756	1000000.0	4
20170301_161836	87.1	-0.103861347	1000000.0	4
20170301_161845	87.7	-0.0974682557	1000000.0	4
20170301_161856	87.3	-0.0929714888	1000000.0	4
20170301_161906	87.5	-0.102021139	1000000.0	4
20170301_161916	87.5	-0.0933288411	1000000.0	4
20170301_161926	87.7	-0.105095198	1000000.0	4
20170301_161936	87.5	-0.104610736	1000000.0	4
20170301_161946	87.7	-0.106316068	1000000.0	4
