20170201_090821	23.2	0.00170891147	1000000.0	8
20170201_090831	23.2	0.00169793607	1000000.0	8
20170201_090841	23.0	0.00169179944	1000000.0	8
20170201_090851	23.2	0.00169098956	1000000.0	8
20170201_090901	23.0	0.00167579181	1000000.0	8
20170201_090911	23.2	0.00170186172	1000000.0	8
20170201_090921	23.2	0.00309796671	1000000.0	8
20170201_090931	23.0	0.00110638813	1000000.0	8
20170201_090941	23.0	0.00101816024	1000000.0	8
20170201_090951	23.0	-0.0823976471	1000000.0	8
20170201_091000	23.2	-0.0875445873	1000000.0	8
20170201_091011	23.0	-0.0771931415	1000000.0	8
20170201_091021	23.0	-0.0743285671	1000000.0	8
20170201_091031	23.0	-0.0719646814	1000000.0	8
20170201_091041	23.0	-0.069771977	1000000.0	8
20170201_091051	23.0	-0.071665093	1000000.0	8
20170201_091101	23.0	-0.0697676229	1000000.0	8
20170201_091111	23.0	-0.0679520345	1000000.0	8
20170201_091121	23.0	-0.0658189181	1000000.0	8
20170201_091131	23.0	-0.0638335479	1000000.0	8
20170201_091141	23.0	-0.0624964386	1000000.0	8
20170201_091151	23.0	-0.0610494911	1000000.0	8
20170201_091201	23.0	-0.0591352865	1000000.0	8
20170201_091211	23.2	-0.0578922393	1000000.0	8
20170201_091221	23.0	-0.0566214176	1000000.0	8
20170201_091231	23.2	-0.055361833	1000000.0	8
20170201_091241	23.0	-0.0544944943	1000000.0	8
20170201_091251	23.0	-0.0534794609	1000000.0	8
20170201_091301	23.0	-0.0525015326	1000000.0	8
20170201_091311	23.2	-0.0518918116	1000000.0	8
20170201_091321	23.0	-0.0516652627	1000000.0	8
20170201_091331	23.0	-0.0513963334	1000000.0	8
20170201_091341	23.0	-0.0507765579	1000000.0	8
20170201_091351	23.2	-0.0500996546	1000000.0	8
20170201_091401	23.0	-0.0496200076	1000000.0	8
20170201_091411	23.2	-0.0382619208	1000000.0	8
20170201_091421	23.2	-0.0384013978	1000000.0	8
20170201_091431	23.6	-0.0419988931	1000000.0	8
20170201_091441	23.8	-0.0477509601	1000000.0	8
20170201_091451	24.6	-0.0503388428	1000000.0	8
20170201_091501	25.3	-0.0515391684	1000000.0	8
20170201_091511	25.9	-0.0537446257	1000000.0	8
20170201_091521	26.5	-0.0546892242	1000000.0	8
20170201_091531	27.1	-0.047820596	1000000.0	8
20170201_091541	27.6	-0.0514066626	1000000.0	8
20170201_091551	28.2	-0.0528129974	1000000.0	8
20170201_091601	28.8	-0.0533056632	1000000.0	8
20170201_091611	29.4	-0.0540154632	1000000.0	8
20170201_091621	29.8	-0.0631832979	1000000.0	8
20170201_091631	30.3	-0.063875522	1000000.0	8
20170201_091641	30.9	-0.06677642	1000000.0	8
20170201_091651	31.5	-0.0670348265	1000000.0	8
20170201_091701	32.3	-0.0688680287	1000000.0	8
20170201_091711	32.6	-0.0697029594	1000000.0	8
20170201_091721	33.2	-0.071953924	1000000.0	8
20170201_091731	33.8	-0.0730835508	1000000.0	8
20170201_091741	34.6	-0.0744085527	1000000.0	8
20170201_091751	35.1	-0.0762110028	1000000.0	8
20170201_091801	35.7	-0.0784579734	1000000.0	8
20170201_091811	36.5	-0.0792982647	1000000.0	8
20170201_091821	37.3	-0.0814906711	1000000.0	8
20170201_091830	37.8	-0.0863469311	1000000.0	8
20170201_091840	38.4	-0.0869294308	1000000.0	8
20170201_091850	39.2	-0.0877303312	1000000.0	8
20170201_091900	39.8	-0.0883924367	1000000.0	8
20170201_091910	40.3	-0.0893666553	1000000.0	8
20170201_091921	40.9	-0.0916152109	1000000.0	8
20170201_091930	41.5	-0.0934952716	1000000.0	8
20170201_091940	42.2	-0.0951001175	1000000.0	8
20170201_091950	43.0	-0.0978163456	1000000.0	8
20170201_092000	43.3	-0.0991738994	1000000.0	8
20170201_092010	43.7	-0.102434984	1000000.0	8
20170201_092020	44.5	-0.102992898	1000000.0	8
20170201_092030	45.0	-0.105304914	1000000.0	8
20170201_092040	45.8	-0.106652253	1000000.0	8
20170201_092050	46.4	-0.108630711	1000000.0	8
20170201_092100	46.9	-0.110310061	1000000.0	8
20170201_092110	47.5	-0.111792342	1000000.0	8
20170201_092120	47.9	-0.114176504	1000000.0	8
20170201_092130	48.4	-0.115703203	1000000.0	8
20170201_092140	49.0	-0.117032726	1000000.0	8
20170201_092150	49.4	-0.11874012	1000000.0	8
20170201_092200	50.1	-0.121428631	1000000.0	8
20170201_092210	50.7	-0.122517605	1000000.0	8
20170201_092220	51.1	-0.124492428	1000000.0	8
20170201_092230	51.6	-0.126184361	1000000.0	8
20170201_092240	52.2	-0.128542728	1000000.0	8
20170201_092250	52.8	-0.130030581	1000000.0	8
20170201_092300	53.3	-0.132757101	1000000.0	8
20170201_092310	53.5	-0.134460996	1000000.0	8
20170201_092320	54.3	-0.135521331	1000000.0	8
20170201_092330	54.7	-0.138842648	1000000.0	8
20170201_092340	55.2	-0.14037102	1000000.0	8
20170201_092350	55.6	-0.142618981	1000000.0	8
20170201_092400	56.2	-0.144968211	1000000.0	8
20170201_092410	56.6	-0.146512199	1000000.0	8
20170201_092420	57.1	-0.148410633	1000000.0	8
20170201_092430	57.5	-0.151860107	1000000.0	8
20170201_092440	58.1	-0.151860547	1000000.0	8
20170201_092450	58.4	-0.153930622	1000000.0	8
20170201_092500	58.8	-0.155933234	1000000.0	8
20170201_092510	59.2	-0.157677996	1000000.0	8
20170201_092520	59.8	-0.159358564	1000000.0	8
20170201_092530	60.1	-0.161278216	1000000.0	8
20170201_092540	60.5	-0.162357418	1000000.0	8
20170201_092550	60.9	-0.166300522	1000000.0	8
20170201_092600	61.5	-0.168382579	1000000.0	8
20170201_092610	61.5	-0.170060318	1000000.0	8
20170201_092620	62.2	-0.171344929	1000000.0	8
20170201_092630	62.4	-0.173299162	1000000.0	8
20170201_092640	62.8	-0.175522187	1000000.0	8
20170201_092650	63.3	-0.17663497	1000000.0	8
20170201_092700	63.5	-0.178232287	1000000.0	8
20170201_092710	63.9	-0.179727311	1000000.0	8
20170201_092720	64.3	-0.182034728	1000000.0	8
20170201_092730	64.9	-0.182286217	1000000.0	8
20170201_092740	65.0	-0.183393049	1000000.0	8
20170201_092750	65.4	-0.18534269	1000000.0	8
20170201_092800	65.8	-0.186742466	1000000.0	8
20170201_092810	66.4	-0.187472272	1000000.0	8
20170201_092820	66.7	-0.189817211	1000000.0	8
20170201_092830	66.9	-0.191448012	1000000.0	8
20170201_092840	67.1	-0.193310768	1000000.0	8
20170201_092850	67.3	-0.193934325	1000000.0	8
20170201_092900	67.7	-0.195198121	1000000.0	8
