20170301_130415	24.6	-7.61551879e-05	1000000.0	10
20170301_130425	24.6	-0.000890439711	1000000.0	10
20170301_130435	24.6	-0.000985611299	1000000.0	10
20170301_130445	24.6	-0.000695023658	1000000.0	10
20170301_130455	24.6	-0.00139297218	1000000.0	10
20170301_130505	24.6	-0.00122911371	1000000.0	10
20170301_130515	24.6	-0.00128583208	1000000.0	10
20170301_130525	24.6	-0.000534585568	1000000.0	10
20170301_130535	24.6	-0.000945722068	1000000.0	10
20170301_130545	24.4	-0.000755771323	1000000.0	10
20170301_130555	24.6	-0.000852046109	1000000.0	10
20170301_130605	24.4	-0.000743780637	1000000.0	10
20170301_130615	24.4	-0.00140734478	1000000.0	10
20170301_130625	24.4	-0.000577741917	1000000.0	10
20170301_130635	24.6	-0.00112993464	1000000.0	10
20170301_130645	24.6	-0.000792385279	1000000.0	10
20170301_130655	24.4	-0.000765303126	1000000.0	10
20170301_130705	24.4	-0.000603609528	1000000.0	10
20170301_130715	24.6	-0.000881443933	1000000.0	10
20170301_130725	24.4	-0.000738426379	1000000.0	10
20170301_130735	24.4	-0.000799048251	1000000.0	10
20170301_130745	24.4	-0.00067592049	1000000.0	10
20170301_130755	24.4	-0.00104978252	1000000.0	10
20170301_130805	24.4	-0.000795002336	1000000.0	10
20170301_130815	24.4	-0.000733240582	1000000.0	10
20170301_130825	24.2	-0.000664461161	1000000.0	10
20170301_130835	24.4	-0.000641279148	1000000.0	10
20170301_130845	24.4	-0.00214001325	1000000.0	10
20170301_130856	24.4	-0.00101608177	1000000.0	10
20170301_130906	24.4	-0.00102315354	1000000.0	10
20170301_130916	24.4	-0.00091732038	1000000.0	10
20170301_130926	24.4	-0.000907670773	1000000.0	10
20170301_130936	24.4	-0.00114084818	1000000.0	10
20170301_130946	24.4	-0.000988869414	1000000.0	10
20170301_130956	24.4	0.00193656917	1000000.0	10
20170301_131006	24.2	-0.00082091723	1000000.0	10
20170301_131016	24.4	-0.00090219823	1000000.0	10
20170301_131026	24.4	-0.000603926986	1000000.0	10
20170301_131036	24.2	-0.000903269879	1000000.0	10
20170301_131046	24.2	-0.000918975025	1000000.0	10
20170301_131056	24.2	-0.000727219314	1000000.0	10
20170301_131106	24.2	-0.00064538721	1000000.0	10
20170301_131116	24.2	-0.00114234969	1000000.0	10
20170301_131126	24.4	-0.000647497249	1000000.0	10
20170301_131136	24.2	-0.0010162692	1000000.0	10
20170301_131146	24.4	-0.000802022104	1000000.0	10
20170301_131156	24.2	-0.000505983725	1000000.0	10
20170301_131206	24.2	-0.000807885089	1000000.0	10
20170301_131216	24.2	-0.000710522143	1000000.0	10
20170301_131226	24.2	-0.000687150031	1000000.0	10
20170301_131236	24.0	-0.00109000547	1000000.0	10
20170301_131246	24.2	-0.000689904244	1000000.0	10
20170301_131256	24.2	-0.000750187257	1000000.0	10
20170301_131306	24.2	-0.000884202595	1000000.0	10
20170301_131316	24.2	-0.000925097314	1000000.0	10
20170301_131326	24.2	-0.00239682527	1000000.0	10
20170301_131336	24.4	-0.000302736594	1000000.0	10
20170301_131346	24.8	-0.000774891889	1000000.0	10
20170301_131356	25.3	-0.000830083661	1000000.0	10
20170301_131406	26.1	-0.000909922668	1000000.0	10
20170301_131416	26.7	-0.00116348321	1000000.0	10
20170301_131426	27.5	-0.000640463811	1000000.0	10
20170301_131436	28.2	-0.00125197335	1000000.0	10
20170301_131446	28.8	-0.00154888765	1000000.0	10
20170301_131456	29.4	-0.00135918159	1000000.0	10
20170301_131506	30.0	-0.00118843645	1000000.0	10
20170301_131516	30.5	-0.000911310067	1000000.0	10
20170301_131526	31.1	-0.00115204862	1000000.0	10
20170301_131536	31.7	-0.00182804413	1000000.0	10
20170301_131546	32.3	-0.00174950869	1000000.0	10
20170301_131556	32.8	-0.00141859524	1000000.0	10
20170301_131606	33.4	-0.00138604274	1000000.0	10
20170301_131616	34.0	-0.00125149845	1000000.0	10
20170301_131626	34.8	-0.00124628004	1000000.0	10
20170301_131636	35.3	-0.0014234314	1000000.0	10
20170301_131646	36.1	-0.00176448037	1000000.0	10
20170301_131656	36.7	-0.0019862809	1000000.0	10
20170301_131706	37.3	-0.00180019878	1000000.0	10
20170301_131716	37.8	-0.00171158926	1000000.0	10
20170301_131726	38.6	-0.00177514379	1000000.0	10
20170301_131736	39.2	-0.00205211561	1000000.0	10
20170301_131746	39.8	-0.0018790057	1000000.0	10
20170301_131756	40.3	-0.00190947312	1000000.0	10
20170301_131806	40.9	-0.0019432974	1000000.0	10
20170301_131816	41.5	-0.00222903459	1000000.0	10
20170301_131826	42.2	-0.00176968394	1000000.0	10
20170301_131836	42.6	-0.00192982403	1000000.0	10
20170301_131846	43.0	-0.0019391958	1000000.0	10
20170301_131856	43.5	-0.00218987638	1000000.0	10
20170301_131906	44.3	-0.00246947819	1000000.0	10
20170301_131916	44.7	-0.000986797875	1000000.0	10
20170301_131926	45.2	-0.00312122162	1000000.0	10
20170301_131936	45.6	-0.00325324864	1000000.0	10
20170301_131946	46.2	-0.00311636366	1000000.0	10
20170301_131956	46.6	-0.0029497458	1000000.0	10
20170301_132006	47.1	-0.00353061342	1000000.0	10
20170301_132016	47.7	-0.00351191843	1000000.0	10
20170301_132026	48.3	-0.00390701023	1000000.0	10
20170301_132036	48.6	-0.00401789939	1000000.0	10
20170301_132046	49.2	-0.00434559743	1000000.0	10
20170301_132056	49.8	-0.00461943065	1000000.0	10
20170301_132106	50.3	-0.00493660963	1000000.0	10
20170301_132116	50.7	-0.00537709134	1000000.0	10
20170301_132126	51.3	-0.00561551954	1000000.0	10
20170301_132136	51.1	-0.00541823668	1000000.0	10
20170301_132146	51.8	-0.00590260852	1000000.0	10
20170301_132156	52.4	-0.00650706695	1000000.0	10
20170301_132206	52.8	-0.00624356091	1000000.0	10
20170301_132216	53.2	-0.00620609982	1000000.0	10
20170301_132226	53.7	-0.00706187814	1000000.0	10
20170301_132236	54.3	-0.00762763277	1000000.0	10
20170301_132246	54.7	-0.00757998829	1000000.0	10
20170301_132256	54.9	-0.00826625862	1000000.0	10
20170301_132306	55.4	-0.00922667308	1000000.0	10
20170301_132316	56.0	-0.00915901967	1000000.0	10
20170301_132326	56.4	-0.0102324876	1000000.0	10
20170301_132336	56.9	-0.00998433324	1000000.0	10
20170301_132346	57.3	-0.00957820219	1000000.0	10
20170301_132356	57.7	-0.011550277	1000000.0	10
20170301_132406	58.1	-0.0102127182	1000000.0	10
20170301_132416	58.4	-0.011382987	1000000.0	10
20170301_132426	58.8	-0.0116864442	1000000.0	10
20170301_132436	59.0	-0.0122970459	1000000.0	10
20170301_132446	59.2	-0.0124004524	1000000.0	10
20170301_132456	59.6	-0.0125208975	1000000.0	10
20170301_132506	60.1	-0.0134716962	1000000.0	10
20170301_132516	60.3	-0.0139518563	1000000.0	10
20170301_132526	60.7	-0.0149875336	1000000.0	10
20170301_132536	61.3	-0.0144722262	1000000.0	10
20170301_132546	61.6	-0.0149483371	1000000.0	10
20170301_132556	61.8	-0.0155535758	1000000.0	10
20170301_132606	62.4	-0.0182518903	1000000.0	10
20170301_132616	62.6	-0.0170006009	1000000.0	10
20170301_132626	63.0	-0.0173788273	1000000.0	10
20170301_132636	63.3	-0.0177371561	1000000.0	10
20170301_132646	63.5	-0.0177927052	1000000.0	10
20170301_132656	63.9	-0.0177762486	1000000.0	10
20170301_132706	64.3	-0.0181425119	1000000.0	10
20170301_132716	64.5	-0.015329578	1000000.0	10
20170301_132726	64.9	-0.0107208138	1000000.0	10
20170301_132736	65.2	-0.0122869508	1000000.0	10
20170301_132746	65.2	-0.0140329165	1000000.0	10
20170301_132756	65.8	-0.0146829451	1000000.0	10
20170301_132806	66.2	-0.0151948981	1000000.0	10
20170301_132816	66.2	-0.0197183275	1000000.0	10
20170301_132826	66.7	-0.0195561925	1000000.0	10
20170301_132836	67.1	-0.0195029813	1000000.0	10
20170301_132846	67.3	-0.0191957424	1000000.0	10
20170301_132856	67.7	-0.0193995273	1000000.0	10
20170301_132906	67.7	-0.021134665	1000000.0	10
20170301_132916	68.1	-0.0219154505	1000000.0	10
20170301_132926	68.3	-0.0230679473	1000000.0	10
20170301_132936	68.8	-0.0245048494	1000000.0	10
20170301_132946	69.0	-0.0260808125	1000000.0	10
20170301_132956	69.2	-0.0269361553	1000000.0	10
20170301_133006	69.4	-0.0263566364	1000000.0	10
20170301_133016	69.8	-0.026322933	1000000.0	10
20170301_133026	70.0	-0.0266817921	1000000.0	10
20170301_133036	70.1	-0.0271766117	1000000.0	10
20170301_133046	70.5	-0.0275670658	1000000.0	10
20170301_133056	70.7	-0.027643087	1000000.0	10
20170301_133106	70.7	-0.0278549696	1000000.0	10
20170301_133116	71.1	-0.0287932007	1000000.0	10
20170301_133126	71.3	-0.0296286976	1000000.0	10
20170301_133136	71.5	-0.0295813983	1000000.0	10
20170301_133146	71.8	-0.0300295802	1000000.0	10
20170301_133156	72.2	-0.0320922799	1000000.0	10
20170301_133206	72.2	-0.0327424854	1000000.0	10
20170301_133216	72.4	-0.0326201304	1000000.0	10
20170301_133226	72.6	-0.0325060736	1000000.0	10
20170301_133236	72.8	-0.0335146247	1000000.0	10
20170301_133246	73.2	-0.0334011198	1000000.0	10
20170301_133256	73.3	-0.0337990853	1000000.0	10
20170301_133306	73.2	-0.0342583586	1000000.0	10
20170301_133316	73.3	-0.0339116146	1000000.0	10
20170301_133326	73.7	-0.0347441912	1000000.0	10
20170301_133336	73.9	-0.0349768414	1000000.0	10
20170301_133346	74.5	-0.0355555409	1000000.0	10
20170301_133356	74.3	-0.0351782933	1000000.0	10
20170301_133406	74.1	-0.0357015762	1000000.0	10
20170301_133416	74.5	-0.0362595976	1000000.0	10
20170301_133426	74.7	-0.036968606	1000000.0	10
20170301_133436	75.0	-0.0374831336	1000000.0	10
20170301_133446	75.2	-0.0375965448	1000000.0	10
20170301_133456	75.2	-0.0393657733	1000000.0	10
20170301_133506	75.4	-0.0384434198	1000000.0	10
20170301_133516	75.6	-0.0393031178	1000000.0	10
20170301_133526	75.8	-0.0391631806	1000000.0	10
20170301_133536	76.0	-0.0400853811	1000000.0	10
20170301_133546	75.8	-0.0409606124	1000000.0	10
20170301_133556	76.0	-0.0423490375	1000000.0	10
20170301_133606	76.4	-0.0413346833	1000000.0	10
20170301_133616	76.2	-0.0482448469	1000000.0	10
20170301_133626	76.9	-0.04982929	1000000.0	10
20170301_133636	76.7	-0.0493274114	1000000.0	10
20170301_133646	76.7	-0.0488374707	1000000.0	10
20170301_133656	76.7	-0.0509791913	1000000.0	10
20170301_133706	76.9	-0.0507364743	1000000.0	10
20170301_133716	77.3	-0.049572177	1000000.0	10
20170301_133726	77.3	-0.0485153783	1000000.0	10
20170301_133736	77.5	-0.0497036545	1000000.0	10
20170301_133746	77.5	-0.0497326228	1000000.0	10
20170301_133756	77.7	-0.0506370623	1000000.0	10
20170301_133806	77.7	-0.0489107988	1000000.0	10
20170301_133816	78.1	-0.0499609067	1000000.0	10
20170301_133826	78.1	-0.0486046732	1000000.0	10
20170301_133836	78.3	-0.0509000625	1000000.0	10
20170301_133846	78.4	-0.0505608134	1000000.0	10
20170301_133856	78.4	-0.0506210242	1000000.0	10
20170301_133906	78.4	-0.0507525532	1000000.0	10
20170301_133916	78.8	-0.0495527967	1000000.0	10
20170301_133926	78.8	-0.0496538124	1000000.0	10
20170301_133936	79.2	-0.0495991136	1000000.0	10
20170301_133946	79.4	-0.0499267779	1000000.0	10
20170301_133956	79.4	-0.0507768058	1000000.0	10
20170301_134006	79.4	-0.0490329436	1000000.0	10
20170301_134016	79.6	-0.0500889972	1000000.0	10
20170301_134026	79.8	-0.049218486	1000000.0	10
20170301_134036	80.0	-0.0502358138	1000000.0	10
20170301_134046	80.1	-0.0448740217	1000000.0	10
20170301_134056	80.3	-0.0428155528	1000000.0	10
20170301_134106	80.3	-0.0447205655	1000000.0	10
20170301_134116	80.5	-0.0502922737	1000000.0	10
20170301_134126	80.5	-0.0512463478	1000000.0	10
20170301_134136	80.7	-0.0512993303	1000000.0	10
20170301_134146	81.1	-0.0518626445	1000000.0	10
20170301_134156	81.1	-0.0584317458	1000000.0	10
20170301_134206	81.5	-0.0571534282	1000000.0	10
20170301_134216	81.5	-0.0565569653	1000000.0	10
20170301_134226	81.6	-0.0569777996	1000000.0	10
20170301_134236	81.8	-0.0564176322	1000000.0	10
20170301_134246	81.8	-0.0564638603	1000000.0	10
20170301_134256	82.0	-0.0554904291	1000000.0	10
20170301_134306	82.2	-0.0558058935	1000000.0	10
20170301_134316	82.4	-0.0567084459	1000000.0	10
20170301_134326	82.6	-0.0568247814	1000000.0	10
20170301_134336	82.4	-0.0562699958	1000000.0	10
20170301_134346	82.4	-0.0564338622	1000000.0	10
20170301_134356	82.8	-0.0564833137	1000000.0	10
20170301_134406	82.6	-0.052577979	1000000.0	10
20170301_134416	82.6	-0.0533884957	1000000.0	10
20170301_134426	82.8	-0.0560991173	1000000.0	10
20170301_134436	82.8	-0.0540048891	1000000.0	10
20170301_134446	82.6	-0.055394903	1000000.0	10
20170301_134456	82.6	-0.0520375771	1000000.0	10
20170301_134506	81.8	-0.0530118241	1000000.0	10
20170301_134516	81.3	-0.053193796	1000000.0	10
20170301_134526	81.1	-0.051722159	1000000.0	10
20170301_134536	81.1	-0.0520308734	1000000.0	10
20170301_134546	80.9	-0.051775062	1000000.0	10
20170301_134556	81.3	-0.0520370331	1000000.0	10
20170301_134606	81.1	-0.0517484188	1000000.0	10
20170301_134616	81.1	-0.0520269789	1000000.0	10
20170301_134626	81.3	-0.0520726288	1000000.0	10
20170301_134636	81.5	-0.0525774678	1000000.0	10
20170301_134646	81.5	-0.0524201357	1000000.0	10
20170301_134656	81.6	-0.0533933647	1000000.0	10
20170301_134706	81.5	-0.0535833166	1000000.0	10
20170301_134716	81.6	-0.0526009028	1000000.0	10
20170301_134726	81.6	-0.0534465729	1000000.0	10
20170301_134736	81.8	-0.053444778	1000000.0	10
20170301_134746	81.8	-0.0538586838	1000000.0	10
20170301_134756	81.8	-0.0535694376	1000000.0	10
20170301_134806	82.2	-0.0561383865	1000000.0	10
20170301_134816	82.2	-0.0540386838	1000000.0	10
20170301_134826	82.2	-0.0546059898	1000000.0	10
20170301_134836	82.0	-0.0541296564	1000000.0	10
20170301_134846	82.4	-0.0541663245	1000000.0	10
20170301_134856	82.4	-0.0546764327	1000000.0	10
20170301_134906	82.4	-0.0551842502	1000000.0	10
20170301_134916	82.4	-0.0557895068	1000000.0	10
20170301_134926	82.2	-0.0590247831	1000000.0	10
20170301_134935	82.4	-0.0911833747	1000000.0	10
20170301_134946	82.4	-0.0749793504	1000000.0	10
20170301_134956	82.4	-0.0750473418	1000000.0	10
20170301_135006	82.4	-0.0747395224	1000000.0	10
20170301_135016	82.6	-0.0748417522	1000000.0	10
20170301_135026	82.6	-0.0732069547	1000000.0	10
20170301_135036	82.6	-0.0722875854	1000000.0	10
20170301_135046	82.6	-0.0714944838	1000000.0	10
20170301_135056	82.6	-0.0712165901	1000000.0	10
20170301_135106	82.4	-0.0702999527	1000000.0	10
20170301_135116	82.6	-0.0688070525	1000000.0	10
20170301_135126	82.6	-0.0683581951	1000000.0	10
20170301_135136	82.4	-0.0685554283	1000000.0	10
20170301_135146	82.8	-0.0686366758	1000000.0	10
20170301_135156	82.8	-0.067647462	1000000.0	10
20170301_135206	83.0	-0.0676336954	1000000.0	10
20170301_135215	83.0	-0.0669512119	1000000.0	10
20170301_135226	83.2	-0.0663906607	1000000.0	10
20170301_135236	83.0	-0.067775474	1000000.0	10
20170301_135246	83.2	-0.0662964539	1000000.0	10
20170301_135256	83.2	-0.0660346329	1000000.0	10
20170301_135306	83.2	-0.0665549898	1000000.0	10
20170301_135316	83.3	-0.066467586	1000000.0	10
20170301_135326	83.3	-0.0666076672	1000000.0	10
20170301_135336	83.2	-0.0664265854	1000000.0	10
20170301_135346	83.2	-0.0667499019	1000000.0	10
20170301_135356	83.2	-0.0667505527	1000000.0	10
20170301_135406	83.3	-0.0677874798	1000000.0	10
20170301_135416	83.3	-0.0673914429	1000000.0	10
20170301_135426	83.3	-0.0681662785	1000000.0	10
20170301_135436	83.3	-0.0682718437	1000000.0	10
20170301_135446	83.3	-0.0665925912	1000000.0	10
20170301_135456	83.3	-0.0679635685	1000000.0	10
20170301_135506	83.3	-0.0673830667	1000000.0	10
20170301_135516	83.5	-0.0687416929	1000000.0	10
20170301_135526	83.3	-0.0690265341	1000000.0	10
20170301_135536	83.7	-0.0681755536	1000000.0	10
20170301_135546	83.3	-0.0675985727	1000000.0	10
20170301_135556	83.3	-0.0680778456	1000000.0	10
20170301_135606	83.7	-0.069289851	1000000.0	10
20170301_135616	83.5	-0.0688674383	1000000.0	10
20170301_135626	83.5	-0.0687010443	1000000.0	10
20170301_135636	83.7	-0.0678744599	1000000.0	10
20170301_135646	83.5	-0.0679862522	1000000.0	10
20170301_135656	83.7	-0.0699282269	1000000.0	10
20170301_135706	83.7	-0.0687285996	1000000.0	10
20170301_135716	83.9	-0.0719707983	1000000.0	10
20170301_135726	84.1	-0.0706972759	1000000.0	10
20170301_135736	84.1	-0.0720615663	1000000.0	10
20170301_135746	84.3	-0.0703530707	1000000.0	10
20170301_135756	85.0	-0.0715529529	1000000.0	10
20170301_135806	85.8	-0.0718047404	1000000.0	10
20170301_135816	84.9	-0.0726539629	1000000.0	10
20170301_135826	85.4	-0.0716696285	1000000.0	10
20170301_135836	85.0	-0.0708682301	1000000.0	10
20170301_135846	85.4	-0.0737909659	1000000.0	10
20170301_135856	84.9	-0.0749125012	1000000.0	10
20170301_135906	84.9	-0.0750717927	1000000.0	10
20170301_135916	84.9	-0.0749957749	1000000.0	10
20170301_135926	84.5	-0.0770219894	1000000.0	10
20170301_135936	84.7	-0.0756478456	1000000.0	10
20170301_135946	84.5	-0.0744369334	1000000.0	10
20170301_135956	84.5	-0.0763407059	1000000.0	10
20170301_140006	84.5	-0.0758886689	1000000.0	10
20170301_140016	84.7	-0.0735055065	1000000.0	10
20170301_140026	84.7	-0.0738616435	1000000.0	10
20170301_140036	84.9	-0.071306058	1000000.0	10
20170301_140046	84.9	-0.0704503921	1000000.0	10
20170301_140056	84.7	-0.0721364144	1000000.0	10
20170301_140106	84.5	-0.0726967107	1000000.0	10
20170301_140116	84.9	-0.0702238267	1000000.0	10
20170301_140126	84.9	-0.0731386163	1000000.0	10
20170301_140136	84.9	-0.0716728396	1000000.0	10
20170301_140146	84.7	-0.0741012992	1000000.0	10
20170301_140156	84.9	-0.0713171909	1000000.0	10
20170301_140206	84.5	-0.0720341732	1000000.0	10
20170301_140216	84.9	-0.0716062983	1000000.0	10
20170301_140226	85.0	-0.0730444599	1000000.0	10
20170301_140236	85.0	-0.0743582724	1000000.0	10
20170301_140246	85.0	-0.0747099991	1000000.0	10
20170301_140256	85.0	-0.0742134735	1000000.0	10
20170301_140306	85.0	-0.0733804626	1000000.0	10
20170301_140316	85.0	-0.0747153952	1000000.0	10
20170301_140326	85.0	-0.0749255071	1000000.0	10
20170301_140336	85.2	-0.0733899298	1000000.0	10
20170301_140346	85.2	-0.0749924858	1000000.0	10
20170301_140356	85.2	-0.0742007556	1000000.0	10
20170301_140406	85.2	-0.0757041826	1000000.0	10
20170301_140416	85.2	-0.0773218816	1000000.0	10
20170301_140426	85.4	-0.0777113751	1000000.0	10
20170301_140436	85.4	-0.0764418311	1000000.0	10
20170301_140446	85.4	-0.0752666433	1000000.0	10
20170301_140456	85.4	-0.0760524364	1000000.0	10
20170301_140506	85.6	-0.0777585763	1000000.0	10
20170301_140516	85.4	-0.0780544931	1000000.0	10
20170301_140526	85.4	-0.0743806212	1000000.0	10
20170301_140536	85.4	-0.0776634558	1000000.0	10
20170301_140546	85.4	-0.0770368122	1000000.0	10
20170301_140556	85.6	-0.0777313305	1000000.0	10
20170301_140606	85.6	-0.0765613685	1000000.0	10
20170301_140616	85.4	-0.0792086593	1000000.0	10
20170301_140626	85.8	-0.0780863893	1000000.0	10
20170301_140636	85.6	-0.0805542732	1000000.0	10
20170301_140646	85.6	-0.0790279768	1000000.0	10
20170301_140656	85.8	-0.0799154149	1000000.0	10
20170301_140706	85.8	-0.080249683	1000000.0	10
20170301_140716	85.8	-0.0803738351	1000000.0	10
20170301_140726	85.8	-0.0813946731	1000000.0	10
20170301_140736	86.0	-0.0790704935	1000000.0	10
20170301_140746	86.0	-0.0810109821	1000000.0	10
20170301_140756	86.0	-0.0808865259	1000000.0	10
20170301_140806	85.8	-0.0809867663	1000000.0	10
20170301_140816	86.0	-0.0818160161	1000000.0	10
20170301_140826	86.2	-0.0816508634	1000000.0	10
20170301_140836	86.0	-0.0802735071	1000000.0	10
20170301_140846	86.2	-0.0812653736	1000000.0	10
20170301_140856	86.2	-0.0816556363	1000000.0	10
20170301_140906	86.2	-0.0812754566	1000000.0	10
20170301_140916	86.0	-0.0829671772	1000000.0	10
20170301_140926	86.4	-0.0816797902	1000000.0	10
20170301_140936	86.2	-0.0801579149	1000000.0	10
20170301_140945	86.4	-0.0817980863	1000000.0	10
20170301_140956	86.2	-0.0807750571	1000000.0	10
20170301_141006	86.7	-0.0818037249	1000000.0	10
20170301_141016	86.6	-0.0825003587	1000000.0	10
20170301_141026	86.4	-0.0830979538	1000000.0	10
20170301_141036	87.1	-0.0837465191	1000000.0	10
20170301_141046	86.6	-0.0821858651	1000000.0	10
20170301_141056	86.2	-0.083780848	1000000.0	10
20170301_141106	86.6	-0.0811636899	1000000.0	10
20170301_141116	86.4	-0.0821765582	1000000.0	10
20170301_141126	86.4	-0.08149461	1000000.0	10
20170301_141136	86.4	-0.0827872746	1000000.0	10
20170301_141146	86.4	-0.0810815881	1000000.0	10
20170301_141156	86.6	-0.0819507482	1000000.0	10
20170301_141206	86.4	-0.0825782864	1000000.0	10
20170301_141216	86.4	-0.0843645968	1000000.0	10
20170301_141225	86.4	-0.0850717467	1000000.0	10
20170301_141236	86.2	-0.0832179843	1000000.0	10
20170301_141246	86.0	-0.0843231107	1000000.0	10
20170301_141256	86.2	-0.0842706863	1000000.0	10
20170301_141306	86.2	-0.0838200553	1000000.0	10
20170301_141316	86.2	-0.0844663602	1000000.0	10
20170301_141325	82.0	-0.0864117866	1000000.0	10
20170301_141336	84.3	-0.0847344164	1000000.0	10
20170301_141346	84.5	-0.084331753	1000000.0	10
20170301_141355	85.8	-0.0851626552	1000000.0	10
20170301_141405	85.6	-0.0877555282	1000000.0	10
20170301_141415	85.8	-0.0859226724	1000000.0	10
20170301_141426	85.6	-0.0855689179	1000000.0	10
20170301_141435	85.8	-0.0861950128	1000000.0	10
20170301_141445	85.6	-0.0854764635	1000000.0	10
20170301_141456	85.4	-0.086200058	1000000.0	10
20170301_141505	85.6	-0.0866079381	1000000.0	10
20170301_141515	86.0	-0.0860753411	1000000.0	10
20170301_141526	85.8	-0.0872128475	1000000.0	10
20170301_141535	86.0	-0.0866076482	1000000.0	10
20170301_141545	86.4	-0.0870165324	1000000.0	10
20170301_141555	86.0	-0.0868138578	1000000.0	10
20170301_141605	86.2	-0.0874221972	1000000.0	10
20170301_141615	86.0	-0.0850872489	1000000.0	10
20170301_141625	85.6	-0.0871781952	1000000.0	10
20170301_141635	85.8	-0.0879645365	1000000.0	10
20170301_141645	85.8	-0.087493861	1000000.0	10
20170301_141655	86.0	-0.0872591898	1000000.0	10
20170301_141705	86.7	-0.0875351041	1000000.0	10
20170301_141715	86.7	-0.0865942157	1000000.0	10
20170301_141725	86.0	-0.0863690171	1000000.0	10
20170301_141735	85.8	-0.088118602	1000000.0	10
20170301_141745	85.8	-0.0863276495	1000000.0	10
20170301_141755	85.6	-0.0867238163	1000000.0	10
20170301_141805	86.0	-0.0863978098	1000000.0	10
20170301_141815	86.0	-0.0873946797	1000000.0	10
20170301_141825	86.2	-0.0879072118	1000000.0	10
20170301_141835	86.0	-0.0885896111	1000000.0	10
20170301_141845	86.2	-0.0888207847	1000000.0	10
20170301_141856	86.2	-0.0893192591	1000000.0	10
20170301_141905	86.2	-0.0893795212	1000000.0	10
20170301_141915	85.8	-0.0870036985	1000000.0	10
20170301_141925	85.2	-0.0882727089	1000000.0	10
20170301_141935	84.9	-0.0874235998	1000000.0	10
20170301_141945	84.9	-0.0862368527	1000000.0	10
20170301_141955	84.9	-0.0888816956	1000000.0	10
20170301_142005	85.0	-0.0881896738	1000000.0	10
20170301_142015	85.2	-0.0889979289	1000000.0	10
20170301_142025	85.0	-0.0886563771	1000000.0	10
20170301_142035	84.9	-0.0873831532	1000000.0	10
20170301_142045	85.2	-0.0884766658	1000000.0	10
20170301_142055	85.2	-0.0873167121	1000000.0	10
20170301_142105	85.2	-0.0893554376	1000000.0	10
20170301_142115	85.2	-0.0895003511	1000000.0	10
20170301_142125	85.2	-0.088590932	1000000.0	10
20170301_142135	85.4	-0.0895260183	1000000.0	10
20170301_142145	85.4	-0.0902644089	1000000.0	10
20170301_142155	85.4	-0.088240734	1000000.0	10
20170301_142205	86.2	-0.0891255476	1000000.0	10
20170301_142215	85.8	-0.0893089674	1000000.0	10
20170301_142225	86.2	-0.0880380966	1000000.0	10
20170301_142235	86.0	-0.0901224841	1000000.0	10
20170301_142245	86.2	-0.0892101151	1000000.0	10
20170301_142255	86.0	-0.0903578844	1000000.0	10
20170301_142305	86.2	-0.0903840387	1000000.0	10
20170301_142315	86.0	-0.0907763661	1000000.0	10
20170301_142325	86.2	-0.08924553	1000000.0	10
20170301_142335	86.4	-0.0902152772	1000000.0	10
20170301_142345	86.4	-0.0907031059	1000000.0	10
20170301_142355	86.2	-0.0889628413	1000000.0	10
20170301_142405	86.4	-0.0891345802	1000000.0	10
20170301_142415	86.4	-0.0910176004	1000000.0	10
20170301_142425	86.2	-0.091635624	1000000.0	10
20170301_142435	86.2	-0.0918417328	1000000.0	10
20170301_142445	86.4	-0.0917467466	1000000.0	10
20170301_142455	86.6	-0.0916464529	1000000.0	10
20170301_142505	86.4	-0.0915325211	1000000.0	10
20170301_142515	86.6	-0.0936748513	1000000.0	10
20170301_142525	86.7	-0.093107373	1000000.0	10
20170301_142535	86.7	-0.0922143278	1000000.0	10
20170301_142545	86.6	-0.0915931818	1000000.0	10
20170301_142555	86.7	-0.0939012637	1000000.0	10
20170301_142605	86.6	-0.093555605	1000000.0	10
20170301_142615	86.6	-0.0935289048	1000000.0	10
20170301_142625	86.7	-0.0947475191	1000000.0	10
20170301_142635	86.6	-0.0956071768	1000000.0	10
20170301_142645	86.7	-0.0937507207	1000000.0	10
20170301_142655	86.6	-0.0946665808	1000000.0	10
20170301_142705	86.7	-0.094485387	1000000.0	10
20170301_142715	86.7	-0.0951214645	1000000.0	10
20170301_142725	86.7	-0.0946908316	1000000.0	10
20170301_142735	86.6	-0.0934110986	1000000.0	10
20170301_142745	86.7	-0.0941609074	1000000.0	10
20170301_142755	86.6	-0.0942666817	1000000.0	10
20170301_142805	86.7	-0.0950326537	1000000.0	10
20170301_142815	86.2	-0.0940438736	1000000.0	10
20170301_142825	86.6	-0.0931911793	1000000.0	10
20170301_142835	87.3	-0.0941657307	1000000.0	10
20170301_142845	86.6	-0.0941416732	1000000.0	10
20170301_142855	86.6	-0.0954138919	1000000.0	10
20170301_142905	86.7	-0.0946076018	1000000.0	10
20170301_142915	86.9	-0.0940793566	1000000.0	10
20170301_142925	86.7	-0.0936670294	1000000.0	10
20170301_142935	86.6	-0.0922406302	1000000.0	10
20170301_142945	86.9	-0.0937200774	1000000.0	10
20170301_142955	86.6	-0.0937081976	1000000.0	10
20170301_143006	86.7	-0.0949134009	1000000.0	10
20170301_143016	87.1	-0.0971132872	1000000.0	10
20170301_143025	86.4	-0.0944102404	1000000.0	10
20170301_143035	86.6	-0.0936399367	1000000.0	10
20170301_143045	86.4	-0.0944365199	1000000.0	10
20170301_143055	87.1	-0.0948564811	1000000.0	10
20170301_143105	87.1	-0.0957652746	1000000.0	10
20170301_143115	86.6	-0.0952469358	1000000.0	10
20170301_143125	86.6	-0.0954793615	1000000.0	10
20170301_143135	86.7	-0.0960561254	1000000.0	10
20170301_143145	86.9	-0.0950693001	1000000.0	10
20170301_143155	86.7	-0.0941945909	1000000.0	10
20170301_143205	86.7	-0.095849881	1000000.0	10
20170301_143215	86.7	-0.0967240408	1000000.0	10
20170301_143225	86.6	-0.0938507287	1000000.0	10
20170301_143235	87.1	-0.0916973262	1000000.0	10
20170301_143245	86.6	-0.094368812	1000000.0	10
20170301_143255	86.7	-0.094683938	1000000.0	10
20170301_143305	87.3	-0.0952998441	1000000.0	10
20170301_143315	86.9	-0.0948510365	1000000.0	10
20170301_143325	87.1	-0.0961300084	1000000.0	10
20170301_143335	86.6	-0.0938495008	1000000.0	10
20170301_143345	85.8	-0.0948830893	1000000.0	10
20170301_143355	86.0	-0.0955792868	1000000.0	10
20170301_143405	86.4	-0.0944724617	1000000.0	10
20170301_143415	86.2	-0.0937086696	1000000.0	10
20170301_143425	86.4	-0.0955423749	1000000.0	10
20170301_143435	86.2	-0.0933213973	1000000.0	10
20170301_143445	86.4	-0.0944947337	1000000.0	10
20170301_143455	86.4	-0.0942973296	1000000.0	10
20170301_143505	86.4	-0.0951401579	1000000.0	10
20170301_143515	86.6	-0.0955424966	1000000.0	10
20170301_143525	86.6	-0.0943479959	1000000.0	10
20170301_143535	86.6	-0.0965660233	1000000.0	10
20170301_143545	86.6	-0.0959551818	1000000.0	10
20170301_143555	86.7	-0.0948469048	1000000.0	10
20170301_143605	86.7	-0.0958616333	1000000.0	10
20170301_143615	86.7	-0.0947485145	1000000.0	10
20170301_143625	86.7	-0.0929243034	1000000.0	10
20170301_143635	87.1	-0.0963764206	1000000.0	10
20170301_143645	86.7	-0.0965397695	1000000.0	10
20170301_143655	87.1	-0.0960659942	1000000.0	10
20170301_143705	86.9	-0.0953534265	1000000.0	10
20170301_143715	87.1	-0.0972301521	1000000.0	10
20170301_143725	87.1	-0.0972803957	1000000.0	10
20170301_143735	87.1	-0.0959412336	1000000.0	10
20170301_143745	87.3	-0.0981775022	1000000.0	10
20170301_143755	87.3	-0.0975268157	1000000.0	10
20170301_143805	86.7	-0.0951098756	1000000.0	10
20170301_143815	87.1	-0.0961641294	1000000.0	10
20170301_143825	86.9	-0.096219873	1000000.0	10
20170301_143835	87.1	-0.0979792611	1000000.0	10
20170301_143845	87.1	-0.0990159938	1000000.0	10
20170301_143855	87.1	-0.0990159689	1000000.0	10
20170301_143905	87.3	-0.0981159679	1000000.0	10
20170301_143915	87.1	-0.0971216104	1000000.0	10
20170301_143925	87.1	-0.098951399	1000000.0	10
20170301_143935	87.1	-0.0992495598	1000000.0	10
20170301_143945	87.3	-0.0970470936	1000000.0	10
20170301_143955	87.3	-0.0960773468	1000000.0	10
20170301_144005	87.3	-0.0957665082	1000000.0	10
20170301_144015	87.3	-0.09765231	1000000.0	10
20170301_144025	87.3	-0.0977944968	1000000.0	10
20170301_144035	87.3	-0.0974036054	1000000.0	10
20170301_144045	87.3	-0.097128211	1000000.0	10
20170301_144055	87.5	-0.0980975829	1000000.0	10
20170301_144105	87.5	-0.0982163051	1000000.0	10
20170301_144115	87.5	-0.0953744798	1000000.0	10
20170301_144125	87.5	-0.0964513405	1000000.0	10
20170301_144135	87.5	-0.0969679635	1000000.0	10
20170301_144145	87.7	-0.0977294061	1000000.0	10
20170301_144155	87.9	-0.0944429749	1000000.0	10
20170301_144205	87.3	-0.0952665277	1000000.0	10
20170301_144215	87.5	-0.0979987235	1000000.0	10
20170301_144225	87.9	-0.0956837995	1000000.0	10
20170301_144235	87.9	-0.0948969781	1000000.0	10
20170301_144245	87.9	-0.0975805745	1000000.0	10
20170301_144255	87.9	-0.0975144866	1000000.0	10
20170301_144305	88.1	-0.0969198179	1000000.0	10
20170301_144315	88.1	-0.0968810117	1000000.0	10
20170301_144325	88.1	-0.0988156329	1000000.0	10
20170301_144335	88.1	-0.0999167155	1000000.0	10
20170301_144345	87.9	-0.0993452466	1000000.0	10
20170301_144355	88.1	-0.100247189	1000000.0	10
20170301_144405	88.3	-0.0995078859	1000000.0	10
20170301_144415	88.4	-0.0993889843	1000000.0	10
20170301_144426	88.1	-0.0970716887	1000000.0	10
20170301_144435	88.1	-0.099922633	1000000.0	10
20170301_144446	88.3	-0.0996747307	1000000.0	10
20170301_144456	88.1	-0.0994560766	1000000.0	10
20170301_144505	86.7	-0.0991188167	1000000.0	10
20170301_144515	87.3	-0.0985988387	1000000.0	10
20170301_144525	87.7	-0.0980768675	1000000.0	10
20170301_144535	87.5	-0.0987457513	1000000.0	10
20170301_144545	87.3	-0.100260556	1000000.0	10
20170301_144555	87.1	-0.099368813	1000000.0	10
20170301_144605	87.5	-0.100559149	1000000.0	10
20170301_144615	86.9	-0.100435479	1000000.0	10
20170301_144625	86.9	-0.10230557	1000000.0	10
20170301_144635	86.9	-0.101992019	1000000.0	10
20170301_144645	87.1	-0.100611889	1000000.0	10
20170301_144655	86.6	-0.103797151	1000000.0	10
20170301_144705	87.5	-0.102291007	1000000.0	10
20170301_144715	86.9	-0.101479843	1000000.0	10
20170301_144725	86.7	-0.103214021	1000000.0	10
20170301_144735	87.3	-0.100489978	1000000.0	10
20170301_144745	86.9	-0.103561357	1000000.0	10
20170301_144755	86.7	-0.105122534	1000000.0	10
20170301_144805	87.3	-0.10521793	1000000.0	10
20170301_144815	87.3	-0.104851585	1000000.0	10
20170301_144825	87.1	-0.102794278	1000000.0	10
20170301_144835	87.1	-0.10646521	1000000.0	10
20170301_144845	87.1	-0.105191802	1000000.0	10
20170301_144856	87.1	-0.104355897	1000000.0	10
20170301_144906	87.1	-0.103596955	1000000.0	10
20170301_144915	87.3	-0.104005137	1000000.0	10
20170301_144925	87.3	-0.102763458	1000000.0	10
20170301_144935	87.1	-0.103611339	1000000.0	10
20170301_144945	87.3	-0.106328201	1000000.0	10
20170301_144955	87.9	-0.104621368	1000000.0	10
20170301_145005	86.9	-0.104686937	1000000.0	10
20170301_145015	86.7	-0.10474218	1000000.0	10
20170301_145025	86.9	-0.105497585	1000000.0	10
20170301_145035	86.9	-0.105752015	1000000.0	10
20170301_145045	87.1	-0.0996811194	1000000.0	10
20170301_145055	87.1	-0.105497758	1000000.0	10
20170301_145105	86.9	-0.104243215	1000000.0	10
20170301_145115	86.9	-0.106896038	1000000.0	10
20170301_145125	87.1	-0.105129717	1000000.0	10
20170301_145135	86.9	-0.104790381	1000000.0	10
20170301_145145	86.9	-0.106381035	1000000.0	10
20170301_145155	86.2	-0.1067003	1000000.0	10
20170301_145205	85.6	-0.105946857	1000000.0	10
20170301_145215	85.6	-0.107872104	1000000.0	10
20170301_145225	85.6	-0.103845887	1000000.0	10
20170301_145235	85.2	-0.104611538	1000000.0	10
20170301_145245	84.9	-0.103956629	1000000.0	10
20170301_145255	85.6	-0.104120446	1000000.0	10
20170301_145305	85.8	-0.103967237	1000000.0	10
20170301_145315	85.8	-0.105429448	1000000.0	10
20170301_145325	85.8	-0.107137644	1000000.0	10
20170301_145335	85.4	-0.10593663	1000000.0	10
20170301_145345	86.0	-0.104516498	1000000.0	10
20170301_145355	84.9	-0.104978389	1000000.0	10
20170301_145405	86.2	-0.106473903	1000000.0	10
20170301_145415	85.4	-0.105871007	1000000.0	10
20170301_145425	85.8	-0.104799488	1000000.0	10
20170301_145435	85.4	-0.106158244	1000000.0	10
20170301_145445	85.4	-0.104442241	1000000.0	10
20170301_145455	85.8	-0.103535896	1000000.0	10
20170301_145505	86.0	-0.107121889	1000000.0	10
20170301_145515	85.6	-0.107564483	1000000.0	10
20170301_145525	85.6	-0.106449844	1000000.0	10
20170301_145535	85.8	-0.105317075	1000000.0	10
20170301_145545	85.8	-0.107750489	1000000.0	10
20170301_145555	85.8	-0.106548222	1000000.0	10
20170301_145605	85.8	-0.106747599	1000000.0	10
20170301_145615	85.8	-0.108932224	1000000.0	10
20170301_145625	86.0	-0.107172915	1000000.0	10
20170301_145635	85.8	-0.107881077	1000000.0	10
20170301_145645	85.8	-0.107096175	1000000.0	10
20170301_145655	86.0	-0.104244536	1000000.0	10
20170301_145705	86.0	-0.106611309	1000000.0	10
20170301_145715	86.2	-0.107159361	1000000.0	10
20170301_145725	86.0	-0.105722461	1000000.0	10
20170301_145735	86.0	-0.106994806	1000000.0	10
20170301_145745	86.2	-0.106909699	1000000.0	10
20170301_145755	86.2	-0.109168027	1000000.0	10
20170301_145805	86.2	-0.105486521	1000000.0	10
20170301_145815	86.2	-0.109156817	1000000.0	10
20170301_145825	86.4	-0.105600319	1000000.0	10
20170301_145835	86.2	-0.109596158	1000000.0	10
20170301_145845	86.2	-0.109993291	1000000.0	10
20170301_145855	86.0	-0.109398723	1000000.0	10
20170301_145905	85.8	-0.107389209	1000000.0	10
20170301_145915	86.0	-0.107146161	1000000.0	10
20170301_145925	86.0	-0.107094962	1000000.0	10
20170301_145935	86.0	-0.110355408	1000000.0	10
20170301_145945	86.0	-0.107690344	1000000.0	10
20170301_145955	86.0	-0.107512431	1000000.0	10
20170301_150005	86.0	-0.109381377	1000000.0	10
20170301_150015	86.0	-0.108568235	1000000.0	10
20170301_150025	86.0	-0.11076556	1000000.0	10
20170301_150035	86.2	-0.109118856	1000000.0	10
20170301_150045	86.2	-0.107905849	1000000.0	10
20170301_150055	86.2	-0.108864757	1000000.0	10
20170301_150105	86.2	-0.108652286	1000000.0	10
20170301_150115	86.2	-0.108492379	1000000.0	10
20170301_150125	86.2	-0.109293033	1000000.0	10
20170301_150135	86.2	-0.108523602	1000000.0	10
20170301_150145	86.4	-0.107924573	1000000.0	10
20170301_150155	86.7	-0.111405089	1000000.0	10
20170301_150205	86.9	-0.109590137	1000000.0	10
20170301_150215	87.1	-0.111596924	1000000.0	10
20170301_150225	87.1	-0.111767607	1000000.0	10
20170301_150235	87.1	-0.109354404	1000000.0	10
20170301_150245	87.1	-0.11177787	1000000.0	10
20170301_150255	86.9	-0.112438823	1000000.0	10
20170301_150305	86.9	-0.112274679	1000000.0	10
20170301_150315	87.1	-0.109749429	1000000.0	10
20170301_150325	87.1	-0.10842117	1000000.0	10
20170301_150335	86.9	-0.109901479	1000000.0	10
20170301_150345	87.1	-0.110337902	1000000.0	10
20170301_150355	87.1	-0.111089562	1000000.0	10
20170301_150406	87.1	-0.111145442	1000000.0	10
20170301_150415	86.9	-0.11270959	1000000.0	10
20170301_150425	86.9	-0.112192042	1000000.0	10
20170301_150435	87.1	-0.113301139	1000000.0	10
20170301_150445	87.1	-0.111823814	1000000.0	10
20170301_150455	87.1	-0.112499504	1000000.0	10
20170301_150505	87.5	-0.113185843	1000000.0	10
20170301_150515	87.1	-0.114052286	1000000.0	10
20170301_150525	86.9	-0.107174383	1000000.0	10
20170301_150535	86.7	-0.109973927	1000000.0	10
20170301_150545	86.7	-0.11097435	1000000.0	10
20170301_150555	86.6	-0.111179075	1000000.0	10
20170301_150605	86.7	-0.112390081	1000000.0	10
20170301_150615	86.6	-0.112854421	1000000.0	10
20170301_150625	86.0	-0.112749514	1000000.0	10
20170301_150635	87.1	-0.113941473	1000000.0	10
20170301_150645	86.7	-0.112312327	1000000.0	10
20170301_150655	86.7	-0.114256671	1000000.0	10
20170301_150705	86.6	-0.114402153	1000000.0	10
20170301_150715	86.7	-0.11543532	1000000.0	10
20170301_150725	86.9	-0.114160314	1000000.0	10
20170301_150735	86.7	-0.114701899	1000000.0	10
20170301_150745	86.7	-0.113857276	1000000.0	10
20170301_150755	86.7	-0.113382651	1000000.0	10
20170301_150805	86.9	-0.113554263	1000000.0	10
20170301_150815	86.9	-0.113813337	1000000.0	10
20170301_150825	86.7	-0.113479573	1000000.0	10
20170301_150835	86.7	-0.112603202	1000000.0	10
20170301_150845	86.9	-0.110419868	1000000.0	10
20170301_150855	87.1	-0.112349001	1000000.0	10
20170301_150905	86.4	-0.113584488	1000000.0	10
20170301_150915	86.4	-0.113948273	1000000.0	10
20170301_150925	86.6	-0.115115407	1000000.0	10
20170301_150935	86.6	-0.116229518	1000000.0	10
20170301_150945	86.6	-0.115544483	1000000.0	10
20170301_150955	86.6	-0.116092677	1000000.0	10
20170301_151005	86.6	-0.114880605	1000000.0	10
20170301_151015	86.7	-0.115074419	1000000.0	10
20170301_151025	86.6	-0.117132506	1000000.0	10
20170301_151035	86.9	-0.11484685	1000000.0	10
20170301_151045	86.6	-0.114237928	1000000.0	10
20170301_151055	86.4	-0.114526777	1000000.0	10
20170301_151105	86.2	-0.115000732	1000000.0	10
20170301_151115	86.2	-0.114655442	1000000.0	10
20170301_151125	86.4	-0.1148862	1000000.0	10
20170301_151135	86.6	-0.117291371	1000000.0	10
20170301_151145	86.2	-0.11766628	1000000.0	10
20170301_151155	86.0	-0.117044159	1000000.0	10
20170301_151205	86.4	-0.118829818	1000000.0	10
20170301_151215	86.4	-0.114363619	1000000.0	10
20170301_151225	86.4	-0.117129439	1000000.0	10
20170301_151235	86.7	-0.118718762	1000000.0	10
20170301_151245	86.9	-0.118729484	1000000.0	10
20170301_151255	86.9	-0.119630801	1000000.0	10
20170301_151305	86.9	-0.12051958	1000000.0	10
20170301_151315	86.9	-0.118445795	1000000.0	10
20170301_151325	86.9	-0.118582623	1000000.0	10
20170301_151335	87.1	-0.119524112	1000000.0	10
20170301_151345	86.9	-0.120353542	1000000.0	10
20170301_151355	86.9	-0.122224078	1000000.0	10
20170301_151405	87.1	-1.39135272	1000000.0	10
20170301_151415	87.1	-1.30335327	1000000.0	10
20170301_151425	86.9	-1.21667401	1000000.0	10
20170301_151435	87.3	-1.16186062	1000000.0	10
20170301_151445	87.1	-0.14234885	1000000.0	10
20170301_151455	87.1	-0.126745509	1000000.0	10
20170301_151505	87.1	-0.124665189	1000000.0	10
20170301_151515	87.1	-0.123038197	1000000.0	10
20170301_151525	86.9	-0.122591562	1000000.0	10
20170301_151535	86.9	-0.122063668	1000000.0	10
20170301_151545	86.9	-0.119971049	1000000.0	10
20170301_151555	86.9	-0.122374949	1000000.0	10
20170301_151605	86.9	-0.119744096	1000000.0	10
20170301_151615	86.9	-0.118805456	1000000.0	10
20170301_151625	87.1	-0.119199372	1000000.0	10
20170301_151635	86.9	-0.120459445	1000000.0	10
20170301_151645	86.9	-0.119089937	1000000.0	10
20170301_151655	86.7	-0.120147263	1000000.0	10
20170301_151705	86.9	-0.120605919	1000000.0	10
20170301_151715	86.9	-0.120010464	1000000.0	10
20170301_151725	86.9	-0.119793543	1000000.0	10
20170301_151735	86.9	-0.120956371	1000000.0	10
20170301_151745	86.9	-0.118772828	1000000.0	10
20170301_151755	87.1	-0.118878365	1000000.0	10
20170301_151806	86.9	-0.119552159	1000000.0	10
20170301_151815	86.9	-0.119953793	1000000.0	10
20170301_151825	87.1	-0.120504553	1000000.0	10
20170301_151835	86.9	-0.1182516	1000000.0	10
20170301_151845	87.1	-0.118347445	1000000.0	10
20170301_151855	86.9	-0.117826477	1000000.0	10
20170301_151905	87.1	-0.118097652	1000000.0	10
20170301_151915	87.1	-0.1185829	1000000.0	10
20170301_151925	86.9	-0.120651738	1000000.0	10
20170301_151935	86.9	-0.117932124	1000000.0	10
20170301_151945	86.9	-0.117607441	1000000.0	10
20170301_151956	87.1	-0.000170893086	1000000.0	10
20170301_152006	87.1	0.000129689716	1000000.0	10
20170301_152016	86.9	-1.53736152e-05	1000000.0	10
20170301_152026	87.1	-0.000139280831	1000000.0	10
20170301_152036	87.1	0.00010017447	1000000.0	10
20170301_152046	87.5	-0.00024109899	1000000.0	10
20170301_152056	87.5	5.69336371e-05	1000000.0	10
20170301_152106	87.3	-0.000172564862	1000000.0	10
20170301_152116	87.3	0.000155494325	1000000.0	10
20170301_152126	87.3	-8.51792362e-05	1000000.0	10
20170301_152136	87.3	9.14272343e-05	1000000.0	10
20170301_152146	87.5	-0.000134852599	1000000.0	10
20170301_152156	87.3	-3.91990904e-05	1000000.0	10
20170301_152206	87.3	0.000204940786	1000000.0	10
20170301_152216	87.3	-0.000211619959	1000000.0	10
20170301_152226	87.3	7.47541723e-06	1000000.0	10
20170301_152236	87.3	0.000192489849	1000000.0	10
20170301_152245	87.3	-9.1371411e-05	1000000.0	10
20170301_152255	87.3	0.000207427357	1000000.0	10
20170301_152306	86.7	0.00016479853	1000000.0	10
20170301_152316	86.7	-0.000948749002	1000000.0	10
20170301_152326	86.7	-0.000489997964	1000000.0	10
20170301_152336	86.7	-0.00038616533	1000000.0	10
20170301_152346	86.6	-4.5104681e-05	1000000.0	10
20170301_152356	86.4	-0.000297166175	1000000.0	10
20170301_152406	86.4	0.000192419587	1000000.0	10
20170301_152416	86.2	-0.000346996045	1000000.0	10
20170301_152426	86.4	-0.000219544542	1000000.0	10
20170301_152436	86.4	-8.58624893e-05	1000000.0	10
20170301_152446	86.6	0.000139238688	1000000.0	10
20170301_152456	86.4	7.64809527e-05	1000000.0	10
20170301_152506	86.6	0.000252909665	1000000.0	10
20170301_152516	86.6	-0.000229096781	1000000.0	10
20170301_152526	86.4	6.47030555e-05	1000000.0	10
20170301_152536	86.7	-0.000168706056	1000000.0	10
20170301_152546	86.6	0.000196234815	1000000.0	10
20170301_152556	86.7	0.00020064807	1000000.0	10
20170301_152606	86.2	-0.00017807835	1000000.0	10
20170301_152616	86.2	3.53269963e-05	1000000.0	10
20170301_152626	85.8	0.000180804024	1000000.0	10
20170301_152636	84.9	-0.000193961272	1000000.0	10
20170301_152646	84.1	0.000164294221	1000000.0	10
20170301_152656	83.9	-0.00020709323	1000000.0	10
20170301_152706	83.9	0.00020017334	1000000.0	10
20170301_152716	83.9	-9.12271989e-05	1000000.0	10
20170301_152726	83.9	6.76225833e-05	1000000.0	10
20170301_152736	83.9	-0.207868898	1000000.0	10
20170301_152745	83.9	-0.14686718	1000000.0	10
20170301_152755	84.1	-0.144608287	1000000.0	10
20170301_152806	84.1	-0.144616192	1000000.0	10
20170301_152816	84.3	-0.142328735	1000000.0	10
20170301_152825	84.1	-0.14216459	1000000.0	10
20170301_152835	84.1	-0.139162658	1000000.0	10
20170301_152845	85.2	-0.137120987	1000000.0	10
20170301_152855	85.4	-0.132270422	1000000.0	10
20170301_152905	85.6	-0.13169756	1000000.0	10
20170301_152915	85.8	-0.130678355	1000000.0	10
20170301_152925	85.6	-0.130403025	1000000.0	10
20170301_152935	85.6	-0.127886774	1000000.0	10
20170301_152945	85.6	-0.129471547	1000000.0	10
20170301_152955	85.4	-0.126894249	1000000.0	10
20170301_153005	85.6	-0.128581391	1000000.0	10
20170301_153015	85.6	-0.12479533	1000000.0	10
20170301_153026	85.6	-0.124651408	1000000.0	10
20170301_153035	85.8	-0.123853491	1000000.0	10
20170301_153045	85.8	-0.121878774	1000000.0	10
20170301_153055	85.8	-0.119882126	1000000.0	10
20170301_153105	85.8	-0.116937727	1000000.0	10
20170301_153115	85.8	-0.116703533	1000000.0	10
20170301_153126	85.8	0.000177443697	1000000.0	10
20170301_153136	85.4	5.43861603e-05	1000000.0	10
20170301_153146	85.6	0.00019946365	1000000.0	10
20170301_153156	85.6	-0.000106896726	1000000.0	10
20170301_153206	86.0	-1.71697108e-05	1000000.0	10
20170301_153216	85.8	-0.000157575708	1000000.0	10
20170301_153226	86.0	-0.000143580343	1000000.0	10
20170301_153236	86.0	-0.000101445258	1000000.0	10
20170301_153246	85.8	-1.33405399e-05	1000000.0	10
20170301_153256	86.0	-0.000219368657	1000000.0	10
20170301_153306	86.4	0.000212141531	1000000.0	10
20170301_153315	86.2	-0.000214857152	1000000.0	10
20170301_153326	86.4	8.75919236e-05	1000000.0	10
20170301_153336	86.4	-0.000125373574	1000000.0	10
20170301_153345	86.4	-0.000212021836	1000000.0	10
20170301_153356	86.2	0.000197983661	1000000.0	10
20170301_153406	86.2	-0.000196256477	1000000.0	10
20170301_153416	86.4	0.000237180466	1000000.0	10
20170301_153426	86.7	-0.000180523267	1000000.0	10
20170301_153436	86.7	8.83249472e-05	1000000.0	10
20170301_153446	86.6	-0.000171600173	1000000.0	10
20170301_153456	86.6	-0.000112112308	1000000.0	10
20170301_153506	86.9	-9.34886357e-06	1000000.0	10
20170301_153516	86.4	-5.08342153e-05	1000000.0	10
20170301_153526	86.7	-5.81405372e-05	1000000.0	10
20170301_153536	86.6	9.9e+37	1000000.0	10
20170301_153546	86.0	-8.19559124e-05	1000000.0	10
20170301_153556	85.8	-2.08480175e-06	1000000.0	10
20170301_153606	86.0	0.000125781908	1000000.0	10
20170301_153616	85.8	8.32617172e-05	1000000.0	10
20170301_153626	85.6	7.17058452e-05	1000000.0	10
20170301_153636	86.0	0.000233308524	1000000.0	10
20170301_153646	86.0	3.87201893e-05	1000000.0	10
20170301_153656	86.0	-0.000235241118	1000000.0	10
20170301_153706	86.0	9.40257303e-05	1000000.0	10
20170301_153716	86.0	0.000150643992	1000000.0	10
20170301_153726	85.8	-0.000173350049	1000000.0	10
20170301_153736	85.8	0.000166229604	1000000.0	10
20170301_153746	85.6	-1.11037015e-05	1000000.0	10
20170301_153756	85.8	-0.000239814347	1000000.0	10
20170301_153806	85.8	2.22605906e-05	1000000.0	10
20170301_153816	86.0	-0.000204089462	1000000.0	10
20170301_153826	85.8	3.1781708e-05	1000000.0	10
20170301_153836	86.0	-0.000232138096	1000000.0	10
20170301_153846	85.8	0.00015092687	1000000.0	10
20170301_153856	86.0	-0.000153635167	1000000.0	10
20170301_153906	86.0	0.000192536398	1000000.0	10
20170301_153916	86.0	-0.000133251054	1000000.0	10
20170301_153926	86.2	0.00011441972	1000000.0	10
20170301_153936	86.2	-0.000219353344	1000000.0	10
20170301_153946	86.2	-1.18225002e-05	1000000.0	10
20170301_153956	86.4	8.04403579e-06	1000000.0	10
20170301_154006	86.2	-0.000866276155	1000000.0	10
20170301_154016	86.4	0.000135589683	1000000.0	10
20170301_154026	86.4	-0.000220997298	1000000.0	10
20170301_154036	86.4	0.000192533587	1000000.0	10
20170301_154046	86.4	-7.80547986e-05	1000000.0	10
20170301_154056	86.2	-7.54709601e-06	1000000.0	10
20170301_154106	86.2	-9.65119889e-05	1000000.0	10
20170301_154116	86.2	0.000186786224	1000000.0	10
20170301_154126	86.4	-0.000149091031	1000000.0	10
20170301_154136	86.6	-9.20441494e-05	1000000.0	10
20170301_154146	86.2	8.14071522e-05	1000000.0	10
20170301_154156	86.4	-0.000196397603	1000000.0	10
20170301_154206	86.4	-0.0562274173	1000000.0	10
20170301_154216	86.4	-8.12105588e-05	1000000.0	10
20170301_154226	86.6	4.69473216e-05	1000000.0	10
20170301_154236	86.6	0.000184793137	1000000.0	10
20170301_154246	86.6	-0.000214130317	1000000.0	10
20170301_154256	86.6	2.03085542e-05	1000000.0	10
20170301_154306	86.6	1.29604004e-05	1000000.0	10
20170301_154316	86.6	-0.000157174953	1000000.0	10
20170301_154326	86.6	0.000225358678	1000000.0	10
20170301_154336	86.7	1.65142799e-05	1000000.0	10
20170301_154346	87.1	0.000173208355	1000000.0	10
20170301_154356	86.6	-0.000127863039	1000000.0	10
20170301_154406	86.4	0.00017176874	1000000.0	10
20170301_154416	86.6	-0.000228332483	1000000.0	10
20170301_154426	86.6	0.000225744173	1000000.0	10
20170301_154436	86.6	-0.000200007396	1000000.0	10
20170301_154446	86.7	0.000209583048	1000000.0	10
20170301_154456	86.9	0.000102195127	1000000.0	10
20170301_154506	86.7	-9.06643106e-05	1000000.0	10
20170301_154516	86.7	0.000128526311	1000000.0	10
20170301_154526	87.3	-5.73944532e-05	1000000.0	10
20170301_154535	86.9	0.000186178082	1000000.0	10
20170301_154546	86.9	0.000184788191	1000000.0	10
20170301_154556	87.5	-0.0001995755	1000000.0	10
20170301_154606	86.9	0.000203636076	1000000.0	10
20170301_154616	87.3	0.000120415291	1000000.0	10
20170301_154626	87.3	-6.97024337e-05	1000000.0	10
20170301_154636	86.9	0.000149528351	1000000.0	10
20170301_154646	87.3	-1.8726124e-05	1000000.0	10
20170301_154656	87.3	-0.000157099949	1000000.0	10
20170301_154705	87.3	-4.7342784e-05	1000000.0	10
20170301_154716	87.3	-0.000235905258	1000000.0	10
20170301_154726	87.1	0.000141214044	1000000.0	10
20170301_154736	87.3	-5.89347464e-05	1000000.0	10
20170301_154746	87.3	5.81044499e-05	1000000.0	10
20170301_154756	87.1	6.80296128e-05	1000000.0	10
20170301_154806	87.5	-0.000107086694	1000000.0	10
20170301_154816	87.1	-8.78191381e-05	1000000.0	10
20170301_154826	87.5	0.000175198972	1000000.0	10
20170301_154836	87.7	0.000201823105	1000000.0	10
20170301_154846	86.9	-0.000175996702	1000000.0	10
20170301_154856	87.3	0.000145729321	1000000.0	10
20170301_154906	87.5	-5.4155772e-05	1000000.0	10
20170301_154916	86.9	-5.85867973e-05	1000000.0	10
20170301_154926	86.9	0.00016096397	1000000.0	10
20170301_154936	87.1	-1.85246773e-05	1000000.0	10
20170301_154946	87.3	0.000155907155	1000000.0	10
20170301_154956	87.3	-0.000198944144	1000000.0	10
20170301_155006	87.3	8.24109381e-05	1000000.0	10
20170301_155016	87.1	-0.000230989463	1000000.0	10
20170301_155026	87.3	3.41916196e-05	1000000.0	10
20170301_155036	87.3	-0.000224918964	1000000.0	10
20170301_155046	87.3	0.000208769993	1000000.0	10
20170301_155056	86.9	-7.80850116e-06	1000000.0	10
20170301_155106	87.3	0.000103527833	1000000.0	10
20170301_155116	87.1	-0.000223518114	1000000.0	10
20170301_155126	87.1	6.87963993e-05	1000000.0	10
20170301_155136	87.1	-6.17542036e-05	1000000.0	10
20170301_155146	86.9	3.20791499e-05	1000000.0	10
20170301_155156	87.1	-5.80454981e-05	1000000.0	10
20170301_155206	86.9	0.000206283685	1000000.0	10
20170301_155216	87.3	9.14838504e-05	1000000.0	10
20170301_155226	86.9	-0.000191727378	1000000.0	10
20170301_155236	87.1	0.000169634318	1000000.0	10
20170301_155246	87.1	-0.000241422093	1000000.0	10
20170301_155256	87.1	4.17936536e-05	1000000.0	10
20170301_155306	86.9	-5.89081744e-05	1000000.0	10
20170301_155316	87.3	-0.000193444002	1000000.0	10
20170301_155326	87.3	4.92978771e-05	1000000.0	10
20170301_155336	87.1	7.95249187e-06	1000000.0	10
20170301_155346	86.7	-0.000235892222	1000000.0	10
20170301_155356	86.9	5.70363206e-05	1000000.0	10
20170301_155406	87.3	-1.87572288e-05	1000000.0	10
20170301_155416	86.6	-5.19915803e-05	1000000.0	10
20170301_155426	86.9	0.000127810228	1000000.0	10
20170301_155436	87.5	-2.8025043e-05	1000000.0	10
20170301_155446	87.3	0.000169918284	1000000.0	10
20170301_155456	86.9	-5.34461713e-05	1000000.0	10
20170301_155506	86.4	-0.00017603852	1000000.0	10
20170301_155516	86.6	0.00019839435	1000000.0	10
20170301_155526	87.5	-0.00021559522	1000000.0	10
20170301_155536	87.5	0.000181317368	1000000.0	10
20170301_155546	86.6	9.9e+37	1000000.0	10
20170301_155556	86.6	-0.000163259426	1000000.0	10
20170301_155606	87.1	0.000182808564	1000000.0	10
20170301_155616	87.7	3.72379352e-05	1000000.0	10
20170301_155626	86.4	4.57714849e-05	1000000.0	10
20170301_155636	86.9	0.000215675923	1000000.0	10
20170301_155646	87.1	-0.000216642453	1000000.0	10
20170301_155656	87.5	-5.20878857e-06	1000000.0	10
20170301_155706	86.7	3.20780741e-05	1000000.0	10
20170301_155716	86.9	-0.000176069434	1000000.0	10
20170301_155726	87.5	-6.13767952e-05	1000000.0	10
20170301_155736	88.1	-0.000209716837	1000000.0	10
20170301_155746	86.7	5.71005487e-05	1000000.0	10
20170301_155756	86.7	-0.000116441363	1000000.0	10
20170301_155805	86.9	-0.628020127	1000000.0	10
20170301_155816	86.7	0.000127075111	1000000.0	10
20170301_155826	87.1	0.000243963488	1000000.0	10
20170301_155836	87.1	-0.000161462046	1000000.0	10
20170301_155846	86.9	-0.000135177104	1000000.0	10
20170301_155856	86.9	0.000137296668	1000000.0	10
20170301_155906	86.7	0.000220939581	1000000.0	10
20170301_155916	87.3	8.20064736e-06	1000000.0	10
20170301_155926	87.3	-8.2028949e-05	1000000.0	10
20170301_155936	87.3	2.85938275e-05	1000000.0	10
20170301_155946	86.9	-0.000153233836	1000000.0	10
20170301_155956	86.9	-0.000225197913	1000000.0	10
20170301_160006	86.9	0.000140242045	1000000.0	10
20170301_160016	87.7	0.000167471738	1000000.0	10
20170301_160026	87.1	-3.52647193e-05	1000000.0	10
20170301_160036	87.3	0.000182670343	1000000.0	10
20170301_160046	87.5	-0.00020473749	1000000.0	10
20170301_160056	87.1	0.000137841146	1000000.0	10
20170301_160106	86.6	-7.28135043e-05	1000000.0	10
20170301_160116	86.2	-7.74579746e-05	1000000.0	10
20170301_160126	86.7	-0.000204603278	1000000.0	10
20170301_160136	86.4	-0.000115533536	1000000.0	10
20170301_160146	86.4	4.30191055e-05	1000000.0	10
20170301_160156	86.4	0.000232627943	1000000.0	10
20170301_160206	86.4	0.000215293307	1000000.0	10
20170301_160216	86.2	0.000168838458	1000000.0	10
20170301_160226	86.4	-6.91474326e-05	1000000.0	10
20170301_160236	86.4	-0.00011925596	1000000.0	10
20170301_160246	86.4	0.000124163066	1000000.0	10
20170301_160256	86.2	-0.000149449251	1000000.0	10
20170301_160306	86.2	1.19160468e-05	1000000.0	10
20170301_160316	86.6	-0.000107789528	1000000.0	10
20170301_160326	86.6	-4.23941839e-05	1000000.0	10
20170301_160336	86.6	-5.44782902e-05	1000000.0	10
20170301_160346	86.4	-0.00022590182	1000000.0	10
20170301_160356	86.4	0.000100879127	1000000.0	10
20170301_160406	86.6	2.12211721e-05	1000000.0	10
20170301_160416	86.7	0.000193874831	1000000.0	10
20170301_160426	86.7	-0.000131011747	1000000.0	10
20170301_160436	86.9	0.00010138296	1000000.0	10
20170301_160446	86.4	-0.000142156784	1000000.0	10
20170301_160456	86.4	0.000151465298	1000000.0	10
20170301_160506	86.7	0.000128371771	1000000.0	10
20170301_160516	86.9	9.35243585e-06	1000000.0	10
20170301_160526	87.1	1.35616071e-06	1000000.0	10
20170301_160536	86.9	-0.000162553991	1000000.0	10
20170301_160546	86.9	0.000233950273	1000000.0	10
20170301_160556	86.7	-0.00020379993	1000000.0	10
20170301_160606	86.9	0.000134005885	1000000.0	10
20170301_160616	86.7	-0.000167510872	1000000.0	10
20170301_160626	86.7	0.000130843307	1000000.0	10
20170301_160636	86.6	0.000210127433	1000000.0	10
20170301_160646	86.7	-0.000102237105	1000000.0	10
20170301_160656	86.6	-4.94390241e-05	1000000.0	10
20170301_160706	86.7	0.000208020082	1000000.0	10
20170301_160716	86.7	-0.000193898711	1000000.0	10
20170301_160726	86.9	-1.5435078e-06	1000000.0	10
20170301_160736	87.3	6.00700154e-05	1000000.0	10
20170301_160746	87.1	-0.000192626764	1000000.0	10
20170301_160756	86.9	0.000212287128	1000000.0	10
20170301_160806	86.9	-4.46951702e-05	1000000.0	10
20170301_160816	87.3	6.87706465e-05	1000000.0	10
20170301_160826	87.3	0.000203689411	1000000.0	10
20170301_160836	86.7	-4.30573629e-05	1000000.0	10
20170301_160846	86.7	-1.50286102e-05	1000000.0	10
20170301_160856	86.6	0.000215462727	1000000.0	10
20170301_160906	86.4	-0.00010457467	1000000.0	10
20170301_160916	86.6	0.000173631153	1000000.0	10
20170301_160926	86.4	1.91447133e-05	1000000.0	10
20170301_160936	86.2	5.3851876e-05	1000000.0	10
20170301_160946	86.4	-0.000219226257	1000000.0	10
20170301_160956	86.4	0.000221034776	1000000.0	10
20170301_161006	86.4	7.5535912e-05	1000000.0	10
20170301_161016	86.6	0.000161799114	1000000.0	10
20170301_161026	86.6	0.000116236136	1000000.0	10
20170301_161036	86.6	1.98284722e-05	1000000.0	10
20170301_161046	86.6	-0.00019733191	1000000.0	10
20170301_161056	86.9	0.0001997089	1000000.0	10
20170301_161106	86.7	-0.000130118367	1000000.0	10
20170301_161116	86.9	-0.000195885741	1000000.0	10
20170301_161126	86.6	0.00016573598	1000000.0	10
20170301_161136	86.6	3.32637408e-07	1000000.0	10
20170301_161146	86.6	-0.000221100964	1000000.0	10
20170301_161156	86.4	0.000176548872	1000000.0	10
20170301_161206	86.4	-0.000192209115	1000000.0	10
20170301_161216	86.0	0.000176355034	1000000.0	10
20170301_161226	86.4	-0.000165746941	1000000.0	10
20170301_161236	86.4	-2.07116736e-05	1000000.0	10
20170301_161246	86.2	0.000193522795	1000000.0	10
20170301_161255	86.7	-8.4400496e-05	1000000.0	10
20170301_161306	86.6	0.000156494961	1000000.0	10
20170301_161316	86.4	1.2402296e-05	1000000.0	10
20170301_161326	86.6	-0.000220603955	1000000.0	10
20170301_161336	86.6	-3.71936395e-05	1000000.0	10
20170301_161346	86.6	-3.34573293e-05	1000000.0	10
20170301_161356	86.2	1.41893161e-05	1000000.0	10
20170301_161406	86.9	0.000209312551	1000000.0	10
20170301_161416	86.4	0.000198630223	1000000.0	10
20170301_161426	86.6	-7.45126206e-05	1000000.0	10
20170301_161436	86.4	0.000210059621	1000000.0	10
20170301_161446	86.4	-2.16875206e-05	1000000.0	10
20170301_161456	86.7	0.000180048822	1000000.0	10
20170301_161506	86.4	-5.72876036e-05	1000000.0	10
20170301_161516	86.4	-4.70951351e-05	1000000.0	10
20170301_161526	87.5	5.36173787e-05	1000000.0	10
20170301_161536	86.7	6.70249244e-05	1000000.0	10
20170301_161546	87.1	-0.000211481866	1000000.0	10
20170301_161556	87.5	5.69207814e-05	1000000.0	10
20170301_161606	87.9	7.83078738e-05	1000000.0	10
20170301_161616	86.7	-0.000161070043	1000000.0	10
20170301_161626	86.9	0.000146821027	1000000.0	10
20170301_161636	86.9	-0.000187767023	1000000.0	10
20170301_161646	86.9	0.000218676781	1000000.0	10
20170301_161656	87.1	-0.00015125025	1000000.0	10
20170301_161705	87.3	0.000152584794	1000000.0	10
20170301_161716	86.7	-6.11428769e-05	1000000.0	10
20170301_161726	87.1	-2.71638437e-05	1000000.0	10
20170301_161736	87.1	-0.000130394035	1000000.0	10
20170301_161746	87.3	4.36217243e-07	1000000.0	10
20170301_161756	86.7	-8.55498886e-05	1000000.0	10
20170301_161806	87.3	0.000208829212	1000000.0	10
20170301_161816	87.5	0.000122946446	1000000.0	10
20170301_161826	87.7	0.000110430742	1000000.0	10
20170301_161836	87.1	-0.000228346558	1000000.0	10
20170301_161845	87.7	-8.22465996e-05	1000000.0	10
20170301_161856	87.3	-0.00021261114	1000000.0	10
20170301_161906	87.5	-4.36254454e-05	1000000.0	10
20170301_161916	87.5	-4.64577835e-05	1000000.0	10
20170301_161926	87.7	-0.000223375737	1000000.0	10
20170301_161936	87.5	0.000189479372	1000000.0	10
20170301_161946	87.7	5.94833615e-05	1000000.0	10
