20170214_111954	24.2	0.000112435096	1000000.0	8
20170214_112004	24.2	4.55280274e-05	1000000.0	8
20170214_112014	24.0	-8.18405611e-05	1000000.0	8
20170214_112024	24.2	-9.81452923e-05	1000000.0	8
20170214_112034	24.0	-5.92650878e-06	1000000.0	8
20170214_112044	24.0	8.34986648e-05	1000000.0	8
20170214_112054	23.8	0.000128743369	1000000.0	8
20170214_112104	24.0	-8.66695928e-05	1000000.0	8
20170214_112114	23.8	-0.000189666197	1000000.0	8
20170214_112124	24.0	-4.55474245e-05	1000000.0	8
20170214_112134	24.0	2.51688012e-05	1000000.0	8
20170214_112144	23.8	-0.0348815347	1000000.0	8
20170214_112154	24.0	-0.0291514317	1000000.0	8
20170214_112204	23.8	-0.0286167136	1000000.0	8
20170214_112214	24.0	-0.0283020972	1000000.0	8
20170214_112224	24.0	-0.027430687	1000000.0	8
20170214_112234	24.0	-0.0265141767	1000000.0	8
20170214_112244	23.8	-0.0248380185	1000000.0	8
20170214_112254	24.0	-0.0228257299	1000000.0	8
20170214_112304	23.8	-0.0214710212	1000000.0	8
20170214_112314	24.0	-0.02082243	1000000.0	8
20170214_112324	23.8	-0.0269362504	1000000.0	8
20170214_112334	24.0	-0.0273808943	1000000.0	8
20170214_112344	23.8	-0.0221473579	1000000.0	8
20170214_112354	23.8	-0.0207042558	1000000.0	8
20170214_112404	23.8	-0.019415689	1000000.0	8
20170214_112414	23.8	-0.0199774256	1000000.0	8
20170214_112424	23.8	-0.0204243873	1000000.0	8
20170214_112434	24.0	-0.0195988307	1000000.0	8
20170214_112444	24.0	-0.0184309421	1000000.0	8
20170214_112454	23.8	-0.0176837478	1000000.0	8
20170214_112504	24.0	-0.0164173066	1000000.0	8
20170214_112514	24.0	-0.0161576268	1000000.0	8
20170214_112524	24.0	-0.0156093212	1000000.0	8
20170214_112534	24.0	-0.0152168761	1000000.0	8
20170214_112544	23.8	-0.0142747186	1000000.0	8
20170214_112554	24.0	-0.014061407	1000000.0	8
20170214_112604	23.8	-0.013530653	1000000.0	8
20170214_112614	23.8	-0.0127812846	1000000.0	8
20170214_112624	23.8	-0.0126757263	1000000.0	8
20170214_112634	24.0	-0.0132827742	1000000.0	8
20170214_112644	24.2	-0.0129700459	1000000.0	8
20170214_112654	24.8	-0.0146721353	1000000.0	8
20170214_112704	25.7	-0.0151557949	1000000.0	8
20170214_112714	26.5	-0.0150052162	1000000.0	8
20170214_112724	27.3	-0.015156577	1000000.0	8
20170214_112734	28.2	-0.0163018148	1000000.0	8
20170214_112744	28.8	-0.0167740774	1000000.0	8
20170214_112754	29.4	-0.018518198	1000000.0	8
20170214_112804	30.0	-0.0171916061	1000000.0	8
20170214_112814	30.5	-0.0174673158	1000000.0	8
20170214_112824	31.1	-0.0240377077	1000000.0	8
20170214_112834	31.9	-0.0261839678	1000000.0	8
20170214_112844	32.6	-0.0250065887	1000000.0	8
20170214_112854	33.0	-0.0243110764	1000000.0	8
20170214_112904	34.0	-0.0238880597	1000000.0	8
20170214_112914	34.6	-0.0226654269	1000000.0	8
20170214_112924	35.1	-0.0222475468	1000000.0	8
20170214_112934	36.1	-0.0228849195	1000000.0	8
20170214_112944	36.9	-0.0219204929	1000000.0	8
20170214_112954	37.6	-0.022721009	1000000.0	8
20170214_113004	38.4	-0.0232018059	1000000.0	8
20170214_113014	39.4	-0.0241107625	1000000.0	8
20170214_113024	40.0	-0.0259126502	1000000.0	8
20170214_113034	40.5	-0.0255080876	1000000.0	8
20170214_113044	41.1	-0.0257477501	1000000.0	8
20170214_113054	42.0	-0.0269474232	1000000.0	8
20170214_113104	42.4	-0.0285775356	1000000.0	8
20170214_113114	43.2	-0.0295703292	1000000.0	8
20170214_113124	43.9	-0.031137513	1000000.0	8
20170214_113134	44.5	-0.0307048412	1000000.0	8
20170214_113144	45.0	-0.0311513767	1000000.0	8
20170214_113154	45.8	-0.0320529307	1000000.0	8
20170214_113204	46.4	-0.0314729448	1000000.0	8
20170214_113214	46.9	-0.0327762391	1000000.0	8
20170214_113224	47.3	-0.0326198963	1000000.0	8
20170214_113234	48.1	-0.0332594396	1000000.0	8
20170214_113244	48.6	-0.0336377889	1000000.0	8
20170214_113254	49.2	-0.0355985109	1000000.0	8
20170214_113304	49.8	-0.035859213	1000000.0	8
20170214_113314	50.3	-0.0358367042	1000000.0	8
20170214_113324	50.9	-0.0368560262	1000000.0	8
20170214_113334	51.5	-0.0371673969	1000000.0	8
20170214_113344	51.8	-0.0384531951	1000000.0	8
20170214_113354	52.6	-0.0372124954	1000000.0	8
20170214_113404	53.0	-0.0378833032	1000000.0	8
20170214_113414	53.7	-0.0368418656	1000000.0	8
20170214_113424	53.9	-0.0406647901	1000000.0	8
20170214_113434	54.5	-0.042360293	1000000.0	8
20170214_113444	55.0	-0.0461161612	1000000.0	8
20170214_113454	55.6	-0.0477422081	1000000.0	8
20170214_113504	56.0	-0.058063858	1000000.0	8
20170214_113514	56.4	-0.0803240312	1000000.0	8
20170214_113524	57.1	-0.110152495	1000000.0	8
20170214_113534	57.5	-0.122294976	1000000.0	8
20170214_113544	57.9	-0.118410435	1000000.0	8
20170214_113554	58.3	-0.112129903	1000000.0	8
20170214_113604	58.8	-0.10468949	1000000.0	8
20170214_113614	59.2	-0.0998542531	1000000.0	8
20170214_113624	59.6	-0.0963913881	1000000.0	8
20170214_113634	60.1	-0.0922052895	1000000.0	8
20170214_113644	60.5	-0.0889456465	1000000.0	8
20170214_113654	60.7	-0.0875049334	1000000.0	8
20170214_113704	61.5	-0.0862177563	1000000.0	8
20170214_113714	61.6	-0.0843676637	1000000.0	8
20170214_113724	62.2	-0.085186259	1000000.0	8
20170214_113734	62.8	-0.0847820538	1000000.0	8
20170214_113744	63.2	-0.0836814399	1000000.0	8
20170214_113754	63.3	-0.0844765009	1000000.0	8
20170214_113804	63.7	-0.0822685324	1000000.0	8
20170214_113814	64.3	-0.0832960659	1000000.0	8
20170214_113824	64.5	-0.083456662	1000000.0	8
20170214_113834	65.0	-0.0838332684	1000000.0	8
20170214_113844	65.4	-0.0823665294	1000000.0	8
20170214_113854	65.8	-0.152687645	1000000.0	8
20170214_113904	66.2	-0.126700227	1000000.0	8
20170214_113914	66.6	-0.108861762	1000000.0	8
20170214_113924	66.7	-0.10159713	1000000.0	8
20170214_113934	67.3	-0.0949541511	1000000.0	8
20170214_113944	67.5	-0.092075166	1000000.0	8
20170214_113954	67.7	-0.0904012632	1000000.0	8
20170214_114004	68.3	-0.0881840277	1000000.0	8
20170214_114014	68.8	-0.0880230771	1000000.0	8
20170214_114024	69.0	-0.0869444639	1000000.0	8
20170214_114034	69.4	-0.0852541997	1000000.0	8
20170214_114044	69.8	-0.08421944	1000000.0	8
20170214_114054	69.8	-0.087961894	1000000.0	8
20170214_114104	70.3	-0.0927794407	1000000.0	8
20170214_114114	70.3	-0.0854624089	1000000.0	8
20170214_114124	70.9	-0.0821416932	1000000.0	8
20170214_114134	71.1	-0.0837417163	1000000.0	8
20170214_114144	71.3	-0.0816401179	1000000.0	8
20170214_114154	71.6	-0.0821128691	1000000.0	8
20170214_114204	71.8	-0.0799645847	1000000.0	8
20170214_114214	72.2	-0.0812073515	1000000.0	8
20170214_114224	73.0	-0.0794686043	1000000.0	8
20170214_114234	73.0	-0.0803626629	1000000.0	8
20170214_114244	73.2	-0.0785350999	1000000.0	8
20170214_114254	73.5	-0.0797433934	1000000.0	8
20170214_114304	73.7	-0.0809464144	1000000.0	8
20170214_114314	74.1	-0.0825335918	1000000.0	8
20170214_114324	74.3	-0.0797535715	1000000.0	8
20170214_114334	74.3	-0.07970546	1000000.0	8
20170214_114344	74.7	-0.0810719692	1000000.0	8
20170214_114354	75.2	-0.0785902649	1000000.0	8
20170214_114404	75.2	-0.0789000236	1000000.0	8
20170214_114414	75.4	-0.0818328237	1000000.0	8
20170214_114424	75.4	-0.0788856301	1000000.0	8
20170214_114434	76.0	-0.0817277828	1000000.0	8
20170214_114444	76.2	-0.083027455	1000000.0	8
20170214_114454	76.4	-0.0872544333	1000000.0	8
20170214_114504	76.4	-0.0843706556	1000000.0	8
20170214_114514	77.1	-0.0813123231	1000000.0	8
20170214_114524	77.3	-0.0812124917	1000000.0	8
20170214_114534	77.7	-0.0798412019	1000000.0	8
20170214_114544	77.5	-0.0827182114	1000000.0	8
20170214_114554	77.9	-0.0808270933	1000000.0	8
20170214_114604	77.9	-0.0805484556	1000000.0	8
20170214_114614	77.9	-0.0837653268	1000000.0	8
20170214_114624	78.4	-0.0844776982	1000000.0	8
20170214_114634	78.4	-0.0868656532	1000000.0	8
20170214_114644	78.6	-0.090553838	1000000.0	8
20170214_114654	78.8	-0.0842609972	1000000.0	8
20170214_114704	79.0	-0.0882081493	1000000.0	8
20170214_114714	79.2	-0.0858050291	1000000.0	8
20170214_114724	79.4	-0.0870506882	1000000.0	8
20170214_114734	79.2	-0.0886806799	1000000.0	8
20170214_114744	79.4	-0.0879439106	1000000.0	8
20170214_114754	79.4	-0.0854578163	1000000.0	8
20170214_114804	80.0	-0.0854878778	1000000.0	8
20170214_114814	79.2	-0.0858780142	1000000.0	8
20170214_114824	80.1	-0.081918544	1000000.0	8
20170214_114834	80.1	-0.0818908796	1000000.0	8
20170214_114844	80.1	-0.0840510501	1000000.0	8
20170214_114854	80.5	-0.0838921462	1000000.0	8
20170214_114904	80.1	-0.0826810538	1000000.0	8
20170214_114914	80.5	-0.0832749195	1000000.0	8
20170214_114924	80.7	-0.0857579475	1000000.0	8
20170214_114934	80.7	-0.0851378018	1000000.0	8
20170214_114944	80.9	-0.0840003479	1000000.0	8
20170214_114954	80.3	-0.0859095904	1000000.0	8
20170214_115004	80.1	-0.0855922844	1000000.0	8
20170214_115014	80.1	-0.0875008391	1000000.0	8
20170214_115024	80.3	-0.0872651364	1000000.0	8
20170214_115034	80.5	-0.0843169666	1000000.0	8
20170214_115044	80.5	-0.0852938283	1000000.0	8
20170214_115054	80.7	-0.084291405	1000000.0	8
20170214_115104	81.1	-0.084571166	1000000.0	8
20170214_115114	81.3	-0.0860615799	1000000.0	8
20170214_115124	81.3	-0.0843657649	1000000.0	8
20170214_115134	81.6	-0.0831872516	1000000.0	8
20170214_115144	81.6	-0.081846858	1000000.0	8
20170214_115154	81.8	-0.0839085277	1000000.0	8
20170214_115204	82.0	-0.0864316038	1000000.0	8
20170214_115214	82.0	-0.0867580027	1000000.0	8
20170214_115224	82.0	-0.0863313975	1000000.0	8
20170214_115234	81.5	-0.0871710004	1000000.0	8
20170214_115244	81.8	-0.090045498	1000000.0	8
20170214_115254	82.0	-0.0918329609	1000000.0	8
20170214_115304	82.2	-0.0898301699	1000000.0	8
20170214_115314	82.4	-0.0890972656	1000000.0	8
20170214_115324	82.6	-0.0892858616	1000000.0	8
20170214_115334	82.6	-0.0898081451	1000000.0	8
20170214_115344	82.8	-0.087371377	1000000.0	8
20170214_115354	82.8	-0.087344306	1000000.0	8
20170214_115404	83.2	-0.0858386233	1000000.0	8
20170214_115414	83.3	-0.0853832038	1000000.0	8
20170214_115424	83.3	-0.0851168621	1000000.0	8
20170214_115434	83.3	-0.0828796436	1000000.0	8
20170214_115444	83.7	-0.0824700858	1000000.0	8
20170214_115454	83.7	-0.0850127861	1000000.0	8
20170214_115504	83.7	-0.0856668751	1000000.0	8
20170214_115514	84.1	-0.0831953616	1000000.0	8
20170214_115524	84.1	-0.0816553078	1000000.0	8
20170214_115534	83.9	-0.0835836247	1000000.0	8
20170214_115544	83.5	-0.0844031737	1000000.0	8
20170214_115554	84.3	-0.0846658316	1000000.0	8
20170214_115604	84.3	-0.0840407539	1000000.0	8
20170214_115614	84.5	-0.085393651	1000000.0	8
20170214_115624	84.9	-0.0851353249	1000000.0	8
20170214_115634	84.9	-0.0851778448	1000000.0	8
20170214_115644	85.0	-0.0849073217	1000000.0	8
20170214_115654	85.0	-0.0818710449	1000000.0	8
20170214_115704	84.9	-0.0852126196	1000000.0	8
20170214_115714	85.0	-0.084281848	1000000.0	8
20170214_115724	85.2	-0.0837083621	1000000.0	8
20170214_115734	85.2	-0.07610478	1000000.0	8
20170214_115744	84.7	-0.073951863	1000000.0	8
20170214_115754	85.2	-0.0734215906	1000000.0	8
20170214_115804	84.9	-0.0727996537	1000000.0	8
20170214_115814	85.6	-0.0731193298	1000000.0	8
20170214_115824	85.6	-0.0734020231	1000000.0	8
20170214_115834	85.4	-0.0722843171	1000000.0	8
20170214_115844	85.8	-0.0733059864	1000000.0	8
20170214_115854	85.8	-0.0729328658	1000000.0	8
20170214_115904	85.8	-0.0707983236	1000000.0	8
20170214_115914	85.8	-0.0738256583	1000000.0	8
20170214_115924	86.0	-0.0713568933	1000000.0	8
20170214_115934	86.0	-0.0720759331	1000000.0	8
20170214_115944	86.4	-0.0718404154	1000000.0	8
20170214_115954	86.4	-0.0715460366	1000000.0	8
20170214_120004	86.6	-0.0684312937	1000000.0	8
20170214_120014	86.6	-0.0696736219	1000000.0	8
20170214_120024	86.7	-0.0704629629	1000000.0	8
20170214_120034	86.7	-0.0702865299	1000000.0	8
20170214_120044	86.7	-0.07082155	1000000.0	8
20170214_120054	86.7	-0.0695185859	1000000.0	8
20170214_120104	86.9	-0.0727894284	1000000.0	8
20170214_120114	86.9	-0.0689323358	1000000.0	8
20170214_120124	87.1	-0.0691803956	1000000.0	8
20170214_120134	86.9	-0.0686148478	1000000.0	8
20170214_120144	86.6	-0.0711871116	1000000.0	8
20170214_120154	86.6	-0.0711800724	1000000.0	8
20170214_120204	86.7	-0.0689152867	1000000.0	8
20170214_120214	86.7	-0.0704964988	1000000.0	8
20170214_120224	86.4	-0.0682767658	1000000.0	8
20170214_120234	86.4	-0.0693298289	1000000.0	8
20170214_120244	86.2	-0.0712259998	1000000.0	8
20170214_120254	86.0	-0.0699288565	1000000.0	8
20170214_120304	86.7	-0.0705259024	1000000.0	8
20170214_120314	86.2	-0.0709184299	1000000.0	8
20170214_120324	86.2	-0.0694944177	1000000.0	8
20170214_120334	87.1	-0.068350017	1000000.0	8
20170214_120344	87.3	-0.06854979	1000000.0	8
20170214_120354	87.3	-0.0715997252	1000000.0	8
20170214_120404	88.1	-0.0720731833	1000000.0	8
20170214_120414	87.1	-0.0713526084	1000000.0	8
20170214_120424	87.5	-0.0723029121	1000000.0	8
20170214_120434	87.1	-0.070274504	1000000.0	8
20170214_120444	87.1	-0.0717003786	1000000.0	8
20170214_120454	87.5	-0.0713314486	1000000.0	8
20170214_120504	87.9	-0.0693934066	1000000.0	8
20170214_120514	87.7	-0.0707464058	1000000.0	8
20170214_120524	88.3	-0.0726386324	1000000.0	8
20170214_120534	87.9	-0.0713339422	1000000.0	8
20170214_120544	87.9	-0.0742534334	1000000.0	8
20170214_120554	87.3	-0.0749528459	1000000.0	8
20170214_120604	88.3	-0.0732734412	1000000.0	8
20170214_120614	87.9	-0.0731333337	1000000.0	8
20170214_120624	87.5	-0.0723491126	1000000.0	8
20170214_120634	87.7	-0.0732929104	1000000.0	8
20170214_120644	87.9	-0.0722962727	1000000.0	8
20170214_120654	88.3	-0.0725699032	1000000.0	8
20170214_120704	87.9	-0.0701036035	1000000.0	8
20170214_120714	87.3	-0.0719202214	1000000.0	8
20170214_120724	87.7	-0.0738837967	1000000.0	8
20170214_120734	87.9	-0.0730111868	1000000.0	8
20170214_120744	87.9	-0.07227556	1000000.0	8
20170214_120754	87.1	-0.0718951008	1000000.0	8
20170214_120804	86.7	-0.0734998899	1000000.0	8
20170214_120814	87.7	-0.0745356648	1000000.0	8
20170214_120824	87.5	-0.0730113465	1000000.0	8
20170214_120834	88.1	-0.0725904013	1000000.0	8
20170214_120844	87.7	-0.0729288778	1000000.0	8
20170214_120854	87.5	-0.076859368	1000000.0	8
20170214_120904	87.7	-0.0771660884	1000000.0	8
20170214_120914	87.7	-0.0741465089	1000000.0	8
20170214_120924	87.9	-0.0738190489	1000000.0	8
20170214_120934	87.5	-0.0734804853	1000000.0	8
20170214_120944	87.7	-0.0725443607	1000000.0	8
20170214_120954	88.1	-0.0742573038	1000000.0	8
