20170214_111954	24.2	6.38430772e-05	1000000.0	9
20170214_112004	24.2	5.18814593e-05	1000000.0	9
20170214_112014	24.0	0.000119333672	1000000.0	9
20170214_112024	24.2	5.78159519e-05	1000000.0	9
20170214_112034	24.0	6.40354806e-05	1000000.0	9
20170214_112044	24.0	6.5168542e-05	1000000.0	9
20170214_112054	23.8	0.00164731154	1000000.0	9
20170214_112104	24.0	0.000128707537	1000000.0	9
20170214_112114	23.8	0.000163854958	1000000.0	9
20170214_112124	24.0	6.2833129e-05	1000000.0	9
20170214_112134	24.0	-0.0294904148	1000000.0	9
20170214_112144	23.8	-0.022699167	1000000.0	9
20170214_112154	24.0	-0.0241320865	1000000.0	9
20170214_112204	23.8	-0.0256754761	1000000.0	9
20170214_112214	24.0	-0.0268895836	1000000.0	9
20170214_112224	24.0	-0.028690797	1000000.0	9
20170214_112234	24.0	-0.0300221201	1000000.0	9
20170214_112244	23.8	-0.0313012975	1000000.0	9
20170214_112254	24.0	-0.0324893495	1000000.0	9
20170214_112304	23.8	-0.033613841	1000000.0	9
20170214_112314	24.0	-0.0346349161	1000000.0	9
20170214_112324	23.8	-0.0354985644	1000000.0	9
20170214_112334	24.0	-0.0364218358	1000000.0	9
20170214_112344	23.8	-0.0371094779	1000000.0	9
20170214_112354	23.8	-0.0376649048	1000000.0	9
20170214_112404	23.8	-0.0383274483	1000000.0	9
20170214_112414	23.8	-0.0388966072	1000000.0	9
20170214_112424	23.8	-0.0392971244	1000000.0	9
20170214_112434	24.0	-0.0396691429	1000000.0	9
20170214_112444	24.0	-0.0400833696	1000000.0	9
20170214_112454	23.8	-0.0404927387	1000000.0	9
20170214_112504	24.0	-0.0406789645	1000000.0	9
20170214_112514	24.0	-0.0410125664	1000000.0	9
20170214_112524	24.0	-0.0410974591	1000000.0	9
20170214_112534	24.0	-0.0412638289	1000000.0	9
20170214_112544	23.8	-0.0414315995	1000000.0	9
20170214_112554	24.0	-0.0414320129	1000000.0	9
20170214_112604	23.8	-0.0415812318	1000000.0	9
20170214_112614	23.8	-0.0416669059	1000000.0	9
20170214_112624	23.8	-0.0417524655	1000000.0	9
20170214_112634	24.0	-0.0421047937	1000000.0	9
20170214_112644	24.2	-0.0425018743	1000000.0	9
20170214_112654	24.8	-0.0430194063	1000000.0	9
20170214_112704	25.7	-0.0437590114	1000000.0	9
20170214_112714	26.5	-0.0443946889	1000000.0	9
20170214_112724	27.3	-0.0450570472	1000000.0	9
20170214_112734	28.2	-0.0458017674	1000000.0	9
20170214_112744	28.8	-0.0466168421	1000000.0	9
20170214_112754	29.4	-0.0474071041	1000000.0	9
20170214_112804	30.0	-0.0480050618	1000000.0	9
20170214_112814	30.5	-0.0487324624	1000000.0	9
20170214_112824	31.1	-0.0494240413	1000000.0	9
20170214_112834	31.9	-0.0502211431	1000000.0	9
20170214_112844	32.6	-0.0510654464	1000000.0	9
20170214_112854	33.0	-0.0516725024	1000000.0	9
20170214_112904	34.0	-0.0525571514	1000000.0	9
20170214_112914	34.6	-0.0532966919	1000000.0	9
20170214_112924	35.1	-0.0541849718	1000000.0	9
20170214_112934	36.1	-0.0536559731	1000000.0	9
20170214_112944	36.9	-0.0550929478	1000000.0	9
20170214_112954	37.6	-0.0549937776	1000000.0	9
20170214_113004	38.4	-0.0556818413	1000000.0	9
20170214_113014	39.4	-0.0576652522	1000000.0	9
20170214_113024	40.0	-0.0584674395	1000000.0	9
20170214_113034	40.5	-0.0602100317	1000000.0	9
20170214_113044	41.1	-0.0612749976	1000000.0	9
20170214_113054	42.0	-0.0622129064	1000000.0	9
20170214_113104	42.4	-0.0632529069	1000000.0	9
20170214_113114	43.2	-0.0641943501	1000000.0	9
20170214_113124	43.9	-0.0649842978	1000000.0	9
20170214_113134	44.5	-0.0661249238	1000000.0	9
20170214_113144	45.0	-0.0670581341	1000000.0	9
20170214_113154	45.8	-0.068101669	1000000.0	9
20170214_113204	46.4	-0.0690410674	1000000.0	9
20170214_113214	46.9	-0.0700154625	1000000.0	9
20170214_113224	47.3	-0.0708934652	1000000.0	9
20170214_113234	48.1	-0.0722585695	1000000.0	9
20170214_113244	48.6	-0.0732556653	1000000.0	9
20170214_113254	49.2	-0.0743581689	1000000.0	9
20170214_113304	49.8	-0.0753626224	1000000.0	9
20170214_113314	50.3	-0.0766007478	1000000.0	9
20170214_113324	50.9	-0.0776797627	1000000.0	9
20170214_113334	51.5	-0.0788326712	1000000.0	9
20170214_113344	51.8	-0.0799842177	1000000.0	9
20170214_113354	52.6	-0.0812650772	1000000.0	9
20170214_113404	53.0	-0.082513562	1000000.0	9
20170214_113414	53.7	-0.0836341552	1000000.0	9
20170214_113424	53.9	-0.0846915489	1000000.0	9
20170214_113434	54.5	-0.0859590336	1000000.0	9
20170214_113444	55.0	-0.0870913571	1000000.0	9
20170214_113454	55.6	-0.0881169649	1000000.0	9
20170214_113504	56.0	-0.0892119688	1000000.0	9
20170214_113514	56.4	-0.0906075966	1000000.0	9
20170214_113524	57.1	-0.0920574081	1000000.0	9
20170214_113534	57.5	-0.0932622089	1000000.0	9
20170214_113544	57.9	-0.0951948661	1000000.0	9
20170214_113554	58.3	-0.0969928465	1000000.0	9
20170214_113604	58.8	-0.0987335642	1000000.0	9
20170214_113614	59.2	-0.101010481	1000000.0	9
20170214_113624	59.6	-0.102473299	1000000.0	9
20170214_113634	60.1	-0.104636819	1000000.0	9
20170214_113644	60.5	-0.105659383	1000000.0	9
20170214_113654	60.7	-0.108235231	1000000.0	9
20170214_113704	61.5	-0.107061429	1000000.0	9
20170214_113714	61.6	-0.110344977	1000000.0	9
20170214_113724	62.2	-0.1120765	1000000.0	9
20170214_113734	62.8	-0.113673772	1000000.0	9
20170214_113744	63.2	-0.114715065	1000000.0	9
20170214_113754	63.3	-0.116677543	1000000.0	9
20170214_113804	63.7	-0.117591574	1000000.0	9
20170214_113814	64.3	-0.119492755	1000000.0	9
20170214_113824	64.5	-0.121008759	1000000.0	9
20170214_113834	65.0	-0.122810165	1000000.0	9
20170214_113844	65.4	-0.12411664	1000000.0	9
20170214_113854	65.8	-0.125988873	1000000.0	9
20170214_113904	66.2	-0.129417095	1000000.0	9
20170214_113914	66.6	-0.131157781	1000000.0	9
20170214_113924	66.7	-0.133064008	1000000.0	9
20170214_113934	67.3	-0.134951427	1000000.0	9
20170214_113944	67.5	-0.137175412	1000000.0	9
20170214_113954	67.7	-0.138606654	1000000.0	9
20170214_114004	68.3	-0.140703625	1000000.0	9
20170214_114014	68.8	-0.142409701	1000000.0	9
20170214_114024	69.0	-0.144143922	1000000.0	9
20170214_114034	69.4	-0.14562399	1000000.0	9
20170214_114044	69.8	-0.147634266	1000000.0	9
20170214_114054	69.8	-0.149328721	1000000.0	9
20170214_114104	70.3	-0.151551972	1000000.0	9
20170214_114114	70.3	-0.153102147	1000000.0	9
20170214_114124	70.9	-0.155384012	1000000.0	9
20170214_114134	71.1	-0.15839313	1000000.0	9
20170214_114144	71.3	-0.160501828	1000000.0	9
20170214_114154	71.6	-0.162353463	1000000.0	9
20170214_114204	71.8	-0.165164802	1000000.0	9
20170214_114214	72.2	-0.167155215	1000000.0	9
20170214_114224	73.0	-0.168740347	1000000.0	9
20170214_114234	73.0	-0.170964824	1000000.0	9
20170214_114244	73.2	-0.17273766	1000000.0	9
20170214_114254	73.5	-0.175388396	1000000.0	9
20170214_114304	73.7	-0.177145632	1000000.0	9
20170214_114314	74.1	-0.17906984	1000000.0	9
20170214_114324	74.3	-0.180906553	1000000.0	9
20170214_114334	74.3	-0.183972442	1000000.0	9
20170214_114344	74.7	-0.186653601	1000000.0	9
20170214_114354	75.2	-0.188609461	1000000.0	9
20170214_114404	75.2	-0.190428086	1000000.0	9
20170214_114414	75.4	-0.192348325	1000000.0	9
20170214_114424	75.4	-0.194851869	1000000.0	9
20170214_114434	76.0	-0.196949852	1000000.0	9
20170214_114444	76.2	-0.198869161	1000000.0	9
20170214_114454	76.4	-0.200139859	1000000.0	9
20170214_114504	76.4	-0.203756876	1000000.0	9
20170214_114514	77.1	-0.206178522	1000000.0	9
20170214_114524	77.3	-0.207830343	1000000.0	9
20170214_114534	77.7	-0.211011609	1000000.0	9
20170214_114544	77.5	-0.212947406	1000000.0	9
20170214_114554	77.9	-0.215692947	1000000.0	9
20170214_114604	77.9	-0.217072843	1000000.0	9
20170214_114614	77.9	-0.219327516	1000000.0	9
20170214_114624	78.4	-0.220985028	1000000.0	9
20170214_114634	78.4	-0.224818983	1000000.0	9
20170214_114644	78.6	-0.225718717	1000000.0	9
20170214_114654	78.8	-0.228567076	1000000.0	9
20170214_114704	79.0	-0.230836219	1000000.0	9
20170214_114714	79.2	-0.232862439	1000000.0	9
20170214_114724	79.4	-0.234270707	1000000.0	9
20170214_114734	79.2	-0.237007104	1000000.0	9
20170214_114744	79.4	-0.239676274	1000000.0	9
20170214_114754	79.4	-0.24184163	1000000.0	9
20170214_114804	80.0	-0.243977748	1000000.0	9
20170214_114814	79.2	-0.24578008	1000000.0	9
20170214_114824	80.1	-0.248137539	1000000.0	9
20170214_114834	80.1	-0.249750218	1000000.0	9
20170214_114844	80.1	-0.251440998	1000000.0	9
20170214_114854	80.5	-0.254622567	1000000.0	9
20170214_114904	80.1	-0.256131777	1000000.0	9
20170214_114914	80.5	-0.258968182	1000000.0	9
20170214_114924	80.7	-0.26144586	1000000.0	9
20170214_114934	80.7	-0.262106832	1000000.0	9
20170214_114944	80.9	-0.264640716	1000000.0	9
20170214_114954	80.3	-0.266019885	1000000.0	9
20170214_115004	80.1	-0.269036867	1000000.0	9
20170214_115014	80.1	-0.269807265	1000000.0	9
20170214_115024	80.3	-0.272179298	1000000.0	9
20170214_115034	80.5	-0.273075502	1000000.0	9
20170214_115044	80.5	-0.276415325	1000000.0	9
20170214_115054	80.7	-0.278170564	1000000.0	9
20170214_115104	81.1	-0.279977179	1000000.0	9
20170214_115114	81.3	-0.28325489	1000000.0	9
20170214_115124	81.3	-0.284713234	1000000.0	9
20170214_115134	81.6	-0.285840034	1000000.0	9
20170214_115144	81.6	-0.288260874	1000000.0	9
20170214_115154	81.8	-0.29177023	1000000.0	9
20170214_115204	82.0	-0.293038867	1000000.0	9
20170214_115214	82.0	-0.293627829	1000000.0	9
20170214_115224	82.0	-0.294314568	1000000.0	9
20170214_115234	81.5	-0.296257326	1000000.0	9
20170214_115244	81.8	-0.298519721	1000000.0	9
20170214_115254	82.0	-0.301161034	1000000.0	9
20170214_115304	82.2	-0.302223137	1000000.0	9
20170214_115314	82.4	-0.303960511	1000000.0	9
20170214_115324	82.6	-0.30566597	1000000.0	9
20170214_115334	82.6	-0.307018936	1000000.0	9
20170214_115344	82.8	-0.30935982	1000000.0	9
20170214_115354	82.8	-0.310196247	1000000.0	9
20170214_115404	83.2	-0.312199087	1000000.0	9
20170214_115414	83.3	-0.314400006	1000000.0	9
20170214_115424	83.3	-0.315229231	1000000.0	9
20170214_115434	83.3	-0.317345178	1000000.0	9
20170214_115444	83.7	-0.32012421	1000000.0	9
20170214_115454	83.7	-0.322045893	1000000.0	9
20170214_115504	83.7	-0.323829605	1000000.0	9
20170214_115514	84.1	-0.326416244	1000000.0	9
20170214_115524	84.1	-0.329040092	1000000.0	9
20170214_115534	83.9	-0.329711737	1000000.0	9
20170214_115544	83.5	-0.330956264	1000000.0	9
20170214_115554	84.3	-0.331520379	1000000.0	9
20170214_115604	84.3	-0.334511614	1000000.0	9
20170214_115614	84.5	-0.335991281	1000000.0	9
20170214_115624	84.9	-0.337701468	1000000.0	9
20170214_115634	84.9	-0.33889966	1000000.0	9
20170214_115644	85.0	-0.340227762	1000000.0	9
20170214_115654	85.0	-0.343704216	1000000.0	9
20170214_115704	84.9	-0.343384704	1000000.0	9
20170214_115714	85.0	-0.348827246	1000000.0	9
20170214_115724	85.2	-0.34985664	1000000.0	9
20170214_115734	85.2	-0.350316544	1000000.0	9
20170214_115744	84.7	-0.350669915	1000000.0	9
20170214_115754	85.2	-0.35265265	1000000.0	9
20170214_115804	84.9	-0.353259266	1000000.0	9
20170214_115814	85.6	-0.355429684	1000000.0	9
20170214_115824	85.6	-0.358813384	1000000.0	9
20170214_115834	85.4	-0.358386584	1000000.0	9
20170214_115844	85.8	-0.359062574	1000000.0	9
20170214_115854	85.8	-0.361490192	1000000.0	9
20170214_115904	85.8	-0.36277122	1000000.0	9
20170214_115914	85.8	-0.36385464	1000000.0	9
20170214_115924	86.0	-0.365627123	1000000.0	9
20170214_115934	86.0	-0.368661319	1000000.0	9
20170214_115944	86.4	-0.369231052	1000000.0	9
20170214_115954	86.4	-0.368737668	1000000.0	9
20170214_120004	86.6	-0.371004899	1000000.0	9
20170214_120014	86.6	-0.372125986	1000000.0	9
20170214_120024	86.7	-0.37326134	1000000.0	9
20170214_120034	86.7	-0.374578644	1000000.0	9
20170214_120044	86.7	-0.376480563	1000000.0	9
20170214_120054	86.7	-0.375943389	1000000.0	9
20170214_120104	86.9	-0.377804586	1000000.0	9
20170214_120114	86.9	-0.378611378	1000000.0	9
20170214_120124	87.1	-0.378634768	1000000.0	9
20170214_120134	86.9	-0.379740777	1000000.0	9
20170214_120144	86.6	-0.380574687	1000000.0	9
20170214_120154	86.6	-0.381333282	1000000.0	9
20170214_120204	86.7	-0.382267916	1000000.0	9
20170214_120214	86.7	-0.383273069	1000000.0	9
20170214_120224	86.4	-0.385539344	1000000.0	9
20170214_120234	86.4	-0.387067752	1000000.0	9
20170214_120244	86.2	-0.388562332	1000000.0	9
20170214_120254	86.0	-0.389892392	1000000.0	9
20170214_120304	86.7	-0.391267165	1000000.0	9
20170214_120314	86.2	-0.391763148	1000000.0	9
20170214_120324	86.2	-0.395007081	1000000.0	9
20170214_120334	87.1	-0.39675432	1000000.0	9
20170214_120344	87.3	-0.396721077	1000000.0	9
20170214_120354	87.3	-0.397019987	1000000.0	9
20170214_120404	88.1	-0.398120845	1000000.0	9
20170214_120414	87.1	-0.397493411	1000000.0	9
20170214_120424	87.5	-0.400848836	1000000.0	9
20170214_120434	87.1	-0.391721479	1000000.0	9
20170214_120444	87.1	-0.392059219	1000000.0	9
20170214_120454	87.5	-0.393095075	1000000.0	9
20170214_120504	87.9	-0.393216076	1000000.0	9
20170214_120514	87.7	-0.392607666	1000000.0	9
20170214_120524	88.3	-0.394347055	1000000.0	9
20170214_120534	87.9	-0.394897465	1000000.0	9
20170214_120544	87.9	-0.394873433	1000000.0	9
20170214_120554	87.3	-0.395837451	1000000.0	9
20170214_120604	88.3	-0.395927621	1000000.0	9
20170214_120614	87.9	-0.397933501	1000000.0	9
20170214_120624	87.5	-0.399437839	1000000.0	9
20170214_120634	87.7	-0.401343451	1000000.0	9
20170214_120644	87.9	-0.399492547	1000000.0	9
20170214_120654	88.3	-0.401180729	1000000.0	9
20170214_120704	87.9	-0.403690027	1000000.0	9
20170214_120714	87.3	-0.403187898	1000000.0	9
20170214_120724	87.7	-0.403918607	1000000.0	9
20170214_120734	87.9	-0.407249692	1000000.0	9
20170214_120744	87.9	-0.405889554	1000000.0	9
20170214_120754	87.1	-0.40414697	1000000.0	9
20170214_120804	86.7	-0.405014042	1000000.0	9
20170214_120814	87.7	-0.406942137	1000000.0	9
20170214_120824	87.5	-0.408801804	1000000.0	9
20170214_120834	88.1	-0.412692664	1000000.0	9
20170214_120844	87.7	-0.411708786	1000000.0	9
20170214_120854	87.5	-0.412967923	1000000.0	9
20170214_120904	87.7	-0.411941083	1000000.0	9
20170214_120914	87.7	-0.411886294	1000000.0	9
20170214_120924	87.9	-0.414517067	1000000.0	9
20170214_120934	87.5	-0.414259326	1000000.0	9
20170214_120944	87.7	-0.417410029	1000000.0	9
20170214_120954	88.1	-0.419974314	1000000.0	9
