20170301_125305	25.3	5.42277588e-06	1000000.0	6
20170301_125315	25.3	9.9e+37	1000000.0	6
20170301_125325	25.3	0.000548664222	1000000.0	6
20170301_125335	25.3	3.96261433e-05	1000000.0	6
20170301_125345	25.3	-7.30319848e-05	1000000.0	6
20170301_125355	25.3	-6.89699623e-05	1000000.0	6
20170301_125405	25.1	-6.74254813e-05	1000000.0	6
20170301_125415	25.1	-0.000214122247	1000000.0	6
20170301_125425	25.1	-0.000152754426	1000000.0	6
20170301_125435	25.3	-6.51271603e-05	1000000.0	6
20170301_125445	25.3	0.000398364525	1000000.0	6
20170301_125455	25.1	-7.33266094e-05	1000000.0	6
20170301_125505	25.3	-0.000126315712	1000000.0	6
20170301_125515	25.1	0.000286888935	1000000.0	6
20170301_125525	25.1	-3.87779245e-05	1000000.0	6
20170301_125535	25.1	-4.44211702e-05	1000000.0	6
20170301_125545	25.1	0.00223604979	1000000.0	6
20170301_125555	25.1	-0.000135595027	1000000.0	6
20170301_125605	25.1	0.000157651545	1000000.0	6
20170301_125615	25.1	0.000151558251	1000000.0	6
20170301_125625	25.1	3.56137631e-05	1000000.0	6
20170301_125635	25.1	-2.88039713e-05	1000000.0	6
20170301_125645	25.1	0.000527538665	1000000.0	6
20170301_125655	25.0	0.000303639467	1000000.0	6
20170301_125705	25.1	-0.000961335578	1000000.0	6
20170301_125715	25.0	-0.000432655551	1000000.0	6
20170301_125725	25.1	-0.000378242521	1000000.0	6
20170301_125735	25.0	0.000543425687	1000000.0	6
20170301_125745	25.1	-0.000179481536	1000000.0	6
20170301_125755	25.0	-0.00019616779	1000000.0	6
20170301_125805	25.0	-0.000163712849	1000000.0	6
20170301_125815	25.0	-0.000226467231	1000000.0	6
20170301_125825	25.0	-0.000132680411	1000000.0	6
20170301_125835	25.0	-0.000149828712	1000000.0	6
20170301_125845	25.0	-3.42164203e-05	1000000.0	6
20170301_125855	25.0	-0.000185735139	1000000.0	6
20170301_125905	25.0	-0.000157141483	1000000.0	6
20170301_125914	25.0	-0.000155121202	1000000.0	6
20170301_125925	25.0	-0.000168655064	1000000.0	6
20170301_125935	24.8	-0.000235266576	1000000.0	6
20170301_125945	25.0	-5.66781227e-05	1000000.0	6
20170301_125955	25.0	-7.70940328e-05	1000000.0	6
20170301_130005	25.0	-0.000173994032	1000000.0	6
20170301_130015	24.8	0.000471655858	1000000.0	6
20170301_130025	25.0	-0.00127092836	1000000.0	6
20170301_130035	24.8	-0.00140698159	1000000.0	6
20170301_130045	25.0	-0.00106950211	1000000.0	6
20170301_130055	24.8	0.000223323225	1000000.0	6
20170301_130104	24.8	-0.000171122733	1000000.0	6
20170301_130115	24.8	-7.18480004e-05	1000000.0	6
20170301_130125	25.0	-0.000174872246	1000000.0	6
20170301_130135	24.8	-6.87224396e-05	1000000.0	6
20170301_130145	24.8	-7.40595864e-05	1000000.0	6
20170301_130155	24.8	3.49767506e-05	1000000.0	6
20170301_130205	24.8	-4.33262129e-05	1000000.0	6
20170301_130215	24.8	-0.000141296763	1000000.0	6
20170301_130225	24.8	-6.115791e-05	1000000.0	6
20170301_130235	24.8	-0.000182113986	1000000.0	6
20170301_130245	24.6	-0.000131895052	1000000.0	6
20170301_130255	24.6	-0.000177167416	1000000.0	6
20170301_130305	24.6	-8.33137283e-05	1000000.0	6
20170301_130315	24.8	-0.000175400978	1000000.0	6
20170301_130325	24.8	-0.000183154632	1000000.0	6
20170301_130335	24.6	0.00205004659	1000000.0	6
20170301_130345	24.8	-2.36715722e-05	1000000.0	6
20170301_130355	24.6	-8.87194715e-05	1000000.0	6
20170301_130405	24.6	-2.06590419e-05	1000000.0	6
20170301_130415	24.6	-4.67255195e-05	1000000.0	6
20170301_130425	24.6	-8.94402184e-05	1000000.0	6
20170301_130435	24.6	-0.00040875468	1000000.0	6
20170301_130445	24.6	-2.57511411e-05	1000000.0	6
20170301_130455	24.6	-1.75271774e-05	1000000.0	6
20170301_130505	24.6	-0.000148367589	1000000.0	6
20170301_130515	24.6	-1.60581504e-05	1000000.0	6
20170301_130525	24.6	-0.000320166975	1000000.0	6
20170301_130535	24.6	-5.147506e-05	1000000.0	6
20170301_130545	24.4	-0.00019148369	1000000.0	6
20170301_130555	24.6	-0.000124998398	1000000.0	6
20170301_130605	24.4	-0.000382515378	1000000.0	6
20170301_130615	24.4	-0.000113121544	1000000.0	6
20170301_130625	24.4	-6.17195084e-05	1000000.0	6
20170301_130635	24.6	-0.000134239376	1000000.0	6
20170301_130645	24.6	-6.96305522e-05	1000000.0	6
20170301_130655	24.4	-0.00019377869	1000000.0	6
20170301_130705	24.4	-2.8239849e-05	1000000.0	6
20170301_130715	24.6	-0.000168935312	1000000.0	6
20170301_130725	24.4	1.3338534e-05	1000000.0	6
20170301_130735	24.4	-0.000167004922	1000000.0	6
20170301_130745	24.4	-7.73046461e-05	1000000.0	6
20170301_130755	24.4	-9.6266428e-05	1000000.0	6
20170301_130805	24.4	-0.000210771439	1000000.0	6
20170301_130815	24.4	-0.000149204357	1000000.0	6
20170301_130825	24.2	-9.65428114e-05	1000000.0	6
20170301_130835	24.4	-0.000134654777	1000000.0	6
20170301_130845	24.4	-0.000120167974	1000000.0	6
20170301_130856	24.4	-7.13901481e-05	1000000.0	6
20170301_130906	24.4	-6.49231637e-05	1000000.0	6
20170301_130916	24.4	2.39011489e-05	1000000.0	6
20170301_130926	24.4	-5.94560167e-05	1000000.0	6
20170301_130936	24.4	-0.00137035551	1000000.0	6
20170301_130946	24.4	-0.000681122418	1000000.0	6
20170301_130956	24.4	-0.000159709399	1000000.0	6
20170301_131006	24.2	-0.000508645597	1000000.0	6
20170301_131016	24.4	-0.000132240493	1000000.0	6
20170301_131026	24.4	-0.000215060854	1000000.0	6
20170301_131036	24.2	-0.000217511131	1000000.0	6
20170301_131046	24.2	-1.78747017e-05	1000000.0	6
20170301_131056	24.2	-0.000202769857	1000000.0	6
20170301_131106	24.2	-3.64939182e-05	1000000.0	6
20170301_131116	24.2	-0.000101013257	1000000.0	6
20170301_131126	24.4	-0.000147690759	1000000.0	6
20170301_131136	24.2	-0.000145445574	1000000.0	6
20170301_131146	24.4	-0.000146463703	1000000.0	6
20170301_131156	24.2	-6.32446742e-05	1000000.0	6
20170301_131206	24.2	-0.000172968502	1000000.0	6
20170301_131216	24.2	-0.000168753354	1000000.0	6
20170301_131226	24.2	-1.28960785e-05	1000000.0	6
20170301_131236	24.0	-0.000168121395	1000000.0	6
20170301_131246	24.2	-2.07972695e-05	1000000.0	6
20170301_131256	24.2	-3.30286182e-05	1000000.0	6
20170301_131306	24.2	-0.000113505469	1000000.0	6
20170301_131316	24.2	-7.8955679e-05	1000000.0	6
20170301_131326	24.2	-0.000399102517	1000000.0	6
20170301_131336	24.4	-0.000720963271	1000000.0	6
20170301_131346	24.8	-7.63072092e-05	1000000.0	6
20170301_131356	25.3	-2.22819648e-05	1000000.0	6
20170301_131406	26.1	-0.000182996113	1000000.0	6
20170301_131416	26.7	-9.28249256e-06	1000000.0	6
20170301_131426	27.5	-0.000172466025	1000000.0	6
20170301_131436	28.2	-2.09211218e-05	1000000.0	6
20170301_131446	28.8	-0.000201532983	1000000.0	6
20170301_131456	29.4	-3.45514738e-05	1000000.0	6
20170301_131506	30.0	-0.000194159041	1000000.0	6
20170301_131516	30.5	8.50979569e-06	1000000.0	6
20170301_131526	31.1	-9.3308221e-05	1000000.0	6
20170301_131536	31.7	-9.22318554e-05	1000000.0	6
20170301_131546	32.3	-0.000196572296	1000000.0	6
20170301_131556	32.8	-7.53462696e-05	1000000.0	6
20170301_131606	33.4	-0.000130991113	1000000.0	6
20170301_131616	34.0	-0.000176623165	1000000.0	6
20170301_131626	34.8	-0.000174583729	1000000.0	6
20170301_131636	35.3	-3.03243745e-05	1000000.0	6
20170301_131646	36.1	-0.000131081009	1000000.0	6
20170301_131656	36.7	-0.00014264539	1000000.0	6
20170301_131706	37.3	-0.000168201563	1000000.0	6
20170301_131716	37.8	-0.000147259396	1000000.0	6
20170301_131726	38.6	-0.000190187893	1000000.0	6
20170301_131736	39.2	-0.000135896081	1000000.0	6
20170301_131746	39.8	-0.000207876999	1000000.0	6
20170301_131756	40.3	-8.8497613e-05	1000000.0	6
20170301_131806	40.9	-0.000142859654	1000000.0	6
20170301_131816	41.5	-5.07664238e-05	1000000.0	6
20170301_131826	42.2	-5.65244735e-05	1000000.0	6
20170301_131836	42.6	-0.000179697926	1000000.0	6
20170301_131846	43.0	-9.39516316e-05	1000000.0	6
20170301_131856	43.5	-4.68421004e-05	1000000.0	6
20170301_131906	44.3	-7.00254068e-05	1000000.0	6
20170301_131916	44.7	-5.61308041e-05	1000000.0	6
20170301_131926	45.2	-0.000189002735	1000000.0	6
20170301_131936	45.6	-0.000168321696	1000000.0	6
20170301_131946	46.2	-5.17164472e-05	1000000.0	6
20170301_131956	46.6	-0.000166619712	1000000.0	6
20170301_132006	47.1	-8.50164939e-05	1000000.0	6
20170301_132016	47.7	-0.000148801583	1000000.0	6
20170301_132026	48.3	-6.58513704e-05	1000000.0	6
20170301_132036	48.6	-0.000180870415	1000000.0	6
20170301_132046	49.2	-0.00010268364	1000000.0	6
20170301_132056	49.8	-5.06614117e-05	1000000.0	6
20170301_132106	50.3	-0.000213126033	1000000.0	6
20170301_132116	50.7	-7.07071699e-05	1000000.0	6
20170301_132126	51.3	-0.000190524762	1000000.0	6
20170301_132136	51.1	-0.00018764055	1000000.0	6
20170301_132146	51.8	-6.54609702e-05	1000000.0	6
20170301_132156	52.4	-5.85236429e-05	1000000.0	6
20170301_132206	52.8	-8.97871639e-05	1000000.0	6
20170301_132216	53.2	-0.00013647555	1000000.0	6
20170301_132226	53.7	-0.000151796253	1000000.0	6
20170301_132236	54.3	-0.000233602938	1000000.0	6
20170301_132246	54.7	-0.00011683919	1000000.0	6
20170301_132256	54.9	-0.000235867479	1000000.0	6
20170301_132306	55.4	-9.78333831e-05	1000000.0	6
20170301_132316	56.0	-6.90532439e-05	1000000.0	6
20170301_132326	56.4	-7.18564953e-05	1000000.0	6
20170301_132336	56.9	-0.000209388855	1000000.0	6
20170301_132346	57.3	-6.76377478e-05	1000000.0	6
20170301_132356	57.7	-0.00020123953	1000000.0	6
20170301_132406	58.1	-8.32079437e-05	1000000.0	6
20170301_132416	58.4	-0.000104402083	1000000.0	6
20170301_132426	58.8	-0.0002350032	1000000.0	6
20170301_132436	59.0	-0.000121201053	1000000.0	6
20170301_132446	59.2	-0.000132747851	1000000.0	6
20170301_132456	59.6	-0.000233385081	1000000.0	6
20170301_132506	60.1	-0.00022930558	1000000.0	6
20170301_132516	60.3	-7.44882917e-05	1000000.0	6
20170301_132526	60.7	-0.00012367627	1000000.0	6
20170301_132536	61.3	-0.000220528546	1000000.0	6
20170301_132546	61.6	-8.23429617e-05	1000000.0	6
20170301_132556	61.8	-0.000127845712	1000000.0	6
20170301_132606	62.4	-0.000232914423	1000000.0	6
20170301_132616	62.6	-0.000129192051	1000000.0	6
20170301_132626	63.0	-0.000244787261	1000000.0	6
20170301_132636	63.3	-0.000101627346	1000000.0	6
20170301_132646	63.5	-8.50276893e-05	1000000.0	6
20170301_132656	63.9	-0.000188802853	1000000.0	6
20170301_132706	64.3	-0.000252394046	1000000.0	6
20170301_132716	64.5	-7.57420638e-05	1000000.0	6
20170301_132726	64.9	-0.000159982954	1000000.0	6
20170301_132736	65.2	-0.000235065133	1000000.0	6
20170301_132746	65.2	-0.000218472372	1000000.0	6
20170301_132756	65.8	-8.74418013e-05	1000000.0	6
20170301_132806	66.2	-0.000138428587	1000000.0	6
20170301_132816	66.2	-8.79488448e-05	1000000.0	6
20170301_132826	66.7	-8.23365794e-05	1000000.0	6
20170301_132836	67.1	-7.64962329e-05	1000000.0	6
20170301_132846	67.3	-6.5935998e-05	1000000.0	6
20170301_132856	67.7	-7.98768326e-05	1000000.0	6
20170301_132906	67.7	-0.000100629617	1000000.0	6
20170301_132916	68.1	-9.67208118e-05	1000000.0	6
20170301_132926	68.3	-0.00011026404	1000000.0	6
20170301_132936	68.8	-9.33868783e-05	1000000.0	6
20170301_132946	69.0	-9.57792848e-05	1000000.0	6
20170301_132956	69.2	-0.000201689801	1000000.0	6
20170301_133006	69.4	-0.000249547211	1000000.0	6
20170301_133016	69.8	-0.000258318044	1000000.0	6
20170301_133026	70.0	-0.000238234793	1000000.0	6
20170301_133036	70.1	-0.000222916847	1000000.0	6
20170301_133046	70.5	-0.000219005907	1000000.0	6
20170301_133056	70.7	-0.000255721922	1000000.0	6
20170301_133106	70.7	-0.000193088899	1000000.0	6
20170301_133116	71.1	-8.20741871e-05	1000000.0	6
20170301_133126	71.3	-6.44857524e-05	1000000.0	6
20170301_133136	71.5	-0.000102284559	1000000.0	6
20170301_133146	71.8	-0.000215631054	1000000.0	6
20170301_133156	72.2	-0.000128595858	1000000.0	6
20170301_133206	72.2	-8.33528778e-05	1000000.0	6
20170301_133216	72.4	-0.000243278858	1000000.0	6
20170301_133226	72.6	-0.000251205856	1000000.0	6
20170301_133236	72.8	-9.01738881e-05	1000000.0	6
20170301_133246	73.2	-0.000194722552	1000000.0	6
20170301_133256	73.3	-0.000170574244	1000000.0	6
20170301_133306	73.2	-0.000193721093	1000000.0	6
20170301_133316	73.3	-0.000254306873	1000000.0	6
20170301_133326	73.7	0.000384105829	1000000.0	6
20170301_133336	73.9	-0.000146779962	1000000.0	6
20170301_133346	74.5	-0.000117540989	1000000.0	6
20170301_133356	74.3	-0.000206880618	1000000.0	6
20170301_133406	74.1	-8.07559871e-05	1000000.0	6
20170301_133416	74.5	-7.8225122e-05	1000000.0	6
20170301_133426	74.7	-7.29253831e-05	1000000.0	6
20170301_133436	75.0	-0.000109304845	1000000.0	6
20170301_133446	75.2	-0.000237203259	1000000.0	6
20170301_133456	75.2	-0.00018546054	1000000.0	6
20170301_133506	75.4	-9.28018315e-05	1000000.0	6
20170301_133516	75.6	-0.000148274641	1000000.0	6
20170301_133526	75.8	-0.000108448481	1000000.0	6
20170301_133536	76.0	-0.00023876546	1000000.0	6
20170301_133546	75.8	-0.000218195037	1000000.0	6
20170301_133556	76.0	-0.000244341418	1000000.0	6
20170301_133606	76.4	-0.000152882825	1000000.0	6
20170301_133616	76.2	-0.000149781307	1000000.0	6
20170301_133626	76.9	-9.29731681e-05	1000000.0	6
20170301_133636	76.7	-7.27589576e-05	1000000.0	6
20170301_133646	76.7	-8.20286414e-05	1000000.0	6
20170301_133656	76.7	-0.000149779832	1000000.0	6
20170301_133706	76.9	-0.000114145628	1000000.0	6
20170301_133716	77.3	-0.000198843894	1000000.0	6
20170301_133726	77.3	-8.19646057e-05	1000000.0	6
20170301_133736	77.5	-0.000254427319	1000000.0	6
20170301_133746	77.5	-0.00023858167	1000000.0	6
20170301_133756	77.7	-9.34647611e-05	1000000.0	6
20170301_133806	77.7	-9.05656548e-05	1000000.0	6
20170301_133816	78.1	-7.65861677e-05	1000000.0	6
20170301_133826	78.1	-8.46378695e-05	1000000.0	6
20170301_133836	78.3	-8.77592298e-05	1000000.0	6
20170301_133846	78.4	-0.000221908627	1000000.0	6
20170301_133856	78.4	-8.34213337e-05	1000000.0	6
20170301_133906	78.4	-0.000216769145	1000000.0	6
20170301_133916	78.8	-0.000237941899	1000000.0	6
20170301_133926	78.8	-0.00012539651	1000000.0	6
20170301_133936	79.2	-0.000164912493	1000000.0	6
20170301_133946	79.4	-0.000209440133	1000000.0	6
20170301_133956	79.4	-7.81162727e-05	1000000.0	6
20170301_134006	79.4	-9.3167047e-05	1000000.0	6
20170301_134016	79.6	-6.51016512e-05	1000000.0	6
20170301_134026	79.8	-0.000207736817	1000000.0	6
20170301_134036	80.0	-7.6955924e-05	1000000.0	6
20170301_134046	80.1	-7.05057817e-05	1000000.0	6
20170301_134056	80.3	-0.00012516996	1000000.0	6
20170301_134106	80.3	-9.00975717e-05	1000000.0	6
20170301_134116	80.5	-0.000110143751	1000000.0	6
20170301_134126	80.5	-8.91414712e-05	1000000.0	6
20170301_134136	80.7	-0.000249607148	1000000.0	6
20170301_134146	81.1	-0.000201060511	1000000.0	6
20170301_134156	81.1	-0.00021102422	1000000.0	6
20170301_134206	81.5	-7.26192433e-05	1000000.0	6
20170301_134216	81.5	-0.000104898103	1000000.0	6
20170301_134226	81.6	-0.000130267994	1000000.0	6
20170301_134236	81.8	-0.000133880344	1000000.0	6
20170301_134246	81.8	-9.93405123e-05	1000000.0	6
20170301_134256	82.0	-0.000223117582	1000000.0	6
20170301_134306	82.2	-0.000162576487	1000000.0	6
20170301_134316	82.4	-8.27758028e-05	1000000.0	6
20170301_134326	82.6	-0.000191420148	1000000.0	6
20170301_134336	82.4	-0.000180442156	1000000.0	6
20170301_134346	82.4	-0.000194985737	1000000.0	6
20170301_134356	82.8	-9.33785479e-05	1000000.0	6
20170301_134406	82.6	-9.48891013e-05	1000000.0	6
20170301_134416	82.6	-0.000119688133	1000000.0	6
20170301_134426	82.8	-9.03903807e-05	1000000.0	6
20170301_134436	82.8	-9.08644308e-05	1000000.0	6
20170301_134446	82.6	-0.000105650899	1000000.0	6
20170301_134456	82.6	-7.53942486e-05	1000000.0	6
20170301_134506	81.8	-0.000249265388	1000000.0	6
20170301_134516	81.3	-0.000123085137	1000000.0	6
20170301_134526	81.1	-7.3629082e-05	1000000.0	6
20170301_134536	81.1	-0.000107507136	1000000.0	6
20170301_134546	80.9	-8.62222779e-05	1000000.0	6
20170301_134556	81.3	-0.000422666906	1000000.0	6
20170301_134606	81.1	-0.00023995788	1000000.0	6
20170301_134616	81.1	-0.00025581027	1000000.0	6
20170301_134626	81.3	-0.000116094691	1000000.0	6
20170301_134636	81.5	-8.78044172e-05	1000000.0	6
20170301_134646	81.5	-0.0001328273	1000000.0	6
20170301_134656	81.6	-0.000217558907	1000000.0	6
20170301_134706	81.5	-0.000168017411	1000000.0	6
20170301_134716	81.6	-0.000254296962	1000000.0	6
20170301_134726	81.6	-0.000244248378	1000000.0	6
20170301_134736	81.8	-9.62380302e-05	1000000.0	6
20170301_134746	81.8	-0.000111097469	1000000.0	6
20170301_134756	81.8	-8.39336686e-05	1000000.0	6
20170301_134806	82.2	-8.91864984e-05	1000000.0	6
20170301_134816	82.2	-0.000112875366	1000000.0	6
20170301_134826	82.2	-7.01827199e-05	1000000.0	6
20170301_134836	82.0	-0.000225121698	1000000.0	6
20170301_134846	82.4	-0.000229250817	1000000.0	6
20170301_134856	82.4	-0.000213324477	1000000.0	6
20170301_134906	82.4	-0.000205928033	1000000.0	6
20170301_134916	82.4	-0.000239152356	1000000.0	6
20170301_134926	82.2	-0.000164680399	1000000.0	6
20170301_134935	82.4	-0.000239581336	1000000.0	6
20170301_134946	82.4	-0.000222983325	1000000.0	6
20170301_134956	82.4	-0.000151489572	1000000.0	6
20170301_135006	82.4	-0.000255730612	1000000.0	6
20170301_135016	82.6	-0.000113923275	1000000.0	6
20170301_135026	82.6	-0.000181321378	1000000.0	6
20170301_135036	82.6	-0.000145006499	1000000.0	6
20170301_135046	82.6	-0.000123620167	1000000.0	6
20170301_135056	82.6	-7.60558498e-05	1000000.0	6
20170301_135106	82.4	-0.000225462183	1000000.0	6
20170301_135116	82.6	8.80226872e-05	1000000.0	6
20170301_135126	82.6	-0.000178402626	1000000.0	6
20170301_135136	82.4	-0.000245660455	1000000.0	6
20170301_135146	82.8	-8.11859051e-05	1000000.0	6
20170301_135156	82.8	-0.000195616135	1000000.0	6
20170301_135206	83.0	-0.000239617245	1000000.0	6
20170301_135215	83.0	-0.000172024021	1000000.0	6
20170301_135226	83.2	-8.42755292e-05	1000000.0	6
20170301_135236	83.0	-0.000227401961	1000000.0	6
20170301_135246	83.2	-6.86790727e-05	1000000.0	6
20170301_135256	83.2	-7.34796475e-05	1000000.0	6
20170301_135306	83.2	-8.52254859e-05	1000000.0	6
20170301_135316	83.3	-0.000125757878	1000000.0	6
20170301_135326	83.3	-0.000235751409	1000000.0	6
20170301_135336	83.2	-0.000138264454	1000000.0	6
20170301_135346	83.2	-0.000130723424	1000000.0	6
20170301_135356	83.2	-7.14902102e-05	1000000.0	6
20170301_135406	83.3	-9.5581806e-05	1000000.0	6
20170301_135416	83.3	-0.000248087631	1000000.0	6
20170301_135426	83.3	-0.000132435588	1000000.0	6
20170301_135436	83.3	0.0036496276	1000000.0	6
20170301_135446	83.3	-0.000251854996	1000000.0	6
20170301_135456	83.3	-0.000199010762	1000000.0	6
20170301_135506	83.3	-0.000103914628	1000000.0	6
20170301_135516	83.5	-0.00023338114	1000000.0	6
20170301_135526	83.3	-0.000236670773	1000000.0	6
20170301_135536	83.7	-0.000121675631	1000000.0	6
20170301_135546	83.3	-0.000164387185	1000000.0	6
20170301_135556	83.3	-9.85715852e-05	1000000.0	6
20170301_135606	83.7	-6.97400701e-05	1000000.0	6
20170301_135616	83.5	-7.43996799e-05	1000000.0	6
20170301_135626	83.5	-0.000241948497	1000000.0	6
20170301_135636	83.7	-8.24960768e-05	1000000.0	6
20170301_135646	83.5	-8.69028766e-05	1000000.0	6
20170301_135656	83.7	-0.000156354931	1000000.0	6
20170301_135706	83.7	-0.000107885639	1000000.0	6
20170301_135716	83.9	-0.000239346326	1000000.0	6
20170301_135726	84.1	-0.000162083683	1000000.0	6
20170301_135736	84.1	-8.26660536e-05	1000000.0	6
20170301_135746	84.3	-0.000249376952	1000000.0	6
20170301_135756	85.0	-0.000114369785	1000000.0	6
20170301_135806	85.8	-0.000252329174	1000000.0	6
20170301_135816	84.9	-0.000201810158	1000000.0	6
20170301_135826	85.4	-0.000187158712	1000000.0	6
20170301_135836	85.0	-0.00021117141	1000000.0	6
20170301_135846	85.4	-0.000237932482	1000000.0	6
20170301_135856	84.9	-0.000107886212	1000000.0	6
20170301_135906	84.9	-9.58938709e-05	1000000.0	6
20170301_135916	84.9	-6.78595867e-05	1000000.0	6
20170301_135926	84.5	-0.000243398668	1000000.0	6
20170301_135936	84.7	-0.000141750321	1000000.0	6
20170301_135946	84.5	-9.88060938e-05	1000000.0	6
20170301_135956	84.5	-0.000242306199	1000000.0	6
20170301_140006	84.5	-0.000224520048	1000000.0	6
20170301_140016	84.7	-8.77404818e-05	1000000.0	6
20170301_140026	84.7	-7.02243599e-05	1000000.0	6
20170301_140036	84.9	-0.000104332417	1000000.0	6
20170301_140046	84.9	-0.000207772418	1000000.0	6
20170301_140056	84.7	-0.000104308348	1000000.0	6
20170301_140106	84.5	-0.000120774692	1000000.0	6
20170301_140116	84.9	-0.000206006183	1000000.0	6
20170301_140126	84.9	-0.000233656178	1000000.0	6
20170301_140136	84.9	-0.000232996431	1000000.0	6
20170301_140146	84.7	-0.000240712991	1000000.0	6
20170301_140156	84.9	-0.000206957501	1000000.0	6
20170301_140206	84.5	-0.00017759427	1000000.0	6
20170301_140216	84.9	-0.000248052912	1000000.0	6
20170301_140226	85.0	-0.000104904763	1000000.0	6
20170301_140236	85.0	-0.000219811614	1000000.0	6
20170301_140246	85.0	-0.000241864027	1000000.0	6
20170301_140256	85.0	-9.43510336e-05	1000000.0	6
20170301_140306	85.0	-7.0226373e-05	1000000.0	6
20170301_140316	85.0	-0.000229719611	1000000.0	6
20170301_140326	85.0	-0.000170764908	1000000.0	6
20170301_140336	85.2	-0.000237627074	1000000.0	6
20170301_140346	85.2	-0.00015981496	1000000.0	6
20170301_140356	85.2	-6.5855436e-05	1000000.0	6
20170301_140406	85.2	-7.42296769e-05	1000000.0	6
20170301_140416	85.2	-0.000249774735	1000000.0	6
20170301_140426	85.4	-0.00010806052	1000000.0	6
20170301_140436	85.4	-0.000174624322	1000000.0	6
20170301_140446	85.4	-0.000174544807	1000000.0	6
20170301_140456	85.4	-0.000114326947	1000000.0	6
20170301_140506	85.6	-0.000228937708	1000000.0	6
20170301_140516	85.4	-0.000255068807	1000000.0	6
20170301_140526	85.4	-0.000133314562	1000000.0	6
20170301_140536	85.4	-0.000183512315	1000000.0	6
20170301_140546	85.4	-6.5034708e-05	1000000.0	6
20170301_140556	85.6	-8.25933642e-05	1000000.0	6
20170301_140606	85.6	-0.000144033356	1000000.0	6
20170301_140616	85.4	-0.000238893074	1000000.0	6
20170301_140626	85.8	-9.6590632e-05	1000000.0	6
20170301_140636	85.6	-0.000217760923	1000000.0	6
20170301_140646	85.6	-9.02207427e-05	1000000.0	6
20170301_140656	85.8	-0.000230113822	1000000.0	6
20170301_140706	85.8	-6.58787108e-05	1000000.0	6
20170301_140716	85.8	-0.000226199935	1000000.0	6
20170301_140726	85.8	-0.000151707832	1000000.0	6
20170301_140736	86.0	-0.000224096847	1000000.0	6
20170301_140746	86.0	-0.000154380089	1000000.0	6
20170301_140756	86.0	-0.000111215487	1000000.0	6
20170301_140806	85.8	-0.000234022061	1000000.0	6
20170301_140816	86.0	-4.92725334e-05	1000000.0	6
20170301_140826	86.2	-0.000206774157	1000000.0	6
20170301_140836	86.0	-7.14895256e-05	1000000.0	6
20170301_140846	86.2	-0.000105450543	1000000.0	6
20170301_140856	86.2	-0.000222067872	1000000.0	6
20170301_140906	86.2	-0.000119959577	1000000.0	6
20170301_140916	86.0	-0.000235353603	1000000.0	6
20170301_140926	86.4	-0.000207627623	1000000.0	6
20170301_140936	86.2	-8.3591131e-05	1000000.0	6
20170301_140945	86.4	-6.99354975e-05	1000000.0	6
20170301_140956	86.2	-0.000200832919	1000000.0	6
20170301_141006	86.7	-7.88296748e-05	1000000.0	6
20170301_141016	86.6	-0.000241964531	1000000.0	6
20170301_141026	86.4	-0.000194754698	1000000.0	6
20170301_141036	87.1	-0.000108584048	1000000.0	6
20170301_141046	86.6	-0.000232554529	1000000.0	6
20170301_141056	86.2	-0.000232260717	1000000.0	6
20170301_141106	86.6	-0.000247530505	1000000.0	6
20170301_141116	86.4	-0.000103852915	1000000.0	6
20170301_141126	86.4	-0.000238661064	1000000.0	6
20170301_141136	86.4	-0.000233141549	1000000.0	6
20170301_141146	86.4	-0.000220196694	1000000.0	6
20170301_141156	86.6	-0.000230784662	1000000.0	6
20170301_141206	86.4	-0.000251377916	1000000.0	6
20170301_141216	86.4	-0.000158793765	1000000.0	6
20170301_141225	86.4	-0.000178164044	1000000.0	6
20170301_141236	86.2	-7.22705719e-05	1000000.0	6
20170301_141246	86.0	-0.000127440202	1000000.0	6
20170301_141256	86.2	-0.000233211184	1000000.0	6
20170301_141306	86.2	-8.99561828e-05	1000000.0	6
20170301_141316	86.2	-0.000202039848	1000000.0	6
20170301_141325	82.0	0.000488277877	1000000.0	6
20170301_141336	84.3	-0.000237637509	1000000.0	6
20170301_141346	84.5	-8.11907895e-05	1000000.0	6
20170301_141355	85.8	-0.00021178245	1000000.0	6
20170301_141405	85.6	-0.000220376634	1000000.0	6
20170301_141415	85.8	-0.000234248566	1000000.0	6
20170301_141426	85.6	-8.9331015e-05	1000000.0	6
20170301_141435	85.8	-0.000125280327	1000000.0	6
20170301_141445	85.6	-0.000160408658	1000000.0	6
20170301_141456	85.4	-7.82070423e-05	1000000.0	6
20170301_141505	85.6	-8.30924531e-05	1000000.0	6
20170301_141515	86.0	-0.000102523837	1000000.0	6
20170301_141526	85.8	-0.000112820038	1000000.0	6
20170301_141535	86.0	-0.000140038474	1000000.0	6
20170301_141545	86.4	-8.05200702e-05	1000000.0	6
20170301_141555	86.0	-9.10775256e-05	1000000.0	6
20170301_141605	86.2	-7.81748749e-05	1000000.0	6
20170301_141615	86.0	-8.8555698e-05	1000000.0	6
20170301_141625	85.6	-7.22606275e-05	1000000.0	6
20170301_141635	85.8	-7.74000915e-05	1000000.0	6
20170301_141645	85.8	-0.000154406913	1000000.0	6
20170301_141655	86.0	-0.000149745753	1000000.0	6
20170301_141705	86.7	-0.000103220327	1000000.0	6
20170301_141715	86.7	-0.000209961934	1000000.0	6
20170301_141725	86.0	-9.85576984e-05	1000000.0	6
20170301_141735	85.8	-0.000240745853	1000000.0	6
20170301_141745	85.8	-0.000233157123	1000000.0	6
20170301_141755	85.6	-8.39070011e-05	1000000.0	6
20170301_141805	86.0	-9.09804371e-05	1000000.0	6
20170301_141815	86.0	-0.00022211973	1000000.0	6
20170301_141825	86.2	-0.000101683194	1000000.0	6
20170301_141835	86.0	-7.67563847e-05	1000000.0	6
20170301_141845	86.2	-8.48248256e-05	1000000.0	6
20170301_141856	86.2	-0.000106039432	1000000.0	6
20170301_141905	86.2	-7.6321907e-05	1000000.0	6
20170301_141915	85.8	-7.60920391e-05	1000000.0	6
20170301_141925	85.2	-0.000224584569	1000000.0	6
20170301_141935	84.9	-0.000170663949	1000000.0	6
20170301_141945	84.9	-0.000199811201	1000000.0	6
20170301_141955	84.9	-0.000225698944	1000000.0	6
20170301_142005	85.0	-6.53191354e-05	1000000.0	6
20170301_142015	85.2	-9.4084024e-05	1000000.0	6
20170301_142025	85.0	-7.38820142e-05	1000000.0	6
20170301_142035	84.9	-7.47600175e-05	1000000.0	6
20170301_142045	85.2	-0.000128624809	1000000.0	6
20170301_142055	85.2	-0.0002169268	1000000.0	6
20170301_142105	85.2	-0.000117725911	1000000.0	6
20170301_142115	85.2	-0.000203239035	1000000.0	6
20170301_142125	85.2	-0.000174811998	1000000.0	6
20170301_142135	85.4	-7.86838329e-05	1000000.0	6
20170301_142145	85.4	-0.000229906408	1000000.0	6
20170301_142155	85.4	-7.88714271e-05	1000000.0	6
20170301_142205	86.2	-0.000138672245	1000000.0	6
20170301_142215	85.8	-0.000174709407	1000000.0	6
20170301_142225	86.2	-0.000107686588	1000000.0	6
20170301_142235	86.0	-0.000133546282	1000000.0	6
20170301_142245	86.2	-0.000145094594	1000000.0	6
20170301_142255	86.0	-9.36662248e-05	1000000.0	6
20170301_142305	86.2	-8.32337701e-05	1000000.0	6
20170301_142315	86.0	-0.000249434819	1000000.0	6
20170301_142325	86.2	-0.000212882675	1000000.0	6
20170301_142335	86.4	-8.03403196e-05	1000000.0	6
20170301_142345	86.4	-8.97319872e-05	1000000.0	6
20170301_142355	86.2	-9.89971064e-05	1000000.0	6
20170301_142405	86.4	-8.52975426e-05	1000000.0	6
20170301_142415	86.4	-9.42309225e-05	1000000.0	6
20170301_142425	86.2	-0.000155496171	1000000.0	6
20170301_142435	86.2	-0.000240626903	1000000.0	6
20170301_142445	86.4	-9.03748197e-05	1000000.0	6
20170301_142455	86.6	8.14118229e-05	1000000.0	6
20170301_142505	86.4	-0.000150437902	1000000.0	6
20170301_142515	86.6	-9.69181174e-05	1000000.0	6
20170301_142525	86.7	-8.40487641e-05	1000000.0	6
20170301_142535	86.7	-0.000119184334	1000000.0	6
20170301_142545	86.6	-0.000241659045	1000000.0	6
20170301_142555	86.7	-0.000231185021	1000000.0	6
20170301_142605	86.6	-8.75771661e-05	1000000.0	6
20170301_142615	86.6	-0.000253203973	1000000.0	6
20170301_142625	86.7	-0.000209512059	1000000.0	6
20170301_142635	86.6	-0.000259814135	1000000.0	6
20170301_142645	86.7	-0.000242367432	1000000.0	6
20170301_142655	86.6	-0.000254650088	1000000.0	6
20170301_142705	86.7	-9.27060545e-05	1000000.0	6
20170301_142715	86.7	-0.000221897078	1000000.0	6
20170301_142725	86.7	-8.38187556e-05	1000000.0	6
20170301_142735	86.6	-0.00015466641	1000000.0	6
20170301_142745	86.7	-0.000148212618	1000000.0	6
20170301_142755	86.6	-0.00015945307	1000000.0	6
20170301_142805	86.7	-0.000211714907	1000000.0	6
20170301_142815	86.2	-9.45540875e-05	1000000.0	6
20170301_142825	86.6	-0.000225171281	1000000.0	6
20170301_142835	87.3	-0.000244760004	1000000.0	6
20170301_142845	86.6	-0.000228462793	1000000.0	6
20170301_142855	86.6	-0.000246264623	1000000.0	6
20170301_142905	86.7	-0.000158908419	1000000.0	6
20170301_142915	86.9	-0.000126584324	1000000.0	6
20170301_142925	86.7	-9.99610412e-05	1000000.0	6
20170301_142935	86.6	-8.74342655e-05	1000000.0	6
20170301_142945	86.9	-0.000245048494	1000000.0	6
20170301_142955	86.6	-0.000109133499	1000000.0	6
20170301_143005	86.7	-0.00013375616	1000000.0	6
20170301_143015	87.1	-0.00024905338	1000000.0	6
20170301_143025	86.4	-0.000129788392	1000000.0	6
20170301_143035	86.6	-0.000131042178	1000000.0	6
20170301_143045	86.4	-0.000116775007	1000000.0	6
20170301_143055	87.1	-7.65306753e-05	1000000.0	6
20170301_143105	87.1	-0.000172950557	1000000.0	6
20170301_143115	86.6	-0.000242978219	1000000.0	6
20170301_143125	86.6	-0.000130812956	1000000.0	6
20170301_143135	86.7	-9.02216068e-05	1000000.0	6
20170301_143145	86.9	-0.00014965024	1000000.0	6
20170301_143155	86.7	-0.000173132863	1000000.0	6
20170301_143205	86.7	-0.000109091057	1000000.0	6
20170301_143215	86.7	-0.000256233887	1000000.0	6
20170301_143225	86.6	-0.000126440282	1000000.0	6
20170301_143235	87.1	-0.000140294483	1000000.0	6
20170301_143245	86.6	-8.96126201e-05	1000000.0	6
20170301_143255	86.7	-9.25207071e-05	1000000.0	6
20170301_143305	87.3	-0.000138398603	1000000.0	6
20170301_143315	86.9	-0.000230271897	1000000.0	6
20170301_143325	87.1	-0.000232999525	1000000.0	6
20170301_143335	86.6	-0.000108264062	1000000.0	6
20170301_143345	85.8	-7.83115447e-05	1000000.0	6
20170301_143355	86.0	-7.77480778e-05	1000000.0	6
20170301_143405	86.4	-7.89860283e-05	1000000.0	6
20170301_143415	86.2	-0.000171795638	1000000.0	6
20170301_143425	86.4	-0.000239866316	1000000.0	6
20170301_143435	86.2	-0.000192078934	1000000.0	6
20170301_143445	86.4	-0.000140394734	1000000.0	6
20170301_143455	86.4	-0.000112377007	1000000.0	6
20170301_143505	86.4	-7.56558781e-05	1000000.0	6
20170301_143515	86.6	-9.86394211e-05	1000000.0	6
20170301_143525	86.6	-0.000186313005	1000000.0	6
20170301_143535	86.6	-7.79281329e-05	1000000.0	6
20170301_143545	86.6	-8.20670014e-05	1000000.0	6
20170301_143555	86.7	-8.43025241e-05	1000000.0	6
20170301_143605	86.7	-9.32084451e-05	1000000.0	6
20170301_143615	86.7	-8.96980768e-05	1000000.0	6
20170301_143625	86.7	-9.5569859e-05	1000000.0	6
20170301_143635	87.1	-8.49142249e-05	1000000.0	6
20170301_143645	86.7	-0.000100220497	1000000.0	6
20170301_143655	87.1	-0.000234551272	1000000.0	6
20170301_143705	86.9	-0.00024130365	1000000.0	6
20170301_143715	87.1	-8.55676337e-05	1000000.0	6
20170301_143725	87.1	-0.000180757093	1000000.0	6
20170301_143735	87.1	-9.27128638e-05	1000000.0	6
20170301_143745	87.3	-9.74812102e-05	1000000.0	6
20170301_143755	87.3	-7.73796401e-05	1000000.0	6
20170301_143805	86.7	-0.000115017947	1000000.0	6
20170301_143815	87.1	-0.000134397844	1000000.0	6
20170301_143825	86.9	-7.78925313e-05	1000000.0	6
20170301_143835	87.1	-0.000102364067	1000000.0	6
20170301_143845	87.1	-0.00023426346	1000000.0	6
20170301_143855	87.1	-0.000232410523	1000000.0	6
20170301_143905	87.3	-0.000178077355	1000000.0	6
20170301_143915	87.1	-0.000125912058	1000000.0	6
20170301_143925	87.1	-0.000192961864	1000000.0	6
20170301_143935	87.1	-7.93970012e-05	1000000.0	6
20170301_143945	87.3	-8.40344314e-05	1000000.0	6
20170301_143955	87.3	-0.000213739377	1000000.0	6
20170301_144005	87.3	-0.000238329706	1000000.0	6
20170301_144015	87.3	-0.000101518688	1000000.0	6
20170301_144025	87.3	-0.000107262411	1000000.0	6
20170301_144035	87.3	-9.70159151e-05	1000000.0	6
20170301_144045	87.3	-9.3841933e-05	1000000.0	6
20170301_144055	87.5	-8.54281136e-05	1000000.0	6
20170301_144105	87.5	-9.70550295e-05	1000000.0	6
20170301_144115	87.5	-0.000182464977	1000000.0	6
20170301_144125	87.5	-0.000241936277	1000000.0	6
20170301_144135	87.5	-0.000116416636	1000000.0	6
20170301_144145	87.7	-8.57423616e-05	1000000.0	6
20170301_144155	87.9	-0.000109511277	1000000.0	6
20170301_144205	87.3	-0.000159642542	1000000.0	6
20170301_144215	87.5	-0.00010712408	1000000.0	6
20170301_144225	87.9	-0.000872653619	1000000.0	6
20170301_144235	87.9	-0.000145840694	1000000.0	6
20170301_144245	87.9	-0.000123949252	1000000.0	6
20170301_144255	87.9	-9.28154789e-05	1000000.0	6
20170301_144305	88.1	-0.000193072123	1000000.0	6
20170301_144315	88.1	-0.000200237786	1000000.0	6
20170301_144325	88.1	-0.000109696744	1000000.0	6
20170301_144335	88.1	-0.000230552761	1000000.0	6
20170301_144345	87.9	-0.000136170997	1000000.0	6
20170301_144355	88.1	-9.95553884e-05	1000000.0	6
20170301_144405	88.3	-7.91858526e-05	1000000.0	6
20170301_144415	88.4	-8.92360271e-05	1000000.0	6
20170301_144425	88.1	-9.48954357e-05	1000000.0	6
20170301_144435	88.1	-0.000249799761	1000000.0	6
20170301_144445	88.3	-0.00012248294	1000000.0	6
20170301_144455	88.1	-0.000231643592	1000000.0	6
20170301_144505	86.7	-0.000216125697	1000000.0	6
20170301_144515	87.3	-0.000246884247	1000000.0	6
20170301_144525	87.7	-0.000144903377	1000000.0	6
20170301_144535	87.5	-0.000223246526	1000000.0	6
20170301_144545	87.3	-0.000236214844	1000000.0	6
20170301_144555	87.1	-0.000261484029	1000000.0	6
20170301_144605	87.5	-0.000106283529	1000000.0	6
20170301_144615	86.9	-0.000259851619	1000000.0	6
20170301_144625	86.9	-0.000165392247	1000000.0	6
20170301_144635	86.9	-0.000125218921	1000000.0	6
20170301_144645	87.1	-0.00012558141	1000000.0	6
20170301_144655	86.6	-0.000102241182	1000000.0	6
20170301_144705	87.5	-0.000164072614	1000000.0	6
20170301_144715	86.9	-8.05919417e-05	1000000.0	6
20170301_144725	86.7	-8.2711711e-05	1000000.0	6
20170301_144735	87.3	-0.000242567493	1000000.0	6
20170301_144745	86.9	-0.000234690294	1000000.0	6
20170301_144755	86.7	-0.000250716894	1000000.0	6
20170301_144805	87.3	-0.000173375721	1000000.0	6
20170301_144815	87.3	-0.000115005823	1000000.0	6
20170301_144825	87.1	-0.000145593534	1000000.0	6
20170301_144835	87.1	-0.00015609735	1000000.0	6
20170301_144845	87.1	-0.000219171105	1000000.0	6
20170301_144856	87.1	-0.00026062863	1000000.0	6
20170301_144906	87.1	-0.00025615599	1000000.0	6
20170301_144915	87.3	-0.000117876299	1000000.0	6
20170301_144925	87.3	-0.000149812158	1000000.0	6
20170301_144935	87.1	-0.000146519442	1000000.0	6
20170301_144945	87.3	-0.000224899915	1000000.0	6
20170301_144955	87.9	-0.000130556714	1000000.0	6
20170301_145005	86.9	-0.000256304343	1000000.0	6
20170301_145015	86.7	-0.000241681166	1000000.0	6
20170301_145025	86.9	-0.000119007357	1000000.0	6
20170301_145035	86.9	-0.000138153931	1000000.0	6
20170301_145045	87.1	-9.55653377e-05	1000000.0	6
20170301_145055	87.1	-0.000102969975	1000000.0	6
20170301_145105	86.9	-0.00017876299	1000000.0	6
20170301_145115	86.9	-0.000106868075	1000000.0	6
20170301_145125	87.1	-0.000143534732	1000000.0	6
20170301_145135	86.9	-0.000100905028	1000000.0	6
20170301_145145	86.9	-8.80638622e-05	1000000.0	6
20170301_145155	86.2	-8.92222393e-05	1000000.0	6
20170301_145205	85.6	-0.000201281354	1000000.0	6
20170301_145215	85.6	-7.24287976e-05	1000000.0	6
20170301_145225	85.6	-9.67764917e-05	1000000.0	6
20170301_145235	85.2	-8.64237843e-05	1000000.0	6
20170301_145245	84.9	-8.79251506e-05	1000000.0	6
20170301_145255	85.6	-8.43458979e-05	1000000.0	6
20170301_145305	85.8	-0.000143638269	1000000.0	6
20170301_145315	85.8	-0.000232949038	1000000.0	6
20170301_145325	85.8	-0.000252728711	1000000.0	6
20170301_145335	85.4	-0.000209363062	1000000.0	6
20170301_145345	86.0	-0.000253320952	1000000.0	6
20170301_145355	84.9	-9.12793052e-05	1000000.0	6
20170301_145405	86.2	-0.00014470779	1000000.0	6
20170301_145415	85.4	-0.000247890174	1000000.0	6
20170301_145425	85.8	-0.000127844847	1000000.0	6
20170301_145435	85.4	-9.7818412e-05	1000000.0	6
20170301_145445	85.4	-0.000120383863	1000000.0	6
20170301_145455	85.8	-0.000174854848	1000000.0	6
20170301_145505	86.0	-0.000198347273	1000000.0	6
20170301_145515	85.6	-8.10392903e-05	1000000.0	6
20170301_145525	85.6	-9.56650407e-05	1000000.0	6
20170301_145535	85.8	-0.000218440156	1000000.0	6
20170301_145545	85.8	-0.000259662627	1000000.0	6
20170301_145555	85.8	-0.000212178357	1000000.0	6
20170301_145605	85.8	-0.000130721868	1000000.0	6
20170301_145615	85.8	-0.00010662914	1000000.0	6
20170301_145625	86.0	-0.000120256387	1000000.0	6
20170301_145635	85.8	-0.000225721425	1000000.0	6
20170301_145645	85.8	-0.000227446436	1000000.0	6
20170301_145655	86.0	-0.000196778046	1000000.0	6
20170301_145705	86.0	-0.00012245731	1000000.0	6
20170301_145715	86.2	-8.99922112e-05	1000000.0	6
20170301_145725	86.0	-0.000226090654	1000000.0	6
20170301_145735	86.0	-0.000187742453	1000000.0	6
20170301_145745	86.2	-0.000243116234	1000000.0	6
20170301_145755	86.2	-0.000261121268	1000000.0	6
20170301_145805	86.2	-0.000249403341	1000000.0	6
20170301_145815	86.2	-0.000177732596	1000000.0	6
20170301_145825	86.4	-0.000140479288	1000000.0	6
20170301_145835	86.2	-0.000315639417	1000000.0	6
20170301_145845	86.2	-0.000203510452	1000000.0	6
20170301_145855	86.0	-0.000227871391	1000000.0	6
20170301_145905	85.8	-0.000233888664	1000000.0	6
20170301_145915	86.0	-0.000228558086	1000000.0	6
20170301_145925	86.0	-0.000183614953	1000000.0	6
20170301_145935	86.0	-0.000190310244	1000000.0	6
20170301_145945	86.0	-0.000203164121	1000000.0	6
20170301_145955	86.0	-9.21170876e-05	1000000.0	6
20170301_150005	86.0	-0.000112715931	1000000.0	6
20170301_150015	86.0	-9.04003752e-05	1000000.0	6
20170301_150025	86.0	-0.000160045266	1000000.0	6
20170301_150035	86.2	-0.000155634844	1000000.0	6
20170301_150045	86.2	-0.00021087002	1000000.0	6
20170301_150055	86.2	-0.000263031439	1000000.0	6
20170301_150105	86.2	0.00283282862	1000000.0	6
20170301_150115	86.2	-8.42051703e-05	1000000.0	6
20170301_150125	86.2	-0.000131228597	1000000.0	6
20170301_150135	86.2	-0.000252948099	1000000.0	6
20170301_150145	86.4	-0.000242796584	1000000.0	6
20170301_150155	86.7	-0.000248145313	1000000.0	6
20170301_150205	86.9	-0.000145667356	1000000.0	6
20170301_150215	87.1	-0.00013558794	1000000.0	6
20170301_150225	87.1	-8.42805179e-05	1000000.0	6
20170301_150235	87.1	-0.000108924814	1000000.0	6
20170301_150245	87.1	-8.66286348e-05	1000000.0	6
20170301_150255	86.9	-0.000102670684	1000000.0	6
20170301_150305	86.9	-0.000104536955	1000000.0	6
20170301_150315	87.1	-0.000104076991	1000000.0	6
20170301_150325	87.1	-0.000124594778	1000000.0	6
20170301_150335	86.9	-0.000144863742	1000000.0	6
20170301_150345	87.1	-0.000187149805	1000000.0	6
20170301_150355	87.1	-0.000193556047	1000000.0	6
20170301_150405	87.1	-0.000113929418	1000000.0	6
20170301_150415	86.9	-0.000237419628	1000000.0	6
20170301_150425	86.9	-0.000257528896	1000000.0	6
20170301_150435	87.1	-9.10631061e-05	1000000.0	6
20170301_150445	87.1	-0.000120775197	1000000.0	6
20170301_150455	87.1	-0.0002015685	1000000.0	6
20170301_150505	87.5	-0.000119758606	1000000.0	6
20170301_150515	87.1	-0.00012080071	1000000.0	6
20170301_150525	86.9	-0.000100766683	1000000.0	6
20170301_150535	86.7	-0.00016823412	1000000.0	6
20170301_150545	86.7	-9.76377491e-05	1000000.0	6
20170301_150555	86.6	-9.36381432e-05	1000000.0	6
20170301_150605	86.7	-0.000235510658	1000000.0	6
20170301_150615	86.6	-0.00022433864	1000000.0	6
20170301_150625	86.0	-0.000164961457	1000000.0	6
20170301_150635	87.1	-0.000262286905	1000000.0	6
20170301_150645	86.7	-0.000243189421	1000000.0	6
20170301_150655	86.7	-0.000100838011	1000000.0	6
20170301_150705	86.6	-0.000161245098	1000000.0	6
20170301_150715	86.7	-0.000108673664	1000000.0	6
20170301_150725	86.9	-0.000222765297	1000000.0	6
20170301_150735	86.7	-0.000326670815	1000000.0	6
20170301_150745	86.7	-0.000257288334	1000000.0	6
20170301_150755	86.7	-0.000257938695	1000000.0	6
20170301_150805	86.9	-0.000250831895	1000000.0	6
20170301_150815	86.9	-0.000248355093	1000000.0	6
20170301_150825	86.7	-0.000251603141	1000000.0	6
20170301_150835	86.7	-0.00011504928	1000000.0	6
20170301_150845	86.9	-0.000208214957	1000000.0	6
20170301_150855	87.1	-0.000268735079	1000000.0	6
20170301_150905	86.4	-0.000230877356	1000000.0	6
20170301_150915	86.4	-0.00022793115	1000000.0	6
20170301_150925	86.6	-0.000127847646	1000000.0	6
20170301_150935	86.6	-0.000271371342	1000000.0	6
20170301_150945	86.6	-0.000259318232	1000000.0	6
20170301_150955	86.6	-0.000204204044	1000000.0	6
20170301_151005	86.6	-8.49813581e-05	1000000.0	6
20170301_151015	86.7	-0.000116018476	1000000.0	6
20170301_151025	86.6	-0.000189080864	1000000.0	6
20170301_151035	86.9	-0.000250791006	1000000.0	6
20170301_151045	86.6	-0.000156114725	1000000.0	6
20170301_151055	86.4	-0.000122719303	1000000.0	6
20170301_151105	86.2	-9.00121533e-05	1000000.0	6
20170301_151115	86.2	-7.81596766e-05	1000000.0	6
20170301_151125	86.4	-9.0388232e-05	1000000.0	6
20170301_151135	86.6	-0.000144164424	1000000.0	6
20170301_151145	86.2	-0.000227332055	1000000.0	6
20170301_151155	86.0	-0.000147830776	1000000.0	6
20170301_151205	86.4	-0.000127475381	1000000.0	6
20170301_151215	86.4	-8.80759543e-05	1000000.0	6
20170301_151225	86.4	-0.000103335642	1000000.0	6
20170301_151235	86.7	-0.000163145117	1000000.0	6
20170301_151245	86.9	-0.000237475644	1000000.0	6
20170301_151255	86.9	-0.000110876666	1000000.0	6
20170301_151305	86.9	-8.96204663e-05	1000000.0	6
20170301_151315	86.9	-0.000117972462	1000000.0	6
20170301_151325	86.9	-0.000147818233	1000000.0	6
20170301_151335	87.1	-0.000250013007	1000000.0	6
20170301_151345	86.9	-0.00026219807	1000000.0	6
20170301_151355	86.9	-0.000262778462	1000000.0	6
20170301_151405	87.1	-0.000102445336	1000000.0	6
20170301_151415	87.1	-9.18518052e-05	1000000.0	6
20170301_151425	86.9	-0.000104793558	1000000.0	6
20170301_151435	87.3	-0.000131746829	1000000.0	6
20170301_151445	87.1	-0.000183591188	1000000.0	6
20170301_151455	87.1	-0.000250563594	1000000.0	6
20170301_151505	87.1	-0.000107034171	1000000.0	6
20170301_151515	87.1	-0.000116130963	1000000.0	6
20170301_151525	86.9	-0.000206858861	1000000.0	6
20170301_151535	86.9	-0.000194538506	1000000.0	6
20170301_151545	86.9	-0.000241578883	1000000.0	6
20170301_151555	86.9	-0.000119828395	1000000.0	6
20170301_151605	86.9	-0.000159645189	1000000.0	6
20170301_151615	86.9	-0.000135639389	1000000.0	6
20170301_151625	87.1	-0.000107051713	1000000.0	6
20170301_151635	86.9	-0.000255279692	1000000.0	6
20170301_151645	86.9	-0.000233617957	1000000.0	6
20170301_151655	86.7	-0.000247431446	1000000.0	6
20170301_151705	86.9	-0.000164732741	1000000.0	6
20170301_151715	86.9	-0.00011295219	1000000.0	6
20170301_151725	86.9	-9.57978626e-05	1000000.0	6
20170301_151735	86.9	-9.98604906e-05	1000000.0	6
20170301_151745	86.9	-9.98519472e-05	1000000.0	6
20170301_151755	87.1	-0.000204812202	1000000.0	6
20170301_151806	86.9	-0.000157972584	1000000.0	6
20170301_151815	86.9	-0.000101648309	1000000.0	6
20170301_151825	87.1	-0.000147636295	1000000.0	6
20170301_151835	86.9	-0.000182773481	1000000.0	6
20170301_151845	87.1	-9.00533999e-05	1000000.0	6
20170301_151855	86.9	-0.000244055746	1000000.0	6
20170301_151905	87.1	-0.000111860398	1000000.0	6
20170301_151915	87.1	-9.63584544e-05	1000000.0	6
20170301_151925	86.9	-0.000114020907	1000000.0	6
20170301_151935	86.9	-0.000228236981	1000000.0	6
20170301_151945	86.9	-0.000102991378	1000000.0	6
20170301_151956	87.1	-0.000102873377	1000000.0	6
20170301_152006	87.1	-0.000197142128	1000000.0	6
20170301_152016	86.9	-0.000246035366	1000000.0	6
20170301_152026	87.1	-0.00024756844	1000000.0	6
20170301_152036	87.1	-0.00010272018	1000000.0	6
20170301_152046	87.5	-0.000191318372	1000000.0	6
20170301_152056	87.5	-0.000101068038	1000000.0	6
20170301_152106	87.3	-0.000233712586	1000000.0	6
20170301_152116	87.3	-0.000185907219	1000000.0	6
20170301_152126	87.3	-0.000194775903	1000000.0	6
20170301_152136	87.3	-0.0002644904	1000000.0	6
20170301_152146	87.5	-0.000156793203	1000000.0	6
20170301_152156	87.3	-0.00012271227	1000000.0	6
20170301_152206	87.3	-9.92709774e-05	1000000.0	6
20170301_152216	87.3	-0.000119959335	1000000.0	6
20170301_152226	87.3	-0.000101562845	1000000.0	6
20170301_152236	87.3	-0.000165756399	1000000.0	6
20170301_152245	87.3	-0.000100203015	1000000.0	6
20170301_152255	87.3	-0.000259989325	1000000.0	6
20170301_152306	86.7	-0.000259172912	1000000.0	6
20170301_152316	86.7	-0.000234381645	1000000.0	6
20170301_152326	86.7	-0.000265199329	1000000.0	6
20170301_152336	86.7	-0.000257461411	1000000.0	6
20170301_152346	86.6	-0.000198665896	1000000.0	6
20170301_152356	86.4	-0.000196619456	1000000.0	6
20170301_152406	86.4	-0.000135837182	1000000.0	6
20170301_152416	86.2	-0.000327595991	1000000.0	6
20170301_152426	86.4	-3.3137329e-05	1000000.0	6
20170301_152436	86.4	-1.94470397e-05	1000000.0	6
20170301_152446	86.6	-5.28497066e-05	1000000.0	6
20170301_152456	86.4	-0.000176234733	1000000.0	6
20170301_152506	86.6	-0.0002930772	1000000.0	6
20170301_152516	86.6	-0.000159385564	1000000.0	6
20170301_152526	86.4	0.00123662637	1000000.0	6
20170301_152536	86.7	-0.000116955354	1000000.0	6
20170301_152546	86.6	-3.97358696e-05	1000000.0	6
20170301_152556	86.7	-0.000256152652	1000000.0	6
20170301_152606	86.2	-0.000269841102	1000000.0	6
20170301_152616	86.2	-0.000100126729	1000000.0	6
20170301_152626	85.8	-0.000248937543	1000000.0	6
20170301_152636	84.9	-0.000248249926	1000000.0	6
20170301_152646	84.1	-0.000134626066	1000000.0	6
20170301_152656	83.9	-9.20213746e-05	1000000.0	6
20170301_152706	83.9	-0.0002318964	1000000.0	6
20170301_152716	83.9	-0.000223585663	1000000.0	6
20170301_152726	83.9	-0.000201845759	1000000.0	6
20170301_152736	83.9	-0.000232548339	1000000.0	6
20170301_152745	83.9	-0.000128855898	1000000.0	6
20170301_152755	84.1	-0.000212113887	1000000.0	6
20170301_152806	84.1	-0.00017644966	1000000.0	6
20170301_152816	84.3	-0.000111172446	1000000.0	6
20170301_152825	84.1	-0.000126673094	1000000.0	6
20170301_152835	84.1	-0.000139757353	1000000.0	6
20170301_152845	85.2	-0.000233148485	1000000.0	6
20170301_152855	85.4	-0.000149910665	1000000.0	6
20170301_152905	85.6	-0.000153750436	1000000.0	6
20170301_152915	85.8	-0.000250825421	1000000.0	6
20170301_152925	85.6	-9.34785563e-05	1000000.0	6
20170301_152935	85.6	-0.000219110837	1000000.0	6
20170301_152945	85.6	-9.78578149e-05	1000000.0	6
20170301_152955	85.4	-0.000115131518	1000000.0	6
20170301_153005	85.6	-0.000238019546	1000000.0	6
20170301_153015	85.6	-0.000258929146	1000000.0	6
20170301_153026	85.6	-0.000123636215	1000000.0	6
20170301_153035	85.8	-0.000198653044	1000000.0	6
20170301_153045	85.8	-0.00011614352	1000000.0	6
20170301_153055	85.8	-0.000208206304	1000000.0	6
20170301_153105	85.8	-0.000260276047	1000000.0	6
20170301_153115	85.8	-0.000148280476	1000000.0	6
20170301_153126	85.8	-0.000108704604	1000000.0	6
20170301_153136	85.4	-0.000101586907	1000000.0	6
20170301_153146	85.6	-0.000257341529	1000000.0	6
20170301_153156	85.6	-0.000139796749	1000000.0	6
20170301_153206	86.0	-0.00022953892	1000000.0	6
20170301_153216	85.8	-0.000259485652	1000000.0	6
20170301_153226	86.0	-0.000269197917	1000000.0	6
20170301_153236	86.0	-0.000176169112	1000000.0	6
20170301_153246	85.8	-0.000130389392	1000000.0	6
20170301_153256	86.0	-0.000255998782	1000000.0	6
20170301_153306	86.4	-0.00024401633	1000000.0	6
20170301_153315	86.2	-9.49872811e-05	1000000.0	6
20170301_153326	86.4	-0.000260700523	1000000.0	6
20170301_153336	86.4	-0.00022275269	1000000.0	6
20170301_153345	86.4	-0.000129728611	1000000.0	6
20170301_153356	86.2	-0.000106658053	1000000.0	6
20170301_153406	86.2	-0.000158050748	1000000.0	6
20170301_153416	86.4	-0.000209415283	1000000.0	6
20170301_153426	86.7	-0.000143982172	1000000.0	6
20170301_153436	86.7	-0.000272860121	1000000.0	6
20170301_153446	86.6	-0.000178109345	1000000.0	6
20170301_153456	86.6	-0.000137310835	1000000.0	6
20170301_153506	86.9	-0.000257032728	1000000.0	6
20170301_153516	86.4	-0.000107029069	1000000.0	6
20170301_153526	86.7	-0.000119413323	1000000.0	6
20170301_153536	86.6	-0.000242414122	1000000.0	6
20170301_153546	86.0	-0.000256684851	1000000.0	6
20170301_153556	85.8	-0.000100739633	1000000.0	6
20170301_153606	86.0	-9.45560903e-05	1000000.0	6
20170301_153616	85.8	-0.000248632871	1000000.0	6
20170301_153626	85.6	-0.000222315782	1000000.0	6
20170301_153636	86.0	-0.000231482432	1000000.0	6
20170301_153646	86.0	-6.62825762e-05	1000000.0	6
20170301_153656	86.0	-0.000177777646	1000000.0	6
20170301_153706	86.0	-0.000178509397	1000000.0	6
20170301_153716	86.0	-0.000280738397	1000000.0	6
20170301_153726	85.8	-0.000183843982	1000000.0	6
20170301_153736	85.8	-0.000254464931	1000000.0	6
20170301_153746	85.6	-0.000264009725	1000000.0	6
20170301_153756	85.8	-0.000122675555	1000000.0	6
20170301_153806	85.8	-9.25947604e-05	1000000.0	6
20170301_153816	86.0	-0.000247996003	1000000.0	6
20170301_153826	85.8	-0.000261376267	1000000.0	6
20170301_153836	86.0	-0.000110965146	1000000.0	6
20170301_153846	85.8	-0.000228188307	1000000.0	6
20170301_153856	86.0	-0.000121279098	1000000.0	6
20170301_153906	86.0	-0.000200092212	1000000.0	6
20170301_153916	86.0	-0.000100052625	1000000.0	6
20170301_153926	86.2	-0.00010706037	1000000.0	6
20170301_153936	86.2	-0.000108844148	1000000.0	6
20170301_153946	86.2	-9.77975067e-05	1000000.0	6
20170301_153956	86.4	-0.000109798092	1000000.0	6
20170301_154006	86.2	-0.000180056885	1000000.0	6
20170301_154016	86.4	-0.000247062269	1000000.0	6
20170301_154026	86.4	-0.000122234025	1000000.0	6
20170301_154036	86.4	-0.000191975833	1000000.0	6
20170301_154046	86.4	-0.000143827052	1000000.0	6
20170301_154056	86.2	-0.000255679035	1000000.0	6
20170301_154106	86.2	-0.000135141741	1000000.0	6
20170301_154116	86.2	-0.000266812897	1000000.0	6
20170301_154126	86.4	-0.000108239086	1000000.0	6
20170301_154136	86.6	-0.000112953132	1000000.0	6
20170301_154146	86.2	-0.000153025272	1000000.0	6
20170301_154156	86.4	-0.000106033589	1000000.0	6
20170301_154206	86.4	-0.000233569474	1000000.0	6
20170301_154216	86.4	-0.000183395788	1000000.0	6
20170301_154226	86.6	-0.000217920878	1000000.0	6
20170301_154236	86.6	-0.000255016661	1000000.0	6
20170301_154246	86.6	-0.000249069816	1000000.0	6
20170301_154256	86.6	-0.000265838069	1000000.0	6
20170301_154306	86.6	-0.00014891351	1000000.0	6
20170301_154316	86.6	-0.000239118967	1000000.0	6
20170301_154326	86.6	0.000691302417	1000000.0	6
20170301_154336	86.7	-0.000100556865	1000000.0	6
20170301_154346	87.1	-0.000152813085	1000000.0	6
20170301_154356	86.6	-0.000104577037	1000000.0	6
20170301_154406	86.4	-0.000122930201	1000000.0	6
20170301_154416	86.6	-0.00020872935	1000000.0	6
20170301_154426	86.6	-0.00012496924	1000000.0	6
20170301_154436	86.6	-0.000113951449	1000000.0	6
20170301_154446	86.7	-0.000262387369	1000000.0	6
20170301_154456	86.9	-0.000116967399	1000000.0	6
20170301_154506	86.7	-0.000261707793	1000000.0	6
20170301_154516	86.7	-0.000101742545	1000000.0	6
20170301_154526	87.3	-0.000126658075	1000000.0	6
20170301_154535	86.9	-0.000188011183	1000000.0	6
20170301_154546	86.9	-0.000184166888	1000000.0	6
20170301_154556	87.5	-0.000218009174	1000000.0	6
20170301_154606	86.9	-0.000218328354	1000000.0	6
20170301_154616	87.3	-0.000112373988	1000000.0	6
20170301_154626	87.3	-0.000239263853	1000000.0	6
20170301_154636	86.9	-0.000237037674	1000000.0	6
20170301_154646	87.3	-0.000105227266	1000000.0	6
20170301_154656	87.3	-0.000149619876	1000000.0	6
20170301_154705	87.3	-0.00027014817	1000000.0	6
20170301_154716	87.3	-0.000105258027	1000000.0	6
20170301_154726	87.1	-0.000237088633	1000000.0	6
20170301_154736	87.3	-0.000278452494	1000000.0	6
20170301_154746	87.3	-0.000114739199	1000000.0	6
20170301_154756	87.1	-0.000218455971	1000000.0	6
20170301_154806	87.5	-0.000235603515	1000000.0	6
20170301_154816	87.1	-0.000228252473	1000000.0	6
20170301_154826	87.5	-0.000267606655	1000000.0	6
20170301_154836	87.7	-0.000194609292	1000000.0	6
20170301_154846	86.9	-0.000124768131	1000000.0	6
20170301_154856	87.3	-0.000260858685	1000000.0	6
20170301_154906	87.5	-0.00011321891	1000000.0	6
20170301_154916	86.9	-0.000240387425	1000000.0	6
20170301_154926	86.9	-0.000165677001	1000000.0	6
20170301_154936	87.1	-0.000263008271	1000000.0	6
20170301_154946	87.3	-0.000220613288	1000000.0	6
20170301_154956	87.3	-0.000120177289	1000000.0	6
20170301_155006	87.3	-0.000224298837	1000000.0	6
20170301_155016	87.1	-0.000138744251	1000000.0	6
20170301_155026	87.3	-0.00025150184	1000000.0	6
20170301_155036	87.3	-0.000127844478	1000000.0	6
20170301_155046	87.3	-0.000181758596	1000000.0	6
20170301_155056	86.9	-0.000109149095	1000000.0	6
20170301_155106	87.3	-0.000253225375	1000000.0	6
20170301_155116	87.1	-0.000118525948	1000000.0	6
20170301_155126	87.1	-0.000121175707	1000000.0	6
20170301_155136	87.1	-0.000118741383	1000000.0	6
20170301_155146	86.9	-0.000180621029	1000000.0	6
20170301_155156	87.1	-0.000109852853	1000000.0	6
20170301_155206	86.9	-0.00014925675	1000000.0	6
20170301_155216	87.3	-0.000161252964	1000000.0	6
20170301_155226	86.9	-0.000162685699	1000000.0	6
20170301_155236	87.1	-0.000239631475	1000000.0	6
20170301_155246	87.1	-0.000153628837	1000000.0	6
20170301_155256	87.1	-0.000242886161	1000000.0	6
20170301_155306	86.9	-0.000233446327	1000000.0	6
20170301_155316	87.3	-0.000197095787	1000000.0	6
20170301_155326	87.3	-0.00012430236	1000000.0	6
20170301_155336	87.1	-0.000254643447	1000000.0	6
20170301_155346	86.7	-0.000120190619	1000000.0	6
20170301_155356	86.9	-0.000249529456	1000000.0	6
20170301_155406	87.3	-0.000220211698	1000000.0	6
20170301_155416	86.6	-0.000228734374	1000000.0	6
20170301_155426	86.9	-0.000166766068	1000000.0	6
20170301_155436	87.5	-0.000104472554	1000000.0	6
20170301_155446	87.3	-0.000126428135	1000000.0	6
20170301_155456	86.9	-9.41553621e-05	1000000.0	6
20170301_155506	86.4	-0.000232961733	1000000.0	6
20170301_155516	86.6	-0.000160757484	1000000.0	6
20170301_155526	87.5	-0.000114711373	1000000.0	6
20170301_155536	87.5	-0.000121188358	1000000.0	6
20170301_155546	86.6	-0.000155680463	1000000.0	6
20170301_155556	86.6	-0.000106053112	1000000.0	6
20170301_155606	87.1	-0.000111088833	1000000.0	6
20170301_155616	87.7	-0.000152053197	1000000.0	6
20170301_155626	86.4	-9.54857134e-05	1000000.0	6
20170301_155636	86.9	-0.00024288794	1000000.0	6
20170301_155646	87.1	-0.000139278878	1000000.0	6
20170301_155656	87.5	-0.000170750423	1000000.0	6
20170301_155706	86.7	-0.000254286455	1000000.0	6
20170301_155716	86.9	-0.000116304554	1000000.0	6
20170301_155726	87.5	-0.000218159897	1000000.0	6
20170301_155736	88.1	-0.000195753624	1000000.0	6
20170301_155746	86.7	-0.000128134919	1000000.0	6
20170301_155756	86.7	-0.000254514439	1000000.0	6
20170301_155805	86.9	-0.000220730425	1000000.0	6
20170301_155816	86.7	-0.000160257913	1000000.0	6
20170301_155826	87.1	-0.000161064446	1000000.0	6
20170301_155836	87.1	-0.000152765836	1000000.0	6
20170301_155846	86.9	-0.000134187889	1000000.0	6
20170301_155856	86.9	-0.000252251923	1000000.0	6
20170301_155906	86.7	-0.000122099345	1000000.0	6
20170301_155916	87.3	-0.000211049131	1000000.0	6
20170301_155926	87.3	-0.000267053666	1000000.0	6
20170301_155936	87.3	-0.000134802553	1000000.0	6
20170301_155946	86.9	-0.000279435981	1000000.0	6
20170301_155956	86.9	-0.000111361458	1000000.0	6
20170301_160006	86.9	-0.000263589543	1000000.0	6
20170301_160016	87.7	-0.000274754615	1000000.0	6
20170301_160026	87.1	-0.000259461613	1000000.0	6
20170301_160036	87.3	-0.000171934924	1000000.0	6
20170301_160046	87.5	-9.59300682e-05	1000000.0	6
20170301_160056	87.1	-0.000152977245	1000000.0	6
20170301_160106	86.6	-0.000273540429	1000000.0	6
20170301_160116	86.2	-0.000116535824	1000000.0	6
20170301_160126	86.7	-0.00026365798	1000000.0	6
20170301_160136	86.4	-0.000207362225	1000000.0	6
20170301_160146	86.4	-0.000244784877	1000000.0	6
20170301_160156	86.4	-0.000252955243	1000000.0	6
20170301_160206	86.4	-0.000129449001	1000000.0	6
20170301_160216	86.2	-0.000222414452	1000000.0	6
20170301_160226	86.4	-0.000270754757	1000000.0	6
20170301_160236	86.4	-0.00010382869	1000000.0	6
20170301_160246	86.4	-0.000229188137	1000000.0	6
20170301_160256	86.2	-0.000223107213	1000000.0	6
20170301_160306	86.2	-0.000114694523	1000000.0	6
20170301_160316	86.6	-0.000107269604	1000000.0	6
20170301_160326	86.6	-0.000255947107	1000000.0	6
20170301_160336	86.6	-0.000177403864	1000000.0	6
20170301_160346	86.4	-0.000218392725	1000000.0	6
20170301_160356	86.4	-9.95657416e-05	1000000.0	6
20170301_160406	86.6	-0.000238722124	1000000.0	6
20170301_160416	86.7	-0.000185697966	1000000.0	6
20170301_160426	86.7	-0.000173464832	1000000.0	6
20170301_160436	86.9	-0.000152028878	1000000.0	6
20170301_160446	86.4	-0.00013537964	1000000.0	6
20170301_160456	86.4	-0.000126387449	1000000.0	6
20170301_160506	86.7	-0.000264116653	1000000.0	6
20170301_160516	86.9	-0.00026644684	1000000.0	6
20170301_160526	87.1	-0.00011525806	1000000.0	6
20170301_160536	86.9	-0.000129120158	1000000.0	6
20170301_160546	86.9	-0.000117306642	1000000.0	6
20170301_160556	86.7	-0.000108484648	1000000.0	6
20170301_160606	86.9	-0.000172493589	1000000.0	6
20170301_160616	86.7	-0.000126985559	1000000.0	6
20170301_160626	86.7	-0.00020676833	1000000.0	6
20170301_160636	86.6	-0.000158430328	1000000.0	6
20170301_160646	86.7	-0.000235168651	1000000.0	6
20170301_160656	86.6	-0.000270172444	1000000.0	6
20170301_160706	86.7	-0.000255282365	1000000.0	6
20170301_160716	86.7	-0.000116411816	1000000.0	6
20170301_160726	86.9	-0.00022354198	1000000.0	6
20170301_160736	87.3	-0.000133569792	1000000.0	6
20170301_160746	87.1	-0.000121056907	1000000.0	6
20170301_160756	86.9	-0.000268347889	1000000.0	6
20170301_160806	86.9	-0.000228970435	1000000.0	6
20170301_160816	87.3	-0.000130414115	1000000.0	6
20170301_160826	87.3	-0.000124290717	1000000.0	6
20170301_160836	86.7	-0.000197478766	1000000.0	6
20170301_160846	86.7	-0.000148540842	1000000.0	6
20170301_160856	86.6	-0.000262009403	1000000.0	6
20170301_160906	86.4	-0.000143383583	1000000.0	6
20170301_160916	86.6	-0.000249531862	1000000.0	6
20170301_160926	86.4	-0.00011738891	1000000.0	6
20170301_160936	86.2	-0.000261093812	1000000.0	6
20170301_160946	86.4	-0.000121352668	1000000.0	6
20170301_160956	86.4	-0.000246818794	1000000.0	6
20170301_161006	86.4	-0.000232899209	1000000.0	6
20170301_161016	86.6	-0.000110854541	1000000.0	6
20170301_161026	86.6	-0.000111856043	1000000.0	6
20170301_161036	86.6	-0.000261047418	1000000.0	6
20170301_161046	86.6	-0.00012227949	1000000.0	6
20170301_161056	86.9	-0.000254540113	1000000.0	6
20170301_161106	86.7	-0.000115288426	1000000.0	6
20170301_161116	86.9	-0.000243368643	1000000.0	6
20170301_161126	86.6	-0.000110682354	1000000.0	6
20170301_161136	86.6	-0.000116324326	1000000.0	6
20170301_161146	86.6	-0.000153146857	1000000.0	6
20170301_161156	86.4	-0.000143466905	1000000.0	6
20170301_161206	86.4	-0.000159142316	1000000.0	6
20170301_161216	86.0	-0.000226945509	1000000.0	6
20170301_161226	86.4	-0.000132277341	1000000.0	6
20170301_161236	86.4	-0.000125780776	1000000.0	6
20170301_161246	86.2	-0.000266392247	1000000.0	6
20170301_161255	86.7	-0.000124954007	1000000.0	6
20170301_161306	86.6	-0.000107994826	1000000.0	6
20170301_161316	86.4	-0.000113376583	1000000.0	6
20170301_161326	86.6	-0.000223719432	1000000.0	6
20170301_161336	86.6	-0.000180800386	1000000.0	6
20170301_161346	86.6	-0.000147467813	1000000.0	6
20170301_161356	86.2	-0.000252284	1000000.0	6
20170301_161406	86.9	-0.000257105818	1000000.0	6
20170301_161416	86.4	-0.000240260912	1000000.0	6
20170301_161426	86.6	-0.000267749552	1000000.0	6
20170301_161436	86.4	-0.000114901134	1000000.0	6
20170301_161446	86.4	-0.000250057338	1000000.0	6
20170301_161456	86.7	-0.000110942073	1000000.0	6
20170301_161506	86.4	-0.000103517443	1000000.0	6
20170301_161516	86.4	-0.000224033627	1000000.0	6
20170301_161526	87.5	-0.000184385403	1000000.0	6
20170301_161536	86.7	-0.000190204214	1000000.0	6
20170301_161546	87.1	-0.000144530525	1000000.0	6
20170301_161556	87.5	-0.000279169531	1000000.0	6
20170301_161606	87.9	-0.000201515943	1000000.0	6
20170301_161616	86.7	-0.000276688572	1000000.0	6
20170301_161626	86.9	-0.000201960356	1000000.0	6
20170301_161636	86.9	-0.000173718371	1000000.0	6
20170301_161646	86.9	-0.000105682235	1000000.0	6
20170301_161656	87.1	-0.000117876513	1000000.0	6
20170301_161705	87.3	-0.000283547106	1000000.0	6
20170301_161716	86.7	-0.000108815956	1000000.0	6
20170301_161726	87.1	-0.000179321473	1000000.0	6
20170301_161736	87.1	-0.000272736438	1000000.0	6
20170301_161746	87.3	-0.000118672393	1000000.0	6
20170301_161756	86.7	-0.000140890285	1000000.0	6
20170301_161806	87.3	-0.000107691569	1000000.0	6
20170301_161816	87.5	-0.000261376486	1000000.0	6
20170301_161826	87.7	-0.000221184342	1000000.0	6
20170301_161836	87.1	-0.000245007631	1000000.0	6
20170301_161845	87.7	-0.000211070834	1000000.0	6
20170301_161856	87.3	-0.000133625446	1000000.0	6
20170301_161906	87.5	-0.000157028187	1000000.0	6
20170301_161916	87.5	-0.00023127837	1000000.0	6
20170301_161926	87.7	-0.000264155457	1000000.0	6
20170301_161936	87.5	-0.000269391869	1000000.0	6
20170301_161946	87.7	-0.000193758676	1000000.0	6
