20170124_144443	46.7	0.000108484397	1000000.0	6
20170124_144453	47.3	-0.000137760888	1000000.0	6
20170124_144503	47.7	-0.000105903568	1000000.0	6
20170124_144513	48.3	-1.28416966e-05	1000000.0	6
20170124_144523	48.6	7.07809352e-05	1000000.0	6
20170124_144533	48.8	-0.000141539056	1000000.0	6
20170124_144543	49.6	3.6019427e-05	1000000.0	6
20170124_144553	50.0	-0.000155557261	1000000.0	6
20170124_144603	50.3	-5.96310473e-05	1000000.0	6
20170124_144613	50.9	-7.6186731e-06	1000000.0	6
20170124_144623	51.5	-5.41365738e-05	1000000.0	6
20170124_144633	52.0	-3.02245908e-06	1000000.0	6
20170124_144643	52.4	2.73298264e-05	1000000.0	6
20170124_144653	52.8	-0.000213884515	1000000.0	6
20170124_144703	53.2	-5.3129085e-05	1000000.0	6
20170124_144713	53.7	-0.000154536598	1000000.0	6
20170124_144723	54.1	-5.51282818e-05	1000000.0	6
20170124_144733	54.5	-0.000306483874	1000000.0	6
20170124_144743	55.0	-0.000306397093	1000000.0	6
20170124_144753	55.4	-0.000313562408	1000000.0	6
20170124_144803	55.8	-0.000299593683	1000000.0	6
20170124_144813	56.2	-0.000220726734	1000000.0	6
20170124_144823	56.4	-0.000516718253	1000000.0	6
20170124_144833	57.1	-0.000479275308	1000000.0	6
20170124_144843	57.3	-0.000568330197	1000000.0	6
20170124_144853	57.9	-0.00105740675	1000000.0	6
20170124_144903	58.1	-0.0010341664	1000000.0	6
20170124_144913	58.4	-0.000370597626	1000000.0	6
20170124_144923	59.0	-0.000392320823	1000000.0	6
20170124_144933	59.4	-0.000431299775	1000000.0	6
20170124_144943	60.0	-0.000304066859	1000000.0	6
20170124_144953	60.3	-0.00030771662	1000000.0	6
20170124_145003	60.5	-0.000477544824	1000000.0	6
20170124_145013	61.1	-0.00046587139	1000000.0	6
20170124_145023	61.5	-0.000555873617	1000000.0	6
20170124_145033	61.6	-0.000332934621	1000000.0	6
20170124_145043	62.2	-0.000349653181	1000000.0	6
20170124_145053	62.4	-0.00114312292	1000000.0	6
20170124_145103	62.6	-0.00111472804	1000000.0	6
20170124_145113	63.0	-0.000353201083	1000000.0	6
20170124_145123	63.5	-0.000428585165	1000000.0	6
20170124_145133	63.9	-0.000578156818	1000000.0	6
20170124_145143	64.1	-0.000735959328	1000000.0	6
20170124_145153	64.5	-0.000928296281	1000000.0	6
20170124_145203	64.5	-0.00092502223	1000000.0	6
20170124_145213	65.2	-0.000724698807	1000000.0	6
20170124_145223	65.4	-0.000498627624	1000000.0	6
20170124_145233	65.6	-0.00125959628	1000000.0	6
20170124_145243	66.0	-0.000721102268	1000000.0	6
20170124_145253	66.6	-0.000700391282	1000000.0	6
20170124_145303	66.6	-0.000650744267	1000000.0	6
20170124_145313	66.9	-0.000184521357	1000000.0	6
20170124_145323	67.3	-0.000421125606	1000000.0	6
20170124_145333	67.5	-0.000590750199	1000000.0	6
20170124_145343	67.9	-0.000516912129	1000000.0	6
20170124_145353	68.1	-0.000224423219	1000000.0	6
20170124_145403	68.4	-0.000475463133	1000000.0	6
20170124_145413	68.6	-0.000267508469	1000000.0	6
20170124_145423	68.8	-0.000247388196	1000000.0	6
20170124_145433	69.4	-0.000994356448	1000000.0	6
20170124_145443	69.0	-0.000992236494	1000000.0	6
20170124_145453	69.2	-0.000909747106	1000000.0	6
20170124_145503	69.6	-0.00095403639	1000000.0	6
20170124_145513	70.0	-0.00108759462	1000000.0	6
20170124_145523	70.1	-0.000995910363	1000000.0	6
20170124_145533	70.5	-0.00121501892	1000000.0	6
20170124_145543	71.1	-0.000473182993	1000000.0	6
20170124_145553	71.1	-0.00058682018	1000000.0	6
20170124_145603	71.6	-0.000659912428	1000000.0	6
20170124_145613	71.6	-0.000508056439	1000000.0	6
20170124_145623	71.6	-0.000531802152	1000000.0	6
20170124_145633	72.2	-0.000606335176	1000000.0	6
20170124_145643	71.5	-0.000402874856	1000000.0	6
20170124_145653	72.2	-0.000426770568	1000000.0	6
20170124_145703	72.2	-0.000474515599	1000000.0	6
20170124_145713	72.8	-0.00055440454	1000000.0	6
20170124_145723	72.8	-0.000377869039	1000000.0	6
20170124_145733	73.0	-0.000675525504	1000000.0	6
20170124_145743	73.2	-0.000685412888	1000000.0	6
20170124_145753	73.3	-0.000643142693	1000000.0	6
20170124_145803	73.7	-0.000661883501	1000000.0	6
20170124_145813	74.1	-0.00046845146	1000000.0	6
20170124_145823	74.3	-0.000337267204	1000000.0	6
20170124_145833	75.0	-0.00055046635	1000000.0	6
20170124_145843	74.5	-0.000500501659	1000000.0	6
20170124_145853	74.5	-0.000678865348	1000000.0	6
20170124_145903	74.9	-0.000622985294	1000000.0	6
20170124_145913	75.0	-0.000318387773	1000000.0	6
20170124_145923	75.2	-0.000698845285	1000000.0	6
20170124_145933	75.6	-0.00121514222	1000000.0	6
20170124_145943	75.6	-0.000951889567	1000000.0	6
20170124_145953	75.8	-0.00103155892	1000000.0	6
20170124_150003	76.0	-0.000964705293	1000000.0	6
20170124_150013	76.2	-0.00100881811	1000000.0	6
20170124_150023	76.6	-0.000948673549	1000000.0	6
20170124_150033	76.7	-0.000958566646	1000000.0	6
20170124_150043	76.9	-0.000990111624	1000000.0	6
20170124_150053	77.1	-0.000905178057	1000000.0	6
20170124_150103	77.5	-0.00100949468	1000000.0	6
20170124_150113	77.5	-0.000740177102	1000000.0	6
20170124_150123	77.5	-0.000446514848	1000000.0	6
20170124_150133	77.3	-0.000646089507	1000000.0	6
20170124_150143	77.7	-0.00043138582	1000000.0	6
20170124_150153	78.1	-0.000974067237	1000000.0	6
20170124_150203	78.3	-0.000923249222	1000000.0	6
20170124_150213	78.1	-0.000328901277	1000000.0	6
20170124_150223	78.1	-0.000772640434	1000000.0	6
20170124_150233	78.4	-0.000631095116	1000000.0	6
20170124_150243	78.6	-0.000887669152	1000000.0	6
20170124_150253	79.0	-0.000559581611	1000000.0	6
20170124_150303	79.2	-0.000393461704	1000000.0	6
20170124_150313	79.2	-0.000405056221	1000000.0	6
20170124_150323	78.6	-0.000373017122	1000000.0	6
20170124_150333	79.2	-0.000293993067	1000000.0	6
20170124_150343	79.4	-0.000196395675	1000000.0	6
20170124_150353	79.2	-0.00031057998	1000000.0	6
20170124_150403	79.4	-0.000366384509	1000000.0	6
20170124_150413	79.4	-0.000531857657	1000000.0	6
20170124_150423	79.8	-0.000513211249	1000000.0	6
20170124_150433	80.1	-0.000674043817	1000000.0	6
20170124_150443	80.1	-0.000514021172	1000000.0	6
20170124_150453	80.1	-0.000550727039	1000000.0	6
20170124_150503	80.7	-0.000454962968	1000000.0	6
20170124_150513	80.5	-0.000585484622	1000000.0	6
20170124_150523	80.7	-0.00045454578	1000000.0	6
20170124_150533	80.5	-0.000584288686	1000000.0	6
20170124_150543	80.9	-0.000397221004	1000000.0	6
20170124_150553	81.1	-0.000469655628	1000000.0	6
20170124_150603	81.1	-0.000695007148	1000000.0	6
20170124_150613	81.1	-0.000686533432	1000000.0	6
20170124_150623	81.5	-0.000723371732	1000000.0	6
20170124_150633	81.5	-0.000496570951	1000000.0	6
20170124_150643	80.3	-0.00102271506	1000000.0	6
20170124_150653	80.3	-0.00109808267	1000000.0	6
20170124_150703	80.7	-0.000808728093	1000000.0	6
20170124_150713	80.5	-0.000818935587	1000000.0	6
20170124_150723	80.7	-0.00076043277	1000000.0	6
20170124_150733	80.9	-0.000957442037	1000000.0	6
20170124_150743	80.5	-0.000761668536	1000000.0	6
20170124_150753	81.1	-0.00100854481	1000000.0	6
20170124_150803	80.9	-0.00124047006	1000000.0	6
20170124_150813	81.3	-0.000902968568	1000000.0	6
20170124_150823	81.3	-0.000239837977	1000000.0	6
20170124_150833	81.5	-0.000536254051	1000000.0	6
20170124_150843	81.5	-0.000626237188	1000000.0	6
20170124_150853	81.5	-0.000532459877	1000000.0	6
20170124_150903	81.8	-0.000425893983	1000000.0	6
20170124_150913	81.5	-0.000648997169	1000000.0	6
20170124_150923	81.6	-0.000672392815	1000000.0	6
20170124_150933	81.8	-0.000681057903	1000000.0	6
20170124_150943	81.6	-0.000657458157	1000000.0	6
20170124_150953	81.8	-0.000643891739	1000000.0	6
20170124_151003	82.0	-0.000707567707	1000000.0	6
20170124_151013	82.2	-0.000729326009	1000000.0	6
20170124_151023	82.4	-0.000685881803	1000000.0	6
20170124_151033	82.2	-0.000712714941	1000000.0	6
20170124_151043	82.6	-0.00170831919	1000000.0	6
20170124_151053	82.4	-0.00104673309	1000000.0	6
20170124_151103	82.4	-0.000777867446	1000000.0	6
20170124_151113	82.2	-0.00108019559	1000000.0	6
20170124_151123	82.6	-0.00143004401	1000000.0	6
20170124_151133	82.4	-0.000830064662	1000000.0	6
20170124_151143	82.2	-0.00112093242	1000000.0	6
20170124_151153	82.4	-0.000992939797	1000000.0	6
20170124_151203	82.4	-0.000937870734	1000000.0	6
