20170206_155808	23.8	0.00356971264	1000000.0	7
20170206_155818	23.8	0.0035487484	1000000.0	7
20170206_155828	23.8	0.00354015845	1000000.0	7
20170206_155838	24.0	0.00354183682	1000000.0	7
20170206_155848	23.8	0.00352900687	1000000.0	7
20170206_155858	23.8	0.00351590306	1000000.0	7
20170206_155909	23.8	0.00349881752	1000000.0	7
20170206_155919	23.8	0.00349977458	1000000.0	7
20170206_155929	23.8	0.00349809905	1000000.0	7
20170206_155939	24.0	0.00347233714	1000000.0	7
20170206_155949	23.8	0.00348678121	1000000.0	7
20170206_155959	23.8	0.00347139701	1000000.0	7
20170206_160009	23.8	-0.0775465687	1000000.0	7
20170206_160019	23.8	-0.0645677581	1000000.0	7
20170206_160029	23.8	-0.0601318748	1000000.0	7
20170206_160039	23.8	-0.0576586397	1000000.0	7
20170206_160049	23.8	-0.0560517488	1000000.0	7
20170206_160059	23.8	-0.0547839307	1000000.0	7
20170206_160109	23.8	-0.0537186522	1000000.0	7
20170206_160119	24.0	-0.0528609592	1000000.0	7
20170206_160129	23.8	-0.0519754236	1000000.0	7
20170206_160139	24.0	-0.0514336735	1000000.0	7
20170206_160149	23.8	-0.0508625674	1000000.0	7
20170206_160159	24.0	-0.0502266489	1000000.0	7
20170206_160209	23.8	-0.0497137155	1000000.0	7
20170206_160219	23.8	-0.0492056298	1000000.0	7
20170206_160229	23.8	-0.0483572539	1000000.0	7
20170206_160239	23.8	-0.0482396504	1000000.0	7
20170206_160249	23.8	-0.0478057387	1000000.0	7
20170206_160259	23.8	-0.0473551014	1000000.0	7
20170206_160309	23.8	-0.0469190883	1000000.0	7
20170206_160319	23.8	-0.0465560983	1000000.0	7
20170206_160329	23.8	-0.0462277611	1000000.0	7
20170206_160339	23.8	-0.0458631818	1000000.0	7
20170206_160349	23.8	-0.0455501862	1000000.0	7
20170206_160359	23.8	-0.0452229724	1000000.0	7
20170206_160409	23.8	-0.0449223145	1000000.0	7
20170206_160419	23.8	-0.0434214546	1000000.0	7
20170206_160429	23.8	-0.0429607129	1000000.0	7
20170206_160439	24.0	-0.0437130582	1000000.0	7
20170206_160449	23.8	-0.0376180666	1000000.0	7
20170206_160459	23.8	-0.0432931369	1000000.0	7
20170206_160509	23.8	-0.0435844649	1000000.0	7
20170206_160519	23.8	-0.0435051076	1000000.0	7
20170206_160529	23.6	-0.0434266408	1000000.0	7
20170206_160539	24.0	-0.0436269947	1000000.0	7
20170206_160549	24.0	-0.0441502015	1000000.0	7
20170206_160559	24.4	-0.0448867185	1000000.0	7
20170206_160609	25.3	-0.0459170951	1000000.0	7
20170206_160619	25.7	-0.0470601366	1000000.0	7
20170206_160629	26.3	-0.0479381246	1000000.0	7
20170206_160639	27.1	-0.0488224942	1000000.0	7
20170206_160649	27.5	-0.0500062124	1000000.0	7
20170206_160659	28.2	-0.0509074331	1000000.0	7
20170206_160709	28.8	-0.0518267712	1000000.0	7
20170206_160719	29.4	-0.0527608671	1000000.0	7
20170206_160729	30.0	-0.0535734966	1000000.0	7
20170206_160739	30.7	-0.0530765651	1000000.0	7
20170206_160749	31.1	-0.0554174803	1000000.0	7
20170206_160759	31.7	-0.0562062416	1000000.0	7
20170206_160809	32.6	-0.0572386522	1000000.0	7
20170206_160819	33.0	-0.057954831	1000000.0	7
20170206_160829	33.6	-0.0587147079	1000000.0	7
20170206_160839	34.4	-0.0597140103	1000000.0	7
20170206_160849	35.0	-0.0605615991	1000000.0	7
20170206_160859	35.5	-0.0614469431	1000000.0	7
20170206_160909	35.9	-0.0622564085	1000000.0	7
20170206_160919	36.9	-0.0615568628	1000000.0	7
20170206_160929	37.3	-0.063890363	1000000.0	7
20170206_160939	38.0	-0.0650283658	1000000.0	7
20170206_160949	38.6	-0.0658604613	1000000.0	7
20170206_160959	39.6	-0.0665845078	1000000.0	7
20170206_161009	40.5	-0.0675049842	1000000.0	7
20170206_161019	40.9	-0.0684795096	1000000.0	7
20170206_161029	41.6	-0.068908087	1000000.0	7
20170206_161039	42.4	-0.0700157334	1000000.0	7
20170206_161049	42.6	-0.0701619576	1000000.0	7
20170206_161059	43.0	-0.0711323603	1000000.0	7
20170206_161109	43.5	-0.0726023943	1000000.0	7
20170206_161119	43.9	-0.0735685599	1000000.0	7
20170206_161129	45.2	-0.0743233861	1000000.0	7
20170206_161139	45.4	-0.0750064661	1000000.0	7
20170206_161149	45.6	-0.075773082	1000000.0	7
20170206_161159	45.8	-0.0767219827	1000000.0	7
20170206_161209	46.6	-0.0775294463	1000000.0	7
20170206_161219	46.7	-0.078235902	1000000.0	7
20170206_161229	47.3	-0.0791278617	1000000.0	7
20170206_161239	48.1	-0.0798175403	1000000.0	7
20170206_161249	48.4	-0.0805712615	1000000.0	7
20170206_161259	49.2	-0.0807716062	1000000.0	7
20170206_161309	49.8	-0.081587223	1000000.0	7
20170206_161319	50.1	-0.0825495934	1000000.0	7
20170206_161329	50.7	-0.0833416867	1000000.0	7
20170206_161339	51.3	-0.0838891946	1000000.0	7
20170206_161348	51.6	-0.0851515564	1000000.0	7
20170206_161358	52.2	-0.0860665311	1000000.0	7
20170206_161408	52.8	-0.0869595814	1000000.0	7
20170206_161418	53.3	-0.0869179662	1000000.0	7
20170206_161429	53.7	-0.0876025022	1000000.0	7
20170206_161438	54.3	-0.088490974	1000000.0	7
20170206_161448	54.7	-0.0897330287	1000000.0	7
20170206_161458	55.0	-0.0903212862	1000000.0	7
20170206_161508	55.6	-0.0909721826	1000000.0	7
20170206_161518	56.0	-0.092158894	1000000.0	7
20170206_161528	56.6	-0.0928284663	1000000.0	7
20170206_161538	56.9	-0.0930231214	1000000.0	7
20170206_161548	57.3	-0.0942073139	1000000.0	7
20170206_161558	57.7	-0.0949286761	1000000.0	7
20170206_161608	58.1	-0.0951858962	1000000.0	7
20170206_161618	58.4	-0.0964856735	1000000.0	7
20170206_161628	58.8	-0.0968693833	1000000.0	7
20170206_161638	59.2	-0.0975604166	1000000.0	7
20170206_161648	59.8	-0.098392458	1000000.0	7
20170206_161658	60.0	-0.0990620323	1000000.0	7
20170206_161708	60.5	-0.0997957275	1000000.0	7
20170206_161718	60.9	-0.10050826	1000000.0	7
20170206_161728	61.3	-0.100919686	1000000.0	7
20170206_161738	61.6	-0.101690722	1000000.0	7
20170206_161748	61.8	-0.102430936	1000000.0	7
20170206_161758	62.4	-0.103008175	1000000.0	7
20170206_161808	62.6	-0.103719113	1000000.0	7
20170206_161818	63.0	-0.104533348	1000000.0	7
20170206_161828	63.3	-0.105183796	1000000.0	7
20170206_161838	63.5	-0.105674475	1000000.0	7
20170206_161848	64.1	-0.10635933	1000000.0	7
20170206_161858	64.5	-0.106897793	1000000.0	7
20170206_161908	64.7	-0.107381315	1000000.0	7
20170206_161918	65.0	-0.108051779	1000000.0	7
20170206_161928	65.2	-0.108708927	1000000.0	7
20170206_161938	65.6	-0.1092245	1000000.0	7
20170206_161948	66.2	-0.109504807	1000000.0	7
20170206_161958	65.6	-0.110178536	1000000.0	7
20170206_162008	66.0	-0.110758702	1000000.0	7
20170206_162018	66.4	-0.111218834	1000000.0	7
20170206_162028	66.6	-0.11171505	1000000.0	7
20170206_162038	66.7	-0.112149764	1000000.0	7
20170206_162048	67.1	-0.112830385	1000000.0	7
20170206_162058	67.3	-0.113324127	1000000.0	7
20170206_162108	67.7	-0.11381717	1000000.0	7
20170206_162118	67.9	-0.114398058	1000000.0	7
20170206_162128	68.1	-0.114892019	1000000.0	7
20170206_162138	68.4	-0.115414652	1000000.0	7
20170206_162148	69.0	-0.116010094	1000000.0	7
20170206_162158	69.0	-0.116460864	1000000.0	7
20170206_162208	69.4	-0.117053613	1000000.0	7
20170206_162218	69.6	-0.117414114	1000000.0	7
20170206_162228	69.8	-0.11785463	1000000.0	7
20170206_162238	70.1	-0.118420167	1000000.0	7
20170206_162248	70.3	-0.118801559	1000000.0	7
20170206_162258	70.7	-0.119361772	1000000.0	7
20170206_162308	71.1	-0.119829339	1000000.0	7
20170206_162318	71.3	-0.11963783	1000000.0	7
20170206_162328	72.0	-0.120585924	1000000.0	7
20170206_162338	71.6	-0.120381814	1000000.0	7
20170206_162348	72.8	-0.121174103	1000000.0	7
20170206_162358	71.8	-0.121461327	1000000.0	7
20170206_162408	72.4	-0.122259264	1000000.0	7
20170206_162418	72.6	-0.122399218	1000000.0	7
20170206_162428	72.4	-0.122527885	1000000.0	7
20170206_162438	72.6	-0.123211935	1000000.0	7
20170206_162448	72.8	-0.123276222	1000000.0	7
20170206_162458	73.3	-0.123995886	1000000.0	7
20170206_162508	73.3	-0.124341782	1000000.0	7
20170206_162518	73.7	-0.124796264	1000000.0	7
20170206_162528	73.9	-0.1250274	1000000.0	7
20170206_162538	74.7	-0.125403968	1000000.0	7
20170206_162548	74.5	-0.125649808	1000000.0	7
20170206_162558	74.9	-0.125732531	1000000.0	7
20170206_162608	74.9	-0.126048951	1000000.0	7
20170206_162618	75.6	-0.126266613	1000000.0	7
20170206_162628	75.6	-0.126984704	1000000.0	7
20170206_162638	75.4	-0.127135932	1000000.0	7
20170206_162648	76.2	-0.127658864	1000000.0	7
20170206_162658	75.8	-0.128071678	1000000.0	7
20170206_162708	76.0	-0.1283391	1000000.0	7
20170206_162718	76.6	-0.128378236	1000000.0	7
20170206_162728	76.6	-0.128883719	1000000.0	7
20170206_162738	76.4	-0.129388194	1000000.0	7
20170206_162748	76.7	-0.129428066	1000000.0	7
20170206_162758	77.1	-0.12970694	1000000.0	7
20170206_162808	77.1	-0.129872532	1000000.0	7
20170206_162818	77.3	-0.13026255	1000000.0	7
20170206_162828	77.7	-0.130673866	1000000.0	7
20170206_162838	77.9	-0.1311486	1000000.0	7
20170206_162848	77.5	-0.13142718	1000000.0	7
20170206_162858	77.5	-0.131488682	1000000.0	7
20170206_162908	78.1	-0.131908421	1000000.0	7
20170206_162918	78.1	-0.131966633	1000000.0	7
20170206_162928	78.1	-0.1320826	1000000.0	7
20170206_162938	78.3	-0.132662197	1000000.0	7
20170206_162948	78.4	-0.132408367	1000000.0	7
20170206_162958	78.6	-0.132829898	1000000.0	7
20170206_163008	78.6	-0.133197084	1000000.0	7
20170206_163018	78.8	-0.133252157	1000000.0	7
20170206_163028	79.0	-0.133702137	1000000.0	7
20170206_163038	79.0	-0.133808312	1000000.0	7
20170206_163048	79.2	-0.13450206	1000000.0	7
20170206_163058	79.4	-0.133792476	1000000.0	7
20170206_163108	79.4	-0.134497127	1000000.0	7
20170206_163118	79.6	-0.134577564	1000000.0	7
20170206_163128	80.0	-0.134859572	1000000.0	7
20170206_163138	80.0	-0.135335267	1000000.0	7
20170206_163148	80.1	-0.136122986	1000000.0	7
20170206_163158	80.3	-0.13584404	1000000.0	7
20170206_163208	80.3	-0.135890711	1000000.0	7
20170206_163218	80.3	-0.136124465	1000000.0	7
20170206_163228	80.5	-0.135851336	1000000.0	7
20170206_163238	80.0	-0.137215436	1000000.0	7
20170206_163248	80.1	-0.137227681	1000000.0	7
20170206_163258	80.1	-0.137437094	1000000.0	7
20170206_163308	80.3	-0.13765213	1000000.0	7
20170206_163318	80.3	-0.138069635	1000000.0	7
20170206_163328	80.7	-0.137890957	1000000.0	7
20170206_163338	80.7	-0.138159345	1000000.0	7
20170206_163348	80.9	-0.138292192	1000000.0	7
20170206_163358	80.9	-0.132051643	1000000.0	7
20170206_163408	81.3	-0.1388628	1000000.0	7
20170206_163418	81.3	-0.139136606	1000000.0	7
20170206_163428	81.5	-0.139421856	1000000.0	7
20170206_163438	80.9	-0.139988715	1000000.0	7
20170206_163448	82.0	-0.14000335	1000000.0	7
20170206_163458	81.3	-0.140367718	1000000.0	7
20170206_163508	81.6	-0.140733272	1000000.0	7
20170206_163518	81.6	-0.14080951	1000000.0	7
20170206_163528	82.0	-0.140827406	1000000.0	7
20170206_163538	82.2	-0.141114348	1000000.0	7
20170206_163548	82.2	-0.140657888	1000000.0	7
20170206_163558	82.0	-0.141193011	1000000.0	7
20170206_163608	82.4	-0.141589287	1000000.0	7
20170206_163618	82.4	-0.141977348	1000000.0	7
20170206_163628	82.4	-0.141719992	1000000.0	7
20170206_163638	82.6	-0.141528563	1000000.0	7
20170206_163648	82.6	-0.142146579	1000000.0	7
20170206_163658	82.4	-0.142107846	1000000.0	7
20170206_163708	82.6	-0.142352598	1000000.0	7
20170206_163718	82.4	-0.142490238	1000000.0	7
20170206_163728	82.6	-0.142675013	1000000.0	7
20170206_163738	82.8	-0.142639499	1000000.0	7
20170206_163748	82.8	-0.142817965	1000000.0	7
20170206_163758	83.0	-0.143204437	1000000.0	7
20170206_163808	83.2	-0.143464364	1000000.0	7
20170206_163818	83.2	-0.14389995	1000000.0	7
20170206_163828	83.3	-0.14314258	1000000.0	7
20170206_163838	83.5	-0.143578613	1000000.0	7
20170206_163848	83.3	-0.144212284	1000000.0	7
20170206_163858	83.3	-0.143652843	1000000.0	7
20170206_163908	83.5	-0.14407871	1000000.0	7
20170206_163918	83.3	-0.144854261	1000000.0	7
20170206_163928	83.5	-0.145124382	1000000.0	7
20170206_163938	83.7	-0.144046188	1000000.0	7
20170206_163948	83.7	-0.14394146	1000000.0	7
20170206_163958	83.9	-0.143695326	1000000.0	7
20170206_164008	84.1	-0.144046326	1000000.0	7
20170206_164018	84.5	-0.144078158	1000000.0	7
20170206_164028	84.5	-0.144892534	1000000.0	7
20170206_164038	84.5	-0.145052819	1000000.0	7
20170206_164048	84.3	-0.145224028	1000000.0	7
20170206_164058	84.3	-0.1451175	1000000.0	7
20170206_164108	84.3	-0.145317695	1000000.0	7
20170206_164118	84.3	-0.145407021	1000000.0	7
20170206_164128	84.3	-0.145495707	1000000.0	7
20170206_164138	84.5	-0.145357224	1000000.0	7
20170206_164148	84.5	-0.145617035	1000000.0	7
20170206_164158	84.5	-0.145683228	1000000.0	7
20170206_164208	84.5	-0.145708187	1000000.0	7
20170206_164218	84.9	-0.145991364	1000000.0	7
20170206_164228	84.5	-0.146364116	1000000.0	7
20170206_164238	84.7	-0.145961765	1000000.0	7
20170206_164248	84.9	-0.14627908	1000000.0	7
20170206_164258	84.9	-0.146256677	1000000.0	7
20170206_164308	85.0	-0.146414593	1000000.0	7
20170206_164318	84.9	-0.146517332	1000000.0	7
20170206_164328	84.9	-0.14631533	1000000.0	7
20170206_164338	84.9	-0.146619978	1000000.0	7
20170206_164348	84.9	-0.147673684	1000000.0	7
20170206_164358	85.0	-0.147161909	1000000.0	7
20170206_164408	85.0	-0.147402319	1000000.0	7
20170206_164418	85.0	-0.147847659	1000000.0	7
20170206_164428	85.0	-0.147795641	1000000.0	7
20170206_164438	85.0	-0.147556	1000000.0	7
20170206_164448	85.4	-0.147589494	1000000.0	7
20170206_164458	85.6	-0.147790633	1000000.0	7
20170206_164508	85.6	-0.148200619	1000000.0	7
20170206_164518	85.8	-0.147922676	1000000.0	7
20170206_164528	85.8	-0.14878678	1000000.0	7
20170206_164538	85.8	-0.147896124	1000000.0	7
20170206_164548	85.6	-0.149551451	1000000.0	7
20170206_164558	85.8	-0.148581545	1000000.0	7
20170206_164608	85.8	-0.149204179	1000000.0	7
20170206_164618	85.6	-0.148981208	1000000.0	7
20170206_164628	85.6	-0.149897635	1000000.0	7
20170206_164638	85.2	-0.150049846	1000000.0	7
20170206_164648	85.2	-0.150004554	1000000.0	7
20170206_164658	85.4	-0.150095482	1000000.0	7
20170206_164708	85.6	-0.149812456	1000000.0	7
20170206_164718	86.0	-0.150135598	1000000.0	7
20170206_164728	85.2	-0.150439926	1000000.0	7
20170206_164738	85.2	-0.150889012	1000000.0	7
20170206_164748	85.4	-0.150794481	1000000.0	7
20170206_164758	85.2	-0.151339748	1000000.0	7
20170206_164808	86.2	-0.151509075	1000000.0	7
20170206_164818	85.6	-0.151631532	1000000.0	7
20170206_164828	86.4	-0.1514165	1000000.0	7
20170206_164838	86.4	-0.151739995	1000000.0	7
20170206_164848	86.2	-0.151258839	1000000.0	7
20170206_164858	86.2	-0.151833255	1000000.0	7
20170206_164908	86.4	-0.151363974	1000000.0	7
20170206_164918	86.6	-0.151531131	1000000.0	7
20170206_164928	86.7	-0.151380761	1000000.0	7
20170206_164938	86.7	-0.151887868	1000000.0	7
20170206_164948	86.7	-0.152035647	1000000.0	7
20170206_164958	86.2	-0.152964502	1000000.0	7
20170206_165008	86.0	-0.153013925	1000000.0	7
20170206_165018	85.8	-0.152935591	1000000.0	7
20170206_165028	85.8	-0.152670022	1000000.0	7
20170206_165038	85.4	-0.152500469	1000000.0	7
20170206_165048	85.4	-0.152980482	1000000.0	7
20170206_165058	85.2	-0.153306539	1000000.0	7
20170206_165108	85.4	-0.152440575	1000000.0	7
20170206_165118	85.6	-0.169474675	1000000.0	7
20170206_165128	85.6	-0.164349938	1000000.0	7
20170206_165138	85.6	-0.160795776	1000000.0	7
20170206_165148	85.6	-0.158938896	1000000.0	7
20170206_165158	85.8	-0.159851898	1000000.0	7
20170206_165208	86.2	-0.158933651	1000000.0	7
20170206_165218	86.0	-0.157450092	1000000.0	7
20170206_165228	86.2	-0.158366111	1000000.0	7
20170206_165238	86.2	-0.161454191	1000000.0	7
20170206_165248	86.2	-0.162580231	1000000.0	7
20170206_165258	86.2	-0.158064204	1000000.0	7
20170206_165308	86.2	-0.156033234	1000000.0	7
20170206_165318	86.2	-0.155767025	1000000.0	7
20170206_165328	86.2	-0.150913833	1000000.0	7
