20170202_165919	24.4	-0.0346214549	1000000.0	7
20170202_165929	24.4	-0.0348908004	1000000.0	7
20170202_165939	24.4	-0.0350387348	1000000.0	7
20170202_165949	24.4	-0.0351703176	1000000.0	7
20170202_165959	24.4	-0.0352716368	1000000.0	7
20170202_170009	24.2	-0.0351912892	1000000.0	7
20170202_170019	24.4	-0.0354452072	1000000.0	7
20170202_170029	24.4	-0.0356014166	1000000.0	7
20170202_170039	24.2	-0.0356286839	1000000.0	7
20170202_170049	24.2	-0.035607611	1000000.0	7
20170202_170059	24.2	-0.0358126075	1000000.0	7
20170202_170109	24.2	-0.0355648522	1000000.0	7
20170202_170119	24.4	-0.0355712994	1000000.0	7
20170202_170129	24.2	-0.0355329763	1000000.0	7
20170202_170139	24.4	-0.0359854376	1000000.0	7
20170202_170149	24.8	-0.0376921982	1000000.0	7
20170202_170159	25.5	-0.0374747945	1000000.0	7
20170202_170209	26.1	-0.0381621049	1000000.0	7
20170202_170219	26.9	-0.0394640449	1000000.0	7
20170202_170229	27.6	-0.0405269477	1000000.0	7
20170202_170239	28.4	-9.9e+37	1000000.0	7
20170202_170249	29.2	-0.0423703096	1000000.0	7
20170202_170259	29.8	-0.0435176518	1000000.0	7
20170202_170309	30.3	-0.0444367346	1000000.0	7
20170202_170319	30.9	-0.0452482446	1000000.0	7
20170202_170329	31.7	-0.0461749754	1000000.0	7
20170202_170339	32.5	-0.0473176719	1000000.0	7
20170202_170349	33.0	-0.048102865	1000000.0	7
20170202_170359	33.8	-0.0493012792	1000000.0	7
20170202_170409	34.4	-0.0502569952	1000000.0	7
20170202_170419	35.3	-0.0514471782	1000000.0	7
20170202_170429	35.7	-0.0522583551	1000000.0	7
20170202_170439	37.1	-0.0533390967	1000000.0	7
20170202_170449	37.3	-0.0550929219	1000000.0	7
20170202_170459	37.8	-0.0560378938	1000000.0	7
20170202_170509	39.0	-0.0573009976	1000000.0	7
20170202_170519	39.6	-0.0583106554	1000000.0	7
20170202_170529	40.1	-0.0597322935	1000000.0	7
20170202_170539	41.5	-0.0611633281	1000000.0	7
20170202_170549	41.3	-0.062385031	1000000.0	7
20170202_170559	42.0	-0.0631192073	1000000.0	7
20170202_170609	42.6	-0.0647047117	1000000.0	7
20170202_170619	43.2	-0.0661367377	1000000.0	7
20170202_170629	43.7	-0.067673989	1000000.0	7
20170202_170639	44.5	-0.0691985212	1000000.0	7
20170202_170649	44.9	-0.0705920292	1000000.0	7
20170202_170659	45.4	-0.0725398698	1000000.0	7
20170202_170709	46.0	-0.0738803994	1000000.0	7
20170202_170719	46.6	-0.0758740664	1000000.0	7
20170202_170729	47.1	-0.0773157878	1000000.0	7
20170202_170739	47.7	-0.0791960537	1000000.0	7
20170202_170749	48.4	-0.0810365037	1000000.0	7
20170202_170759	48.8	-0.0829460286	1000000.0	7
20170202_170809	49.4	-0.0849111241	1000000.0	7
20170202_170819	50.1	-0.0866445569	1000000.0	7
20170202_170829	50.5	-0.0888136462	1000000.0	7
20170202_170839	51.1	-0.0903445757	1000000.0	7
20170202_170849	51.6	-0.0920607638	1000000.0	7
20170202_170859	52.2	-0.094084472	1000000.0	7
20170202_170909	52.6	-0.0954275606	1000000.0	7
20170202_170919	53.2	-0.0976349523	1000000.0	7
20170202_170929	53.7	-0.0995489799	1000000.0	7
20170202_170939	54.3	-0.101483443	1000000.0	7
20170202_170949	54.7	-0.103246758	1000000.0	7
20170202_170959	55.2	-0.104964232	1000000.0	7
20170202_171009	55.6	-0.107867101	1000000.0	7
20170202_171019	56.2	-0.109067653	1000000.0	7
20170202_171029	56.6	-0.111694114	1000000.0	7
20170202_171039	57.1	-0.113484647	1000000.0	7
20170202_171049	57.5	-0.114980399	1000000.0	7
20170202_171059	57.9	-0.116147972	1000000.0	7
20170202_171109	58.4	-0.117338777	1000000.0	7
20170202_171119	58.6	-0.119447909	1000000.0	7
20170202_171129	59.2	-0.120315947	1000000.0	7
20170202_171141	59.8	-0.121966012	1000000.0	7
20170202_171149	60.1	-0.122604604	1000000.0	7
20170202_171159	60.5	-0.123512415	1000000.0	7
20170202_171209	60.9	-0.125264235	1000000.0	7
20170202_171219	61.1	-0.126263411	1000000.0	7
20170202_171229	61.6	-0.127171955	1000000.0	7
20170202_171239	62.0	-0.128812807	1000000.0	7
20170202_171249	62.4	-0.129676458	1000000.0	7
20170202_171259	62.8	-0.132442123	1000000.0	7
20170202_171309	63.2	-0.131975269	1000000.0	7
20170202_171319	63.5	-0.13375528	1000000.0	7
20170202_171329	63.7	-0.13609065	1000000.0	7
20170202_171339	64.3	-0.138090735	1000000.0	7
20170202_171349	64.5	-0.139098593	1000000.0	7
20170202_171359	64.9	-0.141313659	1000000.0	7
20170202_171409	65.2	-0.142417201	1000000.0	7
20170202_171419	61.5	-0.144214896	1000000.0	7
20170202_171429	64.7	-0.146069568	1000000.0	7
20170202_171439	66.2	-0.147663836	1000000.0	7
20170202_171449	66.2	-0.149480017	1000000.0	7
20170202_171459	66.6	-0.152556993	1000000.0	7
20170202_171509	67.1	-0.153552734	1000000.0	7
20170202_171519	67.5	-0.155435241	1000000.0	7
20170202_171529	67.7	-0.156646935	1000000.0	7
20170202_171539	68.1	-0.159896863	1000000.0	7
20170202_171549	68.6	-0.161001657	1000000.0	7
20170202_171559	68.8	-0.162363927	1000000.0	7
20170202_171609	69.0	-0.164827577	1000000.0	7
20170202_171619	69.4	-0.165843632	1000000.0	7
20170202_171629	69.6	-0.168866583	1000000.0	7
20170202_171639	70.0	-0.170104127	1000000.0	7
20170202_171649	70.1	-0.172094046	1000000.0	7
20170202_171659	70.5	-0.175885916	1000000.0	7
20170202_171709	70.7	-0.176980492	1000000.0	7
20170202_171719	71.1	-0.178617311	1000000.0	7
20170202_171729	71.3	-0.179711765	1000000.0	7
20170202_171739	71.6	-0.18072636	1000000.0	7
20170202_171749	71.8	-0.183026385	1000000.0	7
20170202_171759	72.0	-0.185130321	1000000.0	7
20170202_171809	72.2	-0.187871098	1000000.0	7
20170202_171819	72.4	-0.18797627	1000000.0	7
20170202_171829	72.6	-0.191104742	1000000.0	7
20170202_171839	73.0	-0.192869067	1000000.0	7
20170202_171849	73.2	-0.195014941	1000000.0	7
20170202_171859	73.5	-0.198064563	1000000.0	7
20170202_171909	73.7	-0.200853804	1000000.0	7
20170202_171919	73.9	-0.202921468	1000000.0	7
20170202_171929	74.3	-0.206528173	1000000.0	7
20170202_171939	74.7	-0.208961146	1000000.0	7
20170202_171949	74.7	-0.211073444	1000000.0	7
20170202_171959	74.9	-0.213479503	1000000.0	7
20170202_172009	75.2	-0.215674815	1000000.0	7
20170202_172019	74.5	-0.218011713	1000000.0	7
20170202_172029	74.7	-0.220292433	1000000.0	7
20170202_172039	74.9	-0.221722092	1000000.0	7
20170202_172049	75.0	-0.224850557	1000000.0	7
20170202_172059	75.2	-0.226687536	1000000.0	7
20170202_172109	75.4	-0.229201387	1000000.0	7
20170202_172119	75.6	-0.230599658	1000000.0	7
20170202_172129	75.8	-0.235540359	1000000.0	7
20170202_172139	75.8	-0.23751721	1000000.0	7
20170202_172149	76.2	-0.250838625	1000000.0	7
20170202_172159	76.4	-0.243906583	1000000.0	7
20170202_172209	76.4	-0.245108698	1000000.0	7
20170202_172219	76.6	-0.24778022	1000000.0	7
20170202_172229	76.6	-0.249882474	1000000.0	7
20170202_172239	76.9	-0.252458302	1000000.0	7
20170202_172249	77.1	-0.254644061	1000000.0	7
20170202_174932	86.2	-0.468970768	1000000.0	7
20170202_174942	86.6	-0.472297337	1000000.0	7
20170202_174952	86.4	-0.46840197	1000000.0	7
20170202_175002	86.7	-0.467887709	1000000.0	7
20170202_175012	86.4	-0.468710935	1000000.0	7
20170202_175022	86.9	-0.468456116	1000000.0	7
20170202_175032	86.9	-0.468488085	1000000.0	7
20170202_175042	86.9	-0.47313256	1000000.0	7
20170202_175052	86.9	-0.47087998	1000000.0	7
20170202_175102	87.3	-0.472237747	1000000.0	7
