20170124_144443	46.7	-0.208469101	1000000.0	7
20170124_144453	47.3	-0.211713738	1000000.0	7
20170124_144503	47.7	-0.207843684	1000000.0	7
20170124_144513	48.3	-0.221006806	1000000.0	7
20170124_144523	48.6	-0.226393378	1000000.0	7
20170124_144533	48.8	-0.228240748	1000000.0	7
20170124_144543	49.6	-0.230519959	1000000.0	7
20170124_144553	50.0	-0.24296766	1000000.0	7
20170124_144603	50.3	-0.248404925	1000000.0	7
20170124_144613	50.9	-0.25359851	1000000.0	7
20170124_144623	51.5	-0.258585442	1000000.0	7
20170124_144633	52.0	-0.264404142	1000000.0	7
20170124_144643	52.4	-0.272478297	1000000.0	7
20170124_144653	52.8	-0.278122329	1000000.0	7
20170124_144703	53.2	-0.284112285	1000000.0	7
20170124_144713	53.7	-0.289587438	1000000.0	7
20170124_144723	54.1	-0.295851332	1000000.0	7
20170124_144733	54.5	-0.300876134	1000000.0	7
20170124_144743	55.0	-0.307157672	1000000.0	7
20170124_144753	55.4	-0.314488803	1000000.0	7
20170124_144803	55.8	-0.321523523	1000000.0	7
20170124_144813	56.2	-0.326537835	1000000.0	7
20170124_144823	56.4	-0.333851291	1000000.0	7
20170124_144833	57.1	-0.342064732	1000000.0	7
20170124_144843	57.3	-0.34899022	1000000.0	7
20170124_144853	57.9	-0.357949542	1000000.0	7
20170124_144903	58.1	-0.367195286	1000000.0	7
20170124_144913	58.4	-0.376494534	1000000.0	7
20170124_144923	59.0	-0.381864117	1000000.0	7
20170124_144933	59.4	-0.388198686	1000000.0	7
20170124_144943	60.0	-0.393078732	1000000.0	7
20170124_144953	60.3	-0.403873347	1000000.0	7
20170124_145003	60.5	-0.412190415	1000000.0	7
20170124_145013	61.1	-0.415861121	1000000.0	7
20170124_145023	61.5	-0.42133303	1000000.0	7
20170124_145033	61.6	-0.428288721	1000000.0	7
20170124_145043	62.2	-0.436067161	1000000.0	7
20170124_145053	62.4	-0.443655469	1000000.0	7
20170124_145103	62.6	-0.45058062	1000000.0	7
20170124_145113	63.0	-0.460214611	1000000.0	7
20170124_145123	63.5	-0.467585424	1000000.0	7
20170124_145133	63.9	-0.476209393	1000000.0	7
20170124_145143	64.1	-0.483104839	1000000.0	7
20170124_145153	64.5	-0.490262227	1000000.0	7
20170124_145203	64.5	-0.497056494	1000000.0	7
20170124_145213	65.2	-0.505212396	1000000.0	7
20170124_145223	65.4	-0.510618215	1000000.0	7
20170124_145233	65.6	-0.517668254	1000000.0	7
20170124_145243	66.0	-0.525360454	1000000.0	7
20170124_145253	66.6	-0.531285175	1000000.0	7
20170124_145303	66.6	-0.538251054	1000000.0	7
20170124_145313	66.9	-0.545083762	1000000.0	7
20170124_145323	67.3	-0.552864923	1000000.0	7
20170124_145333	67.5	-0.557401806	1000000.0	7
20170124_145343	67.9	-0.562517525	1000000.0	7
20170124_145353	68.1	-0.56801553	1000000.0	7
20170124_145403	68.4	-0.573609734	1000000.0	7
20170124_145413	68.6	-0.580301767	1000000.0	7
20170124_145423	68.8	-0.587812111	1000000.0	7
20170124_145433	69.4	-0.594665988	1000000.0	7
20170124_145443	69.0	-0.601274113	1000000.0	7
20170124_145453	69.2	-0.605798962	1000000.0	7
20170124_145503	69.6	-0.610797527	1000000.0	7
20170124_145513	70.0	-0.61717196	1000000.0	7
20170124_145523	70.1	-0.622650846	1000000.0	7
20170124_145533	70.5	-0.628496862	1000000.0	7
20170124_145543	71.1	-0.631776998	1000000.0	7
20170124_145553	71.1	-0.636639876	1000000.0	7
20170124_145603	71.6	-0.641905036	1000000.0	7
20170124_145613	71.6	-0.64602503	1000000.0	7
20170124_145623	71.6	-0.649496933	1000000.0	7
20170124_145633	72.2	-0.655662888	1000000.0	7
20170124_145643	71.5	-0.659222984	1000000.0	7
20170124_145653	72.2	-0.665485506	1000000.0	7
20170124_145703	72.2	-0.670946387	1000000.0	7
20170124_145713	72.8	-0.675070753	1000000.0	7
20170124_145723	72.8	-0.677032382	1000000.0	7
20170124_145733	73.0	-0.682291145	1000000.0	7
20170124_145743	73.2	-0.687955727	1000000.0	7
20170124_145753	73.3	-0.691238995	1000000.0	7
20170124_145803	73.7	-0.695536079	1000000.0	7
20170124_145813	74.1	-0.694453212	1000000.0	7
20170124_145823	74.3	-0.702363982	1000000.0	7
20170124_145833	75.0	-0.707522823	1000000.0	7
20170124_145843	74.5	-0.711436868	1000000.0	7
20170124_145853	74.5	-0.713372722	1000000.0	7
20170124_145903	74.9	-0.715179171	1000000.0	7
20170124_145913	75.0	-0.718012727	1000000.0	7
20170124_145923	75.2	-0.720732604	1000000.0	7
20170124_145933	75.6	-0.720838076	1000000.0	7
20170124_145943	75.6	-0.722614254	1000000.0	7
20170124_145953	75.8	-0.724590797	1000000.0	7
20170124_150003	76.0	-0.726100031	1000000.0	7
20170124_150013	76.2	-0.728306822	1000000.0	7
20170124_150023	76.6	-0.729233908	1000000.0	7
20170124_150033	76.7	-0.732031843	1000000.0	7
20170124_150043	76.9	-0.73315221	1000000.0	7
20170124_150053	77.1	-0.736014838	1000000.0	7
20170124_150103	77.5	-0.736259554	1000000.0	7
20170124_150113	77.5	-0.737623868	1000000.0	7
20170124_150123	77.5	-0.738422744	1000000.0	7
20170124_150133	77.3	-0.74065032	1000000.0	7
20170124_150143	77.7	-0.742975009	1000000.0	7
20170124_150153	78.1	-0.743775228	1000000.0	7
20170124_150203	78.3	-0.745943994	1000000.0	7
20170124_150213	78.1	-0.747630428	1000000.0	7
20170124_150223	78.1	-0.74712345	1000000.0	7
20170124_150233	78.4	-0.747182949	1000000.0	7
20170124_150243	78.6	-0.748627168	1000000.0	7
20170124_150253	79.0	-0.750471	1000000.0	7
20170124_150303	79.2	-0.749614946	1000000.0	7
20170124_150313	79.2	-0.747390513	1000000.0	7
20170124_150323	78.6	-0.751147733	1000000.0	7
20170124_150333	79.2	-0.751890069	1000000.0	7
20170124_150343	79.4	-0.75105977	1000000.0	7
20170124_150353	79.2	-0.750043184	1000000.0	7
20170124_150403	79.4	-0.750040534	1000000.0	7
20170124_150413	79.4	-0.749069258	1000000.0	7
20170124_150423	79.8	-0.748990786	1000000.0	7
20170124_150433	80.1	-0.749716384	1000000.0	7
20170124_150443	80.1	-0.749345242	1000000.0	7
20170124_150453	80.1	-0.747656704	1000000.0	7
20170124_150503	80.7	-0.746992285	1000000.0	7
20170124_150513	80.5	-0.746473611	1000000.0	7
20170124_150523	80.7	-0.748194806	1000000.0	7
20170124_150533	80.5	-0.7483436	1000000.0	7
20170124_150543	80.9	-0.746873118	1000000.0	7
20170124_150553	81.1	-0.745212798	1000000.0	7
20170124_150603	81.1	-0.744368642	1000000.0	7
20170124_150613	81.1	-0.742983517	1000000.0	7
20170124_150623	81.5	-0.739799693	1000000.0	7
20170124_150633	81.5	-0.739735944	1000000.0	7
20170124_150643	80.3	-0.737769613	1000000.0	7
20170124_150653	80.3	-0.737051873	1000000.0	7
20170124_150703	80.7	-0.735200531	1000000.0	7
20170124_150713	80.5	-0.734572538	1000000.0	7
20170124_150723	80.7	-0.732724601	1000000.0	7
20170124_150733	80.9	-0.73069268	1000000.0	7
20170124_150743	80.5	-0.729986202	1000000.0	7
20170124_150753	81.1	-0.727437379	1000000.0	7
20170124_150803	80.9	-0.729345997	1000000.0	7
20170124_150813	81.3	-0.725382663	1000000.0	7
20170124_150823	81.3	-0.723798065	1000000.0	7
20170124_150833	81.5	-0.721022761	1000000.0	7
20170124_150843	81.5	-0.718022073	1000000.0	7
20170124_150853	81.5	-0.717539933	1000000.0	7
20170124_150903	81.8	-0.713670509	1000000.0	7
20170124_150913	81.5	-0.711877231	1000000.0	7
20170124_150923	81.6	-0.712824101	1000000.0	7
20170124_150933	81.8	-0.713908179	1000000.0	7
20170124_150943	81.6	-0.712776731	1000000.0	7
20170124_150953	81.8	-0.710059008	1000000.0	7
20170124_151003	82.0	-0.707856269	1000000.0	7
20170124_151013	82.2	-0.707847342	1000000.0	7
20170124_151023	82.4	-0.706728891	1000000.0	7
20170124_151033	82.2	-0.70555694	1000000.0	7
20170124_151043	82.6	-0.70234445	1000000.0	7
20170124_151053	82.4	-0.702781966	1000000.0	7
20170124_151103	82.4	-0.701691336	1000000.0	7
20170124_151113	82.2	-0.699715097	1000000.0	7
20170124_151123	82.6	-0.696826633	1000000.0	7
20170124_151133	82.4	-0.695651563	1000000.0	7
20170124_151143	82.2	-0.694153906	1000000.0	7
20170124_151153	82.4	-0.692245789	1000000.0	7
20170124_151203	82.4	-0.6921297	1000000.0	7
20170124_151213	82.6	-0.689820169	1000000.0	7
20170124_151223	82.4	-0.687739476	1000000.0	7
20170124_151233	82.8	-0.688316806	1000000.0	7
20170124_151243	83.9	-0.686959931	1000000.0	7
20170124_151253	83.2	-0.683818797	1000000.0	7
20170124_151303	83.3	-0.683383469	1000000.0	7
20170124_151313	83.7	-0.683023517	1000000.0	7
20170124_151323	83.3	-0.679909756	1000000.0	7
20170124_151333	83.3	-0.677852446	1000000.0	7
20170124_151343	82.8	-0.675044036	1000000.0	7
20170124_151353	83.7	-0.673717303	1000000.0	7
20170124_151403	83.7	-0.673453781	1000000.0	7
20170124_151413	83.2	-0.672132632	1000000.0	7
20170124_151423	82.6	-0.670217881	1000000.0	7
20170124_151433	83.3	-0.67188667	1000000.0	7
20170124_151443	82.6	-0.667667113	1000000.0	7
20170124_151453	83.0	-0.666856955	1000000.0	7
20170124_151503	82.8	-0.665276423	1000000.0	7
20170124_151513	82.8	-0.664273227	1000000.0	7
20170124_151523	82.6	-0.659984608	1000000.0	7
20170124_151533	82.8	-0.65983854	1000000.0	7
20170124_151543	83.2	-0.660934959	1000000.0	7
20170124_151553	83.2	-0.656980573	1000000.0	7
20170124_151603	83.0	-0.654915575	1000000.0	7
20170124_151613	83.5	-0.654524887	1000000.0	7
20170124_151623	82.8	-0.652954944	1000000.0	7
20170124_151633	83.2	-0.650824677	1000000.0	7
20170124_151643	83.0	-0.648005189	1000000.0	7
20170124_151653	83.3	-0.646954143	1000000.0	7
20170124_151703	83.5	-0.646486668	1000000.0	7
20170124_151713	83.3	-0.644794312	1000000.0	7
20170124_151723	83.3	-0.644601472	1000000.0	7
20170124_151733	83.7	-0.642894995	1000000.0	7
20170124_151743	83.5	-0.639805128	1000000.0	7
20170124_151753	83.3	-0.637924434	1000000.0	7
20170124_151803	83.9	-0.636674762	1000000.0	7
20170124_151813	84.5	-0.635378662	1000000.0	7
20170124_151823	84.3	-0.632938097	1000000.0	7
20170124_151833	83.9	-0.631191988	1000000.0	7
20170124_151843	83.0	-0.631507209	1000000.0	7
20170124_151853	83.7	-0.630240801	1000000.0	7
20170124_151903	83.3	-0.628244261	1000000.0	7
20170124_151913	84.1	-0.629002895	1000000.0	7
20170124_151923	83.7	-0.62648488	1000000.0	7
20170124_151933	84.3	-0.624410155	1000000.0	7
20170124_151943	83.9	-0.622776429	1000000.0	7
20170124_151953	84.5	-0.622269579	1000000.0	7
20170124_152003	83.3	-0.620697473	1000000.0	7
20170124_152013	83.7	-0.620683781	1000000.0	7
20170124_152023	83.2	-0.614197964	1000000.0	7
20170124_152033	83.2	-0.619270349	1000000.0	7
20170124_152043	83.3	-0.666102265	1000000.0	7
20170124_152053	83.3	-0.606019384	1000000.0	7
20170124_152103	83.7	-0.644186751	1000000.0	7
20170124_152113	83.2	-0.614700895	1000000.0	7
20170124_152123	83.3	-0.614297583	1000000.0	7
20170124_152133	83.3	-0.613578246	1000000.0	7
20170124_152143	83.3	-0.613077714	1000000.0	7
20170124_152153	83.3	-0.611147317	1000000.0	7
20170124_152203	83.3	-0.610337755	1000000.0	7
20170124_152213	83.5	-0.609287352	1000000.0	7
20170124_152223	83.7	-0.608245828	1000000.0	7
20170124_152233	83.7	-0.579970008	1000000.0	7
20170124_152243	83.5	-0.582236187	1000000.0	7
20170124_152253	83.9	-0.585363184	1000000.0	7
20170124_152303	85.2	-0.565167932	1000000.0	7
20170124_152313	84.9	-0.567516557	1000000.0	7
20170124_152323	84.5	-0.601173711	1000000.0	7
20170124_152333	84.7	-0.600331319	1000000.0	7
20170124_152343	84.7	-0.592019466	1000000.0	7
20170124_152353	84.9	-0.601015219	1000000.0	7
20170124_152403	84.7	-0.597817101	1000000.0	7
20170124_152413	83.7	-0.597371666	1000000.0	7
20170124_152423	84.3	-0.596050758	1000000.0	7
20170124_152433	84.7	-0.594434844	1000000.0	7
20170124_152443	84.3	-0.594357959	1000000.0	7
20170124_152453	84.5	-0.59262331	1000000.0	7
20170124_152503	84.7	-0.590795917	1000000.0	7
20170124_152513	84.7	-0.590236476	1000000.0	7
20170124_152523	85.0	-0.588031841	1000000.0	7
20170124_152533	84.9	-0.587393165	1000000.0	7
20170124_152543	85.0	-0.586394294	1000000.0	7
20170124_152553	85.0	-0.584144836	1000000.0	7
20170124_152603	85.0	-0.584356488	1000000.0	7
20170124_152613	85.2	-0.58269198	1000000.0	7
20170124_152623	85.0	-0.582006205	1000000.0	7
20170124_152633	85.2	-0.580396251	1000000.0	7
20170124_152643	85.4	-0.580312	1000000.0	7
20170124_152653	85.2	-0.579932045	1000000.0	7
20170124_152703	85.6	-0.578190678	1000000.0	7
20170124_152713	85.6	-0.577143466	1000000.0	7
20170124_152723	85.6	-0.577150538	1000000.0	7
20170124_152733	85.2	-0.577394172	1000000.0	7
20170124_152743	85.2	-0.575661968	1000000.0	7
20170124_152753	85.4	-0.574565769	1000000.0	7
20170124_152803	85.6	-0.574265876	1000000.0	7
20170124_152813	85.6	-0.573393195	1000000.0	7
20170124_152823	85.4	-0.571642381	1000000.0	7
20170124_152833	85.2	-0.576501701	1000000.0	7
20170124_152843	84.7	-0.571410647	1000000.0	7
20170124_152853	85.2	-0.570423997	1000000.0	7
20170124_152903	85.4	-0.570165618	1000000.0	7
20170124_152913	85.2	-0.568715422	1000000.0	7
20170124_152923	85.0	-0.567262652	1000000.0	7
20170124_152933	85.2	-0.56606297	1000000.0	7
20170124_152943	85.2	-0.567549818	1000000.0	7
20170124_152953	85.2	-0.573986137	1000000.0	7
20170124_153003	85.2	-0.569855384	1000000.0	7
20170124_153013	84.5	-0.572481903	1000000.0	7
20170124_153023	84.7	-0.570403122	1000000.0	7
20170124_153033	84.3	-0.567436796	1000000.0	7
20170124_153043	84.3	-0.566548384	1000000.0	7
20170124_153053	84.9	-0.565306375	1000000.0	7
20170124_153103	85.0	-0.565641469	1000000.0	7
20170124_153113	84.7	-0.563980079	1000000.0	7
20170124_153123	84.9	-0.561657336	1000000.0	7
20170124_153133	84.9	-0.561217513	1000000.0	7
20170124_153143	85.0	-0.560229139	1000000.0	7
20170124_153153	85.2	-0.558879281	1000000.0	7
20170124_153203	85.2	-0.558884056	1000000.0	7
20170124_153213	85.2	-0.558020643	1000000.0	7
20170124_153223	85.2	-0.557009051	1000000.0	7
20170124_153233	85.2	-0.556559163	1000000.0	7
20170124_153243	85.4	-0.55544498	1000000.0	7
20170124_153253	85.2	-0.554039217	1000000.0	7
20170124_153303	85.4	-0.552750326	1000000.0	7
20170124_153313	85.4	-0.551845732	1000000.0	7
20170124_153323	85.0	-0.551894407	1000000.0	7
20170124_153333	85.6	-0.549137162	1000000.0	7
20170124_153343	85.2	-0.54698281	1000000.0	7
20170124_153353	85.2	-0.545881711	1000000.0	7
20170124_153403	85.0	-0.544459519	1000000.0	7
20170124_153413	85.4	-0.544172289	1000000.0	7
20170124_153423	85.4	-0.543685942	1000000.0	7
20170124_153433	85.4	-0.559021812	1000000.0	7
20170124_153443	85.2	-0.543767229	1000000.0	7
20170124_153453	85.6	-0.549910453	1000000.0	7
20170124_153503	86.0	-0.541637085	1000000.0	7
20170124_153513	86.2	-0.540549985	1000000.0	7
20170124_153523	86.2	-0.541404008	1000000.0	7
20170124_153533	85.4	-0.539702006	1000000.0	7
20170124_153543	85.8	-0.537280869	1000000.0	7
20170124_153553	86.0	-0.535401038	1000000.0	7
20170124_153603	86.6	-0.537117388	1000000.0	7
20170124_153613	86.4	-0.535748811	1000000.0	7
20170124_153623	86.2	-0.533592965	1000000.0	7
20170124_153633	85.2	-0.533229279	1000000.0	7
20170124_153643	86.2	-0.53485007	1000000.0	7
20170124_153653	85.8	-0.53383997	1000000.0	7
20170124_153703	84.7	-0.533201923	1000000.0	7
20170124_153713	84.5	-0.531675953	1000000.0	7
20170124_153723	84.3	-0.532793923	1000000.0	7
20170124_153733	84.7	-0.530958398	1000000.0	7
20170124_153743	85.4	-0.529851786	1000000.0	7
20170124_153753	84.7	-0.530329526	1000000.0	7
20170124_153803	85.4	-0.530262881	1000000.0	7
20170124_153813	85.8	-0.540678773	1000000.0	7
20170124_153823	85.4	-0.539965498	1000000.0	7
20170124_153833	84.7	-0.529119704	1000000.0	7
20170124_153843	85.0	-0.52604575	1000000.0	7
20170124_153853	85.6	-0.930173004	1000000.0	7
20170124_153903	85.4	-0.647941387	1000000.0	7
20170124_153913	85.4	-0.608045146	1000000.0	7
20170124_153923	85.4	-0.592173039	1000000.0	7
20170124_153933	85.4	-0.575440756	1000000.0	7
20170124_153943	85.0	-0.757976872	1000000.0	7
20170124_153953	85.0	-0.608897364	1000000.0	7
20170124_154003	85.0	-0.616842183	1000000.0	7
20170124_154013	84.9	-0.605381494	1000000.0	7
20170124_154023	85.0	-0.582871662	1000000.0	7
20170124_154033	85.0	-0.591864045	1000000.0	7
20170124_154043	85.4	-0.566590967	1000000.0	7
20170124_154053	85.8	-0.599180173	1000000.0	7
20170124_154103	85.4	-0.608922707	1000000.0	7
20170124_154113	85.8	-0.591722734	1000000.0	7
20170124_154123	85.6	-0.589120526	1000000.0	7
20170124_154133	85.8	-0.587325336	1000000.0	7
20170124_154143	85.8	-0.584651857	1000000.0	7
20170124_154153	85.8	-0.583808906	1000000.0	7
20170124_154203	85.8	-0.578707685	1000000.0	7
20170124_154213	85.8	-0.577241421	1000000.0	7
20170124_154223	85.8	-0.574867128	1000000.0	7
20170124_154233	85.8	-0.573052414	1000000.0	7
20170124_154243	85.8	-0.568595405	1000000.0	7
20170124_154253	86.0	-0.568504447	1000000.0	7
20170124_154303	85.8	-0.568790148	1000000.0	7
20170124_154313	85.2	-0.567032912	1000000.0	7
20170124_154323	85.2	-0.565950919	1000000.0	7
20170124_154333	85.2	-0.568276997	1000000.0	7
20170124_154343	85.4	-0.566743012	1000000.0	7
20170124_154353	85.2	-0.566361834	1000000.0	7
20170124_154403	85.6	-0.564333993	1000000.0	7
20170124_154413	85.6	-0.565258884	1000000.0	7
20170124_154423	85.6	-0.563363488	1000000.0	7
20170124_154433	85.2	-0.560303605	1000000.0	7
20170124_154443	85.6	-0.558410117	1000000.0	7
20170124_154453	85.6	-0.560820946	1000000.0	7
20170124_154503	85.6	-0.561788241	1000000.0	7
20170124_154513	85.6	-0.558395203	1000000.0	7
20170124_154523	85.6	-0.558203538	1000000.0	7
20170124_154533	85.8	-0.557439331	1000000.0	7
20170124_154543	85.8	-0.557814018	1000000.0	7
20170124_154553	86.0	-0.556538279	1000000.0	7
20170124_154603	85.8	-0.55599876	1000000.0	7
20170124_154613	84.9	-0.557650605	1000000.0	7
20170124_154623	84.9	-0.556209717	1000000.0	7
20170124_154633	84.7	-0.555093494	1000000.0	7
20170124_154643	84.7	-0.555157169	1000000.0	7
20170124_154653	84.7	-0.558591376	1000000.0	7
20170124_154703	84.5	-0.562460471	1000000.0	7
20170124_154713	84.9	-0.559953439	1000000.0	7
20170124_154723	84.7	-0.556494897	1000000.0	7
20170124_154733	84.7	-0.555517754	1000000.0	7
20170124_154743	85.0	-0.554303399	1000000.0	7
20170124_154753	85.4	-0.553398717	1000000.0	7
20170124_154803	84.9	-0.55516134	1000000.0	7
20170124_154813	85.4	-0.553660066	1000000.0	7
20170124_154823	85.0	-0.553690754	1000000.0	7
20170124_154833	85.0	-0.551041191	1000000.0	7
20170124_154843	85.2	-0.551467365	1000000.0	7
20170124_154853	85.2	-0.553663128	1000000.0	7
20170124_154903	85.4	-0.556644761	1000000.0	7
20170124_154913	85.4	-0.552577726	1000000.0	7
20170124_154923	86.2	-0.552076178	1000000.0	7
20170124_154933	85.8	-0.550779626	1000000.0	7
20170124_154943	85.6	-0.549901127	1000000.0	7
20170124_154953	86.0	-0.549955458	1000000.0	7
20170124_155003	86.2	-0.550444135	1000000.0	7
20170124_155013	85.2	-0.548584591	1000000.0	7
20170124_155023	85.4	-0.547831592	1000000.0	7
20170124_155033	85.2	-0.548465087	1000000.0	7
20170124_155043	85.0	-0.546858994	1000000.0	7
20170124_155053	85.4	-0.549301142	1000000.0	7
20170124_155103	85.6	-0.544633827	1000000.0	7
20170124_155113	85.6	-0.543459923	1000000.0	7
20170124_155123	85.8	-0.542874759	1000000.0	7
20170124_155133	86.0	-0.543292824	1000000.0	7
20170124_155143	85.8	-0.544061706	1000000.0	7
20170124_155153	86.2	-0.542009717	1000000.0	7
20170124_155203	85.8	-0.542545711	1000000.0	7
20170124_155213	86.0	-0.541004016	1000000.0	7
20170124_155223	85.8	-0.541570658	1000000.0	7
20170124_155233	86.2	-0.542629634	1000000.0	7
20170124_155243	86.0	-0.541382917	1000000.0	7
20170124_155253	86.9	-0.541092801	1000000.0	7
20170124_155303	87.1	-0.541277897	1000000.0	7
20170124_155313	86.6	-0.542724236	1000000.0	7
20170124_155323	86.4	-0.543191718	1000000.0	7
20170124_155333	86.7	-0.542794412	1000000.0	7
20170124_155343	86.6	-0.542327627	1000000.0	7
20170124_155353	86.6	-0.542647047	1000000.0	7
20170124_155403	86.6	-0.541543693	1000000.0	7
20170124_155413	86.4	-0.541130953	1000000.0	7
20170124_155423	86.6	-0.541599324	1000000.0	7
20170124_155433	86.7	-0.542195884	1000000.0	7
20170124_155443	86.9	-0.541633654	1000000.0	7
20170124_155453	86.7	-0.542086243	1000000.0	7
20170124_155503	85.0	-0.553950453	1000000.0	7
20170124_155513	85.4	-0.549388452	1000000.0	7
20170124_155523	85.6	-0.547889546	1000000.0	7
20170124_155533	85.2	-0.546853971	1000000.0	7
20170124_155543	85.6	-0.545882487	1000000.0	7
20170124_155553	85.8	-0.545686965	1000000.0	7
20170124_155603	85.6	-0.545654486	1000000.0	7
20170124_155613	85.4	-0.545179492	1000000.0	7
20170124_155623	85.8	-0.545161352	1000000.0	7
20170124_155633	85.6	-0.548982485	1000000.0	7
20170124_155643	85.8	-0.544792844	1000000.0	7
20170124_155653	85.8	-0.543924144	1000000.0	7
20170124_155703	86.0	-0.543602708	1000000.0	7
20170124_155713	86.2	-0.544443007	1000000.0	7
20170124_155723	86.6	-0.54424097	1000000.0	7
20170124_155733	86.4	-0.544768957	1000000.0	7
20170124_155743	86.7	-0.543796114	1000000.0	7
20170124_155753	86.0	-0.544070028	1000000.0	7
20170124_155803	86.4	-0.545065591	1000000.0	7
20170124_155813	86.4	-0.545236759	1000000.0	7
20170124_155823	86.4	-0.546975293	1000000.0	7
20170124_155833	86.4	-0.544700305	1000000.0	7
20170124_155843	86.7	-0.544951289	1000000.0	7
20170124_155853	86.6	-0.54357371	1000000.0	7
20170124_155903	86.6	-0.544457275	1000000.0	7
20170124_155913	86.7	-0.547860726	1000000.0	7
20170124_155923	86.6	-0.549313782	1000000.0	7
20170124_155933	86.6	-0.547945012	1000000.0	7
20170124_155943	86.7	-0.546969951	1000000.0	7
20170124_155953	86.0	-0.551662367	1000000.0	7
20170124_160003	86.0	-0.541554422	1000000.0	7
20170124_160013	86.0	-0.541649519	1000000.0	7
20170124_160023	86.6	-0.542365559	1000000.0	7
20170124_160033	86.2	-0.542222239	1000000.0	7
20170124_160043	86.2	-0.543041423	1000000.0	7
20170124_160053	86.6	-0.543427996	1000000.0	7
20170124_160103	86.4	-0.541493841	1000000.0	7
20170124_160113	86.4	-0.541270938	1000000.0	7
20170124_160123	86.4	-0.543743226	1000000.0	7
20170124_160133	86.6	-0.540570418	1000000.0	7
20170124_160143	86.6	-0.541592282	1000000.0	7
20170124_160153	86.9	-0.540878426	1000000.0	7
20170124_160203	86.7	-0.559787018	1000000.0	7
20170124_160213	86.6	-0.549445446	1000000.0	7
20170124_160223	86.7	-0.548687166	1000000.0	7
20170124_160233	86.7	-0.548750379	1000000.0	7
20170124_160243	86.9	-0.563006732	1000000.0	7
20170124_160253	86.9	-0.554308925	1000000.0	7
20170124_160303	87.1	-0.552352292	1000000.0	7
20170124_160313	87.3	-0.550430393	1000000.0	7
20170124_160323	87.1	-0.545027275	1000000.0	7
20170124_160333	87.3	-0.533314367	1000000.0	7
20170124_160343	87.1	-0.530754523	1000000.0	7
20170124_160353	87.3	-0.530816429	1000000.0	7
20170124_160403	87.3	-0.529648596	1000000.0	7
20170124_160413	86.9	-0.528596081	1000000.0	7
20170124_160423	86.7	-0.528244201	1000000.0	7
20170124_160433	86.7	-0.527058258	1000000.0	7
20170124_160443	86.6	-0.527623117	1000000.0	7
20170124_160453	86.6	-0.526267344	1000000.0	7
20170124_160503	86.6	-0.528238925	1000000.0	7
20170124_160513	86.6	-0.526949997	1000000.0	7
20170124_160523	85.6	-0.526474084	1000000.0	7
20170124_160533	85.4	-0.525402215	1000000.0	7
20170124_160543	85.6	-0.524501859	1000000.0	7
20170124_160553	85.8	-0.526377972	1000000.0	7
20170124_160603	85.8	-0.525620509	1000000.0	7
20170124_160613	85.8	-0.525678713	1000000.0	7
20170124_160623	85.8	-0.525586425	1000000.0	7
20170124_160633	86.0	-0.529661915	1000000.0	7
20170124_160643	86.0	-0.547728159	1000000.0	7
20170124_160653	86.0	-0.543946879	1000000.0	7
20170124_160703	85.8	-0.552449499	1000000.0	7
20170124_160713	86.0	-0.548149258	1000000.0	7
20170124_160723	86.2	-0.548222291	1000000.0	7
20170124_160733	86.2	-0.546680523	1000000.0	7
20170124_160743	86.2	-0.529233672	1000000.0	7
20170124_160753	86.0	-0.528619305	1000000.0	7
20170124_160803	87.1	-0.529260061	1000000.0	7
20170124_160813	86.9	-0.527715861	1000000.0	7
20170124_160823	86.7	-0.531834587	1000000.0	7
20170124_160833	86.7	-0.530994191	1000000.0	7
20170124_160843	86.9	-0.531907679	1000000.0	7
20170124_160853	86.6	-0.531432633	1000000.0	7
20170124_160903	87.1	-0.527552898	1000000.0	7
20170124_160913	87.1	-0.525613811	1000000.0	7
20170124_160923	86.7	-0.525936241	1000000.0	7
20170124_160933	86.9	-0.525848996	1000000.0	7
20170124_160943	87.1	-0.52742067	1000000.0	7
20170124_160953	87.3	-0.530757328	1000000.0	7
20170124_161003	87.1	-0.527056622	1000000.0	7
20170124_161013	87.1	-0.524620985	1000000.0	7
20170124_161023	87.1	-0.527952255	1000000.0	7
20170124_161033	87.3	-0.526626822	1000000.0	7
20170124_161043	87.3	-0.525157286	1000000.0	7
20170124_161053	87.1	-0.522400467	1000000.0	7
20170124_161103	87.3	-0.523137146	1000000.0	7
20170124_161113	86.2	-0.522610614	1000000.0	7
20170124_161123	86.0	-0.523847821	1000000.0	7
20170124_161133	86.0	-0.523163474	1000000.0	7
20170124_161143	86.0	-0.523936247	1000000.0	7
20170124_161154	86.2	-0.526781264	1000000.0	7
20170124_161203	86.2	-0.523501867	1000000.0	7
20170124_161213	86.4	-0.523112083	1000000.0	7
20170124_161223	86.4	-0.521969437	1000000.0	7
20170124_161233	86.4	-0.524231372	1000000.0	7
20170124_161243	86.2	-0.523495366	1000000.0	7
20170124_161253	86.2	-0.555693379	1000000.0	7
20170124_161303	86.4	-0.538482738	1000000.0	7
20170124_161313	86.6	-0.534668284	1000000.0	7
20170124_161323	86.4	-0.533529836	1000000.0	7
20170124_161333	86.6	-0.538420572	1000000.0	7
20170124_161343	86.9	-0.532561177	1000000.0	7
20170124_161353	86.7	-0.535843786	1000000.0	7
20170124_161403	86.7	-0.534593012	1000000.0	7
20170124_161413	86.7	-0.539366477	1000000.0	7
20170124_161423	86.7	-0.53571562	1000000.0	7
20170124_161433	86.6	-0.535250642	1000000.0	7
20170124_161443	87.5	-0.536453389	1000000.0	7
20170124_161453	87.1	-0.539186139	1000000.0	7
20170124_161503	86.7	-0.538636767	1000000.0	7
20170124_161513	86.7	-0.537198502	1000000.0	7
20170124_161523	87.1	-0.533760808	1000000.0	7
20170124_161533	87.1	-0.534551398	1000000.0	7
20170124_161543	87.1	-0.531482516	1000000.0	7
20170124_161553	86.9	-0.531371297	1000000.0	7
20170124_161603	86.9	-0.5319416	1000000.0	7
20170124_161613	86.9	-0.53128038	1000000.0	7
20170124_161623	87.1	-0.53313982	1000000.0	7
20170124_161633	86.7	-0.532934821	1000000.0	7
20170124_161643	86.6	-0.533024225	1000000.0	7
20170124_161653	86.9	-0.532903526	1000000.0	7
20170124_161703	86.6	-0.529177833	1000000.0	7
20170124_161713	85.4	-0.53071663	1000000.0	7
20170124_161723	85.4	-0.526647349	1000000.0	7
20170124_161733	85.2	-0.5289374	1000000.0	7
20170124_161743	85.2	-0.529049762	1000000.0	7
20170124_161753	85.2	-0.528361537	1000000.0	7
20170124_161803	85.4	-0.527910536	1000000.0	7
20170124_161813	85.6	-0.52821277	1000000.0	7
20170124_161823	85.4	-0.530607934	1000000.0	7
20170124_161833	85.4	-0.529820496	1000000.0	7
20170124_161843	85.8	-0.530760345	1000000.0	7
20170124_161853	85.6	-0.528519366	1000000.0	7
20170124_161903	85.4	-0.527841756	1000000.0	7
20170124_161913	85.4	-0.527126032	1000000.0	7
20170124_161923	85.4	-0.528031289	1000000.0	7
20170124_161933	85.4	-0.527023336	1000000.0	7
20170124_161943	85.8	-0.527182728	1000000.0	7
20170124_161953	85.6	-0.530968539	1000000.0	7
20170124_162003	86.0	-0.523909509	1000000.0	7
20170124_162013	86.0	-0.530933831	1000000.0	7
20170124_162023	86.4	-0.532228621	1000000.0	7
20170124_162033	86.2	-0.531091611	1000000.0	7
20170124_162043	86.2	-0.531918735	1000000.0	7
20170124_162053	86.4	-0.5316617	1000000.0	7
20170124_162103	86.6	-0.530499941	1000000.0	7
20170124_162113	86.6	-0.530640174	1000000.0	7
20170124_162123	86.7	-0.530774993	1000000.0	7
20170124_162133	86.6	-0.524684447	1000000.0	7
20170124_162143	86.7	-0.5267626	1000000.0	7
20170124_162153	86.6	-0.526244769	1000000.0	7
20170124_162203	86.9	-0.526371833	1000000.0	7
20170124_162213	86.9	-0.527495267	1000000.0	7
20170124_162223	86.9	-0.530402313	1000000.0	7
20170124_162233	87.3	-0.527942909	1000000.0	7
20170124_162243	87.7	-0.525848269	1000000.0	7
20170124_162253	86.7	-0.523964357	1000000.0	7
20170124_162303	86.0	-0.524403324	1000000.0	7
20170124_162313	86.0	-0.525001659	1000000.0	7
20170124_162323	86.4	-0.526836654	1000000.0	7
20170124_162333	86.4	-0.526685107	1000000.0	7
20170124_162343	86.4	-0.528320278	1000000.0	7
20170124_162353	86.7	-0.530990981	1000000.0	7
20170124_162403	86.4	-0.530501869	1000000.0	7
20170124_162413	86.4	-0.531704691	1000000.0	7
20170124_162423	86.6	-0.529356493	1000000.0	7
20170124_162433	86.6	-0.528861151	1000000.0	7
20170124_162443	86.6	-0.529259287	1000000.0	7
20170124_162453	86.6	-0.645481765	1000000.0	7
20170124_162503	86.7	-0.562268719	1000000.0	7
20170124_162513	87.1	-0.551797017	1000000.0	7
20170124_162523	87.1	-0.547708551	1000000.0	7
20170124_162533	87.3	-0.545202367	1000000.0	7
20170124_162543	86.9	-0.543755151	1000000.0	7
20170124_162553	87.1	-0.542619562	1000000.0	7
20170124_162603	87.3	-0.541330232	1000000.0	7
20170124_162613	87.3	-0.541583985	1000000.0	7
20170124_162623	87.7	-0.53910172	1000000.0	7
20170124_162633	87.5	-0.538643193	1000000.0	7
20170124_162643	87.5	-0.538331376	1000000.0	7
20170124_162653	87.3	-0.53886491	1000000.0	7
20170124_162703	87.5	-0.536462238	1000000.0	7
20170124_162713	87.3	-0.534886608	1000000.0	7
20170124_162723	87.5	-0.53543668	1000000.0	7
20170124_162733	87.7	-0.535246583	1000000.0	7
20170124_162743	87.5	-0.534585531	1000000.0	7
20170124_162753	87.3	-0.534924724	1000000.0	7
20170124_162803	87.5	-0.534622455	1000000.0	7
20170124_162813	87.3	-0.53561111	1000000.0	7
20170124_162823	87.5	-0.570178669	1000000.0	7
20170124_162833	87.3	-0.537962265	1000000.0	7
20170124_162843	86.7	-0.533237211	1000000.0	7
20170124_162853	86.4	-0.531381662	1000000.0	7
20170124_162903	86.4	-0.532592147	1000000.0	7
20170124_162913	86.4	-0.530267188	1000000.0	7
20170124_162923	85.6	-0.527265099	1000000.0	7
20170124_162933	86.2	-0.523094998	1000000.0	7
20170124_162943	85.8	-0.52265186	1000000.0	7
20170124_162953	85.6	-0.521536996	1000000.0	7
20170124_163003	85.8	-0.523376704	1000000.0	7
20170124_163013	85.8	-0.522581863	1000000.0	7
20170124_163023	86.0	-0.527512156	1000000.0	7
20170124_163033	86.0	-0.527325729	1000000.0	7
20170124_163043	86.0	-0.523947494	1000000.0	7
20170124_163053	86.0	-0.52468164	1000000.0	7
20170124_163103	86.6	-0.523332863	1000000.0	7
20170124_163113	86.6	-0.541111889	1000000.0	7
20170124_163123	86.4	-0.538201177	1000000.0	7
20170124_163133	86.6	-0.539956014	1000000.0	7
20170124_163143	86.6	-0.597635139	1000000.0	7
20170124_163153	86.9	-0.590611021	1000000.0	7
20170124_163203	86.9	-0.583991138	1000000.0	7
20170124_163213	86.9	-0.572573192	1000000.0	7
20170124_163223	86.7	-0.540155646	1000000.0	7
20170124_163233	86.7	-0.537592458	1000000.0	7
20170124_163243	86.6	-0.529498054	1000000.0	7
20170124_163253	87.1	-0.523213816	1000000.0	7
20170124_163303	87.1	-0.52377747	1000000.0	7
20170124_163313	86.9	-0.52174419	1000000.0	7
20170124_163323	86.9	-0.522765482	1000000.0	7
20170124_163333	87.1	-0.526973305	1000000.0	7
20170124_163343	86.7	-0.526145565	1000000.0	7
20170124_163353	87.1	-0.527777612	1000000.0	7
20170124_163403	87.3	-0.522880608	1000000.0	7
20170124_163413	87.5	-0.52784882	1000000.0	7
20170124_163423	87.3	-0.525856264	1000000.0	7
20170124_163433	87.5	-0.52543327	1000000.0	7
20170124_163443	87.7	-0.527517617	1000000.0	7
20170124_163453	87.7	-0.5218695	1000000.0	7
20170124_163503	87.9	-0.52541785	1000000.0	7
20170124_163513	86.9	-0.525189665	1000000.0	7
20170124_163523	86.6	-0.523880824	1000000.0	7
20170124_163533	86.6	-0.52592771	1000000.0	7
20170124_163543	86.7	-0.523540944	1000000.0	7
20170124_163553	86.4	-0.520318278	1000000.0	7
20170124_163603	86.7	-0.522812263	1000000.0	7
20170124_163613	87.1	-0.522539894	1000000.0	7
20170124_163623	86.4	-0.522556148	1000000.0	7
20170124_163633	86.6	-0.519684312	1000000.0	7
20170124_163643	86.7	-0.516196383	1000000.0	7
20170124_163653	86.9	-0.516615665	1000000.0	7
20170124_163703	86.9	-0.520765558	1000000.0	7
20170124_163713	86.9	-0.519620076	1000000.0	7
20170124_163723	87.1	-0.521846093	1000000.0	7
20170124_163733	87.1	-0.521702737	1000000.0	7
20170124_163743	87.3	-0.519551039	1000000.0	7
20170124_163753	87.3	-0.521934236	1000000.0	7
20170124_163803	87.3	-0.519414614	1000000.0	7
20170124_163813	87.7	-0.567122836	1000000.0	7
20170124_163823	87.5	-0.549814181	1000000.0	7
20170124_163833	87.5	-0.547222255	1000000.0	7
20170124_163843	87.7	-0.541704543	1000000.0	7
20170124_163853	87.7	-0.537728764	1000000.0	7
20170124_163903	87.7	-0.53655435	1000000.0	7
20170124_163913	87.7	-0.534443063	1000000.0	7
20170124_163923	87.5	-0.534095883	1000000.0	7
20170124_163933	87.7	-0.533363013	1000000.0	7
20170124_163943	87.7	-0.5321603	1000000.0	7
20170124_163953	87.9	-0.532610126	1000000.0	7
20170124_164003	87.7	-0.534716637	1000000.0	7
20170124_164013	87.7	-0.532476606	1000000.0	7
20170124_164023	87.7	-0.53093337	1000000.0	7
20170124_164033	87.5	-0.53176777	1000000.0	7
20170124_164043	87.5	-0.531583243	1000000.0	7
20170124_164053	88.1	-0.528545656	1000000.0	7
20170124_164103	87.9	-0.534445242	1000000.0	7
20170124_164113	87.7	-0.532975376	1000000.0	7
20170124_164123	87.7	-0.531442296	1000000.0	7
20170124_164133	86.9	-0.531932942	1000000.0	7
20170124_164143	86.4	-0.535881077	1000000.0	7
20170124_164153	86.0	-0.530275353	1000000.0	7
20170124_164203	86.0	-0.529711222	1000000.0	7
20170124_164213	85.8	-0.530552008	1000000.0	7
20170124_164223	86.2	-0.526483336	1000000.0	7
20170124_164233	86.0	-0.529232617	1000000.0	7
20170124_164243	86.0	-0.532286522	1000000.0	7
20170124_164253	86.0	-0.530546982	1000000.0	7
20170124_164303	86.6	-0.556402046	1000000.0	7
20170124_164313	86.4	-0.535373232	1000000.0	7
20170124_164323	86.6	-0.538171065	1000000.0	7
20170124_164333	86.4	-0.532777841	1000000.0	7
20170124_164343	86.6	-0.525967287	1000000.0	7
20170124_164353	86.7	-0.525362389	1000000.0	7
20170124_164403	86.6	-0.531235411	1000000.0	7
20170124_164413	86.9	-0.526946197	1000000.0	7
20170124_164423	86.9	-0.526503778	1000000.0	7
20170124_164433	86.9	-0.523585394	1000000.0	7
20170124_164443	86.9	-0.522844926	1000000.0	7
20170124_164453	86.9	-0.528084374	1000000.0	7
20170124_164503	87.1	-0.522241483	1000000.0	7
20170124_164513	86.9	-0.522021773	1000000.0	7
20170124_164523	87.1	-0.526334722	1000000.0	7
20170124_164533	87.1	-0.532071634	1000000.0	7
20170124_164543	87.3	-0.530019197	1000000.0	7
20170124_164553	87.3	-0.529409586	1000000.0	7
20170124_164603	87.7	-0.528630931	1000000.0	7
20170124_164613	87.3	-0.529159778	1000000.0	7
20170124_164623	87.3	-0.523493599	1000000.0	7
20170124_164633	87.3	-0.525768076	1000000.0	7
20170124_164643	87.5	-0.529680433	1000000.0	7
20170124_164653	87.7	-0.529004271	1000000.0	7
20170124_164703	87.3	-0.528536734	1000000.0	7
20170124_164713	87.3	-0.5307213	1000000.0	7
20170124_164723	87.5	-0.52582899	1000000.0	7
20170124_164733	87.5	-0.530771923	1000000.0	7
20170124_164743	87.7	-0.52981443	1000000.0	7
20170124_164753	87.3	-0.625082743	1000000.0	7
20170124_164803	86.4	-0.567712435	1000000.0	7
20170124_164813	86.0	-0.556859555	1000000.0	7
20170124_164823	86.2	-0.556220218	1000000.0	7
20170124_164833	86.2	-0.562173278	1000000.0	7
20170124_164843	86.4	-0.541384104	1000000.0	7
20170124_164853	86.4	-0.538467087	1000000.0	7
20170124_164903	86.6	-0.538108847	1000000.0	7
20170124_164913	86.6	-0.601059719	1000000.0	7
20170124_164923	86.6	-0.546487503	1000000.0	7
20170124_164933	86.6	-0.533977819	1000000.0	7
20170124_164943	86.6	-0.533989774	1000000.0	7
20170124_164953	86.6	-0.534065368	1000000.0	7
20170124_165003	86.7	-0.531192399	1000000.0	7
20170124_165013	86.7	-0.529945936	1000000.0	7
20170124_165023	86.7	-0.540632734	1000000.0	7
20170124_165033	86.9	-0.536535495	1000000.0	7
20170124_165043	86.9	-0.534343951	1000000.0	7
20170124_165053	87.3	-0.534466316	1000000.0	7
20170124_165103	86.7	-0.532862125	1000000.0	7
20170124_165113	86.9	-0.541019675	1000000.0	7
20170124_165123	86.9	-0.537507852	1000000.0	7
20170124_165133	86.9	-0.536110871	1000000.0	7
20170124_165143	87.1	-0.537113686	1000000.0	7
20170124_165153	88.3	-0.532820776	1000000.0	7
20170124_165203	87.5	-0.532364402	1000000.0	7
20170124_165213	87.5	-0.530448756	1000000.0	7
20170124_165223	87.5	-0.529628828	1000000.0	7
20170124_165233	87.3	-0.534223075	1000000.0	7
20170124_165243	87.1	-0.548829117	1000000.0	7
20170124_165253	87.5	-0.550534849	1000000.0	7
20170124_165303	87.1	-0.528137571	1000000.0	7
20170124_165313	87.3	-0.527158196	1000000.0	7
20170124_165323	87.3	-0.525378955	1000000.0	7
20170124_165333	87.9	-0.530728271	1000000.0	7
20170124_165343	87.5	-0.529075407	1000000.0	7
20170124_165353	87.5	-0.52619858	1000000.0	7
20170124_165403	87.5	-0.526367433	1000000.0	7
20170124_165413	87.3	-0.530733887	1000000.0	7
20170124_165423	87.3	-0.531004888	1000000.0	7
20170124_165433	87.5	-0.530627155	1000000.0	7
20170124_165443	87.5	-0.526546516	1000000.0	7
20170124_165453	87.7	-0.525846317	1000000.0	7
20170124_165503	87.1	-0.739616233	1000000.0	7
20170124_165513	87.5	-0.570489384	1000000.0	7
20170124_165523	86.4	-0.556764893	1000000.0	7
20170124_165533	86.2	-0.551973614	1000000.0	7
20170124_165543	86.6	-0.54957786	1000000.0	7
20170124_165553	85.4	-0.548269652	1000000.0	7
20170124_165603	85.4	-0.545989402	1000000.0	7
20170124_165613	85.4	-0.543809941	1000000.0	7
20170124_165623	86.0	-0.541566838	1000000.0	7
20170124_165633	86.0	-0.541273212	1000000.0	7
20170124_165643	86.0	-0.541679447	1000000.0	7
20170124_165653	85.8	-0.539491431	1000000.0	7
20170124_165703	86.0	-0.539178949	1000000.0	7
20170124_165713	86.0	-0.538767928	1000000.0	7
20170124_165723	86.0	-0.540272554	1000000.0	7
20170124_165733	86.0	-0.537117474	1000000.0	7
20170124_165743	86.0	-0.538737587	1000000.0	7
20170124_165753	86.2	-0.536798544	1000000.0	7
20170124_165803	86.2	-0.536742574	1000000.0	7
20170124_165813	86.4	-0.53585388	1000000.0	7
20170124_165823	86.2	-0.533424245	1000000.0	7
20170124_165833	86.4	-0.526810695	1000000.0	7
20170124_165843	86.4	-0.527513267	1000000.0	7
20170124_165853	86.6	-0.52582789	1000000.0	7
20170124_165903	86.6	-0.525591251	1000000.0	7
20170124_165913	86.6	-0.526744944	1000000.0	7
20170124_165923	86.7	-0.526036568	1000000.0	7
20170124_165933	86.6	-0.525788736	1000000.0	7
20170124_165943	86.6	-0.525249341	1000000.0	7
20170124_165953	86.7	-0.524041706	1000000.0	7
20170124_170004	86.7	-0.524371011	1000000.0	7
20170124_170013	86.9	-0.523884355	1000000.0	7
20170124_170023	87.1	-0.52386854	1000000.0	7
20170124_170033	86.9	-0.526377626	1000000.0	7
20170124_170043	86.9	-0.527573489	1000000.0	7
20170124_170053	86.9	-0.526498217	1000000.0	7
20170124_170103	86.9	-0.526343103	1000000.0	7
20170124_170113	87.3	-0.524664638	1000000.0	7
20170124_170123	87.3	-0.526997812	1000000.0	7
20170124_170133	87.1	-0.527472495	1000000.0	7
20170124_170143	87.3	-0.525827124	1000000.0	7
20170124_170153	87.1	-0.526145248	1000000.0	7
20170124_170203	87.3	-0.524711	1000000.0	7
20170124_170213	87.1	-0.526247688	1000000.0	7
20170124_170223	87.1	-0.525911101	1000000.0	7
20170124_170233	87.1	-0.525525017	1000000.0	7
20170124_170243	87.1	-0.526631041	1000000.0	7
20170124_170253	87.5	-0.530580366	1000000.0	7
20170124_170303	87.5	-0.62519129	1000000.0	7
20170124_170313	87.5	-0.569864689	1000000.0	7
20170124_170323	87.5	-0.558291918	1000000.0	7
20170124_170333	87.3	-0.553963886	1000000.0	7
20170124_170343	87.1	-0.550192798	1000000.0	7
20170124_170353	86.9	-0.574687884	1000000.0	7
20170124_170403	87.1	-0.558589167	1000000.0	7
20170124_170413	87.1	-0.554497226	1000000.0	7
20170124_170423	87.3	-0.547373665	1000000.0	7
20170124_170433	87.3	-0.54036257	1000000.0	7
20170124_170443	86.9	-0.538356568	1000000.0	7
20170124_170453	86.4	-0.538441263	1000000.0	7
20170124_170503	86.4	-0.539184619	1000000.0	7
20170124_170513	86.4	-0.538545517	1000000.0	7
20170124_170523	86.4	-0.537783922	1000000.0	7
20170124_170533	86.4	-0.536557308	1000000.0	7
20170124_170543	86.6	-0.53804382	1000000.0	7
20170124_170553	86.4	-0.540032713	1000000.0	7
20170124_170603	86.4	-0.534474203	1000000.0	7
20170124_170613	86.7	-0.529780123	1000000.0	7
20170124_170623	86.2	-0.528548043	1000000.0	7
20170124_170633	86.7	-0.52821124	1000000.0	7
20170124_170643	87.1	-0.527549761	1000000.0	7
20170124_170653	86.9	-0.528519734	1000000.0	7
20170124_170703	87.1	-0.528099023	1000000.0	7
20170124_170713	86.9	-0.529231467	1000000.0	7
20170124_170723	86.9	-0.529044217	1000000.0	7
20170124_170733	86.4	-0.527580594	1000000.0	7
20170124_170743	87.1	-0.526973	1000000.0	7
20170124_170753	86.6	-0.527567478	1000000.0	7
20170124_170803	86.7	-0.569942594	1000000.0	7
20170124_170813	86.2	-0.567812135	1000000.0	7
20170124_170823	86.6	-0.565454295	1000000.0	7
20170124_170833	86.4	-0.558368323	1000000.0	7
20170124_170843	86.4	-0.559047511	1000000.0	7
20170124_170853	86.4	-0.556063328	1000000.0	7
20170124_170903	86.4	-0.550683664	1000000.0	7
20170124_170913	86.6	-0.545431915	1000000.0	7
20170124_170923	86.7	-0.53901721	1000000.0	7
20170124_170933	86.6	-0.534358676	1000000.0	7
20170124_170943	86.9	-0.528509254	1000000.0	7
20170124_170953	86.6	-0.524493023	1000000.0	7
20170124_171003	86.7	-0.525615508	1000000.0	7
20170124_171013	86.7	-0.524507585	1000000.0	7
20170124_171023	86.7	-0.522424535	1000000.0	7
20170124_171033	86.9	-0.524755158	1000000.0	7
20170124_171043	86.9	-0.523547986	1000000.0	7
20170124_171053	87.1	-0.525365479	1000000.0	7
20170124_171103	86.7	-0.52431732	1000000.0	7
20170124_171113	86.9	-0.52376726	1000000.0	7
20170124_171123	86.9	-0.523489262	1000000.0	7
20170124_171133	87.1	-0.521866871	1000000.0	7
20170124_171143	86.9	-0.522493275	1000000.0	7
20170124_171153	87.1	-0.522042331	1000000.0	7
20170124_171203	86.9	-0.521479272	1000000.0	7
20170124_171213	87.1	-0.649707034	1000000.0	7
20170124_171223	87.1	-0.64823618	1000000.0	7
20170124_171233	86.7	-0.641803287	1000000.0	7
20170124_171243	86.7	-0.637260342	1000000.0	7
20170124_171253	87.1	-0.630666972	1000000.0	7
20170124_171303	86.7	-0.624112603	1000000.0	7
20170124_171313	86.9	-0.62010208	1000000.0	7
20170124_171323	86.7	-0.618422128	1000000.0	7
20170124_171333	86.2	-0.613670234	1000000.0	7
20170124_171343	86.4	-0.607055197	1000000.0	7
20170124_171353	86.6	-0.601014222	1000000.0	7
20170124_171403	86.4	-0.596560599	1000000.0	7
20170124_171413	86.0	-0.591825588	1000000.0	7
20170124_171423	86.2	-0.584751942	1000000.0	7
20170124_171433	86.4	-0.578903073	1000000.0	7
20170124_171443	86.6	-0.575603228	1000000.0	7
20170124_171453	86.7	-0.568993984	1000000.0	7
20170124_171503	86.9	-0.566240241	1000000.0	7
20170124_171513	87.1	-0.565067486	1000000.0	7
20170124_171523	86.9	-0.529968124	1000000.0	7
20170124_171533	86.9	-0.525758749	1000000.0	7
20170124_171543	86.9	-0.647388439	1000000.0	7
20170124_171553	86.7	-0.580018046	1000000.0	7
20170124_171603	86.9	-0.568504112	1000000.0	7
20170124_171613	86.9	-0.562550054	1000000.0	7
20170124_171623	87.1	-0.559407226	1000000.0	7
20170124_171633	87.1	-0.555214553	1000000.0	7
20170124_171643	87.3	-0.550752847	1000000.0	7
20170124_171653	86.9	-0.549106799	1000000.0	7
20170124_171703	87.3	-0.548348106	1000000.0	7
20170124_171713	87.1	-0.545012308	1000000.0	7
20170124_171723	87.3	-0.546971518	1000000.0	7
20170124_171733	87.1	-0.54802799	1000000.0	7
20170124_171743	87.5	-0.549193616	1000000.0	7
20170124_171753	87.1	-0.55039839	1000000.0	7
20170124_171803	87.3	-0.547588274	1000000.0	7
20170124_171813	87.3	-0.545469774	1000000.0	7
20170124_171823	87.7	-0.543698403	1000000.0	7
20170124_171833	87.7	-0.545077436	1000000.0	7
20170124_171843	87.5	-0.539270491	1000000.0	7
20170124_171853	87.5	-0.538367613	1000000.0	7
20170124_171903	87.5	-0.53783546	1000000.0	7
20170124_171913	87.7	-0.536658821	1000000.0	7
20170124_171923	87.5	-0.534588608	1000000.0	7
20170124_171933	87.3	-0.535493632	1000000.0	7
20170124_171943	87.5	-0.53523114	1000000.0	7
20170124_171953	87.5	-0.533319887	1000000.0	7
20170124_172003	87.5	-0.5339949	1000000.0	7
20170124_172013	87.5	-0.534853987	1000000.0	7
20170124_172023	87.5	-0.532404511	1000000.0	7
20170124_172033	87.5	-0.530075039	1000000.0	7
20170124_172043	87.3	-0.522958627	1000000.0	7
20170124_172053	87.3	-0.523338786	1000000.0	7
20170124_172103	87.3	-0.519512046	1000000.0	7
20170124_172113	87.7	-0.519393646	1000000.0	7
20170124_172123	87.3	-0.521249069	1000000.0	7
20170124_172133	87.5	-0.523308807	1000000.0	7
20170124_172143	87.5	-0.521052655	1000000.0	7
20170124_172153	87.5	-0.520910354	1000000.0	7
20170124_172203	87.5	-0.52157474	1000000.0	7
20170124_172213	87.3	-0.523798572	1000000.0	7
20170124_172223	87.3	-0.522647719	1000000.0	7
20170124_172233	87.3	-0.522016476	1000000.0	7
20170124_172243	87.5	-0.522909152	1000000.0	7
20170124_172253	87.5	-0.519324059	1000000.0	7
20170124_172303	87.3	-0.52088209	1000000.0	7
20170124_172313	87.7	-0.522866175	1000000.0	7
20170124_172323	86.6	-0.525827832	1000000.0	7
20170124_172333	86.7	-0.53689368	1000000.0	7
20170124_172343	86.6	-0.534298568	1000000.0	7
20170124_172353	87.7	-0.535666742	1000000.0	7
20170124_172403	87.5	-0.533836679	1000000.0	7
20170124_172413	86.9	-0.537047991	1000000.0	7
20170124_172423	86.7	-0.533994583	1000000.0	7
20170124_172433	86.7	-0.531907747	1000000.0	7
20170124_172443	86.6	-0.532863089	1000000.0	7
20170124_172453	86.9	-0.533887192	1000000.0	7
20170124_172503	86.9	-0.536472954	1000000.0	7
20170124_172513	86.7	-0.531812036	1000000.0	7
20170124_172523	86.6	-0.530331785	1000000.0	7
20170124_172533	86.2	-0.527699122	1000000.0	7
20170124_172543	86.4	-0.528403633	1000000.0	7
20170124_172553	86.4	-0.525863315	1000000.0	7
20170124_172603	86.6	-0.52504358	1000000.0	7
20170124_172613	86.6	-0.615650344	1000000.0	7
20170124_172623	86.7	-0.573351253	1000000.0	7
20170124_172633	86.6	-0.563933602	1000000.0	7
20170124_172643	86.9	-0.55896756	1000000.0	7
20170124_172653	86.9	-0.556053751	1000000.0	7
20170124_172703	87.1	-0.554328005	1000000.0	7
20170124_172713	87.1	-0.551982969	1000000.0	7
20170124_172723	86.9	-0.547171837	1000000.0	7
20170124_172733	86.9	-0.54696471	1000000.0	7
20170124_172743	86.9	-0.544381583	1000000.0	7
20170124_172753	86.6	-0.543638821	1000000.0	7
20170124_172803	87.3	-0.544786742	1000000.0	7
20170124_172813	87.7	-0.542132258	1000000.0	7
20170124_172823	86.7	-0.538806446	1000000.0	7
20170124_172833	87.5	-0.539927312	1000000.0	7
20170124_172843	87.9	-0.541680762	1000000.0	7
20170124_172853	87.7	-0.539574534	1000000.0	7
20170124_172903	87.5	-0.538302168	1000000.0	7
20170124_172913	87.3	-0.539224037	1000000.0	7
20170124_172923	86.9	-0.536285714	1000000.0	7
20170124_172933	86.9	-0.535622382	1000000.0	7
20170124_172943	87.1	-0.531717433	1000000.0	7
20170124_172953	86.9	-0.529700859	1000000.0	7
20170124_173003	87.1	-0.52807477	1000000.0	7
20170124_173013	87.1	-0.530976688	1000000.0	7
20170124_173023	87.5	-0.530513506	1000000.0	7
20170124_173033	87.5	-0.527604116	1000000.0	7
20170124_173043	87.3	-0.526799148	1000000.0	7
20170124_173053	87.3	-0.52651813	1000000.0	7
20170124_173103	87.3	-0.528330567	1000000.0	7
20170124_173113	87.3	-0.524344697	1000000.0	7
20170124_173123	87.5	-0.528924936	1000000.0	7
20170124_173133	87.5	-0.526164131	1000000.0	7
20170124_173143	87.1	-0.529332879	1000000.0	7
20170124_173153	87.3	-0.537180894	1000000.0	7
20170124_173203	87.5	-0.530130975	1000000.0	7
20170124_173213	87.5	-0.529322264	1000000.0	7
20170124_173223	87.5	-0.529807425	1000000.0	7
20170124_173233	87.5	-0.526259165	1000000.0	7
20170124_173243	87.5	-0.527708521	1000000.0	7
20170124_173253	87.3	-0.532052403	1000000.0	7
20170124_173303	87.7	-0.545058986	1000000.0	7
20170124_173313	87.7	-0.54385124	1000000.0	7
20170124_173323	87.5	-0.545147715	1000000.0	7
20170124_173333	87.5	-0.545706986	1000000.0	7
20170124_173343	86.6	-0.527637673	1000000.0	7
20170124_173353	86.4	-0.523421788	1000000.0	7
20170124_173403	86.6	-0.529099924	1000000.0	7
20170124_173413	86.4	-0.61208251	1000000.0	7
20170124_173423	86.4	-0.572765015	1000000.0	7
20170124_173433	86.6	-0.595760438	1000000.0	7
20170124_173443	86.7	-0.595936015	1000000.0	7
20170124_173453	86.7	-0.575180899	1000000.0	7
20170124_173503	86.9	-0.567741954	1000000.0	7
20170124_173513	86.7	-0.562397513	1000000.0	7
20170124_173523	86.6	-0.56069251	1000000.0	7
20170124_173533	86.6	-0.553654831	1000000.0	7
20170124_173543	86.7	-0.549504748	1000000.0	7
20170124_173553	86.9	-0.548640806	1000000.0	7
20170124_173603	87.1	-0.551782758	1000000.0	7
20170124_173613	86.7	-0.547601037	1000000.0	7
20170124_173623	86.9	-0.546436602	1000000.0	7
20170124_173633	86.9	-0.54318389	1000000.0	7
20170124_173643	86.9	-0.540141628	1000000.0	7
20170124_173653	87.3	-0.539439664	1000000.0	7
20170124_173703	87.3	-0.540999696	1000000.0	7
20170124_173713	87.1	-0.542564042	1000000.0	7
20170124_173723	87.1	-0.542898214	1000000.0	7
20170124_173733	86.9	-0.541652167	1000000.0	7
20170124_173743	86.7	-0.537936434	1000000.0	7
20170124_173753	87.3	-0.531907317	1000000.0	7
20170124_173803	87.3	-0.539451201	1000000.0	7
20170124_173813	86.7	-0.530572032	1000000.0	7
20170124_173823	86.9	-0.532348421	1000000.0	7
20170124_173833	86.9	-0.535939123	1000000.0	7
20170124_173843	86.9	-0.534012749	1000000.0	7
20170124_173853	86.9	-0.53392996	1000000.0	7
20170124_173903	87.1	-0.529770731	1000000.0	7
20170124_173913	87.1	-0.524506525	1000000.0	7
20170124_173923	87.3	-0.540037466	1000000.0	7
20170124_173933	87.3	-0.548413792	1000000.0	7
20170124_173943	86.9	-0.541813893	1000000.0	7
20170124_173953	87.5	-0.537962727	1000000.0	7
20170124_174003	87.5	-0.524729642	1000000.0	7
20170124_174013	87.3	-0.527264111	1000000.0	7
20170124_174023	87.3	-0.530906236	1000000.0	7
20170124_174033	87.7	-0.528418598	1000000.0	7
20170124_174043	87.7	-0.52701221	1000000.0	7
20170124_174053	87.1	-0.530372787	1000000.0	7
20170124_174103	87.1	-0.527680072	1000000.0	7
20170124_174113	87.5	-0.525356932	1000000.0	7
20170124_174123	87.3	-0.528380098	1000000.0	7
20170124_174133	87.3	-0.528922164	1000000.0	7
20170124_174143	86.9	-0.529833325	1000000.0	7
20170124_174153	86.9	-0.52734637	1000000.0	7
20170124_174203	86.9	-0.52663568	1000000.0	7
20170124_174213	87.1	-0.528211701	1000000.0	7
20170124_174223	86.9	-0.524628592	1000000.0	7
20170124_174233	87.3	-0.524344089	1000000.0	7
20170124_174243	86.7	-0.520900578	1000000.0	7
20170124_174253	86.2	-0.516653159	1000000.0	7
20170124_174303	86.0	-0.52340966	1000000.0	7
20170124_174313	86.0	-0.526068197	1000000.0	7
20170124_174323	86.0	-0.521412455	1000000.0	7
20170124_174333	86.2	-0.526575862	1000000.0	7
20170124_174343	86.4	-0.52971238	1000000.0	7
20170124_174353	86.4	-0.5411716	1000000.0	7
20170124_174403	86.4	-0.532044513	1000000.0	7
20170124_174413	86.4	-0.525421303	1000000.0	7
20170124_174423	86.6	-0.52647248	1000000.0	7
20170124_174433	86.4	-0.522022381	1000000.0	7
20170124_174443	86.6	-0.526157464	1000000.0	7
20170124_174453	86.6	-0.513231755	1000000.0	7
20170124_174503	86.6	-0.517490738	1000000.0	7
20170124_174513	87.1	-0.515506065	1000000.0	7
20170124_174523	87.1	-0.511442466	1000000.0	7
20170124_174533	86.7	-0.513581487	1000000.0	7
20170124_174543	86.9	-0.513994816	1000000.0	7
20170124_174553	87.1	-0.514600562	1000000.0	7
20170124_174603	86.7	-0.515459719	1000000.0	7
20170124_174613	87.1	-0.514673716	1000000.0	7
20170124_174623	87.1	-0.515431862	1000000.0	7
20170124_174633	86.9	-0.51467585	1000000.0	7
20170124_174643	86.9	-0.527772367	1000000.0	7
20170124_174653	87.1	-0.51889761	1000000.0	7
20170124_174703	87.1	-0.60435026	1000000.0	7
20170124_174713	87.3	-0.573516082	1000000.0	7
20170124_174723	87.1	-0.562436084	1000000.0	7
20170124_174733	87.5	-0.556202511	1000000.0	7
20170124_174743	87.1	-0.551691834	1000000.0	7
20170124_174753	86.7	-0.548309353	1000000.0	7
20170124_174803	86.4	-0.548922997	1000000.0	7
20170124_174813	86.4	-0.54643557	1000000.0	7
20170124_174823	86.6	-0.537953224	1000000.0	7
20170124_174833	86.6	-0.541966705	1000000.0	7
20170124_174843	86.6	-0.539812855	1000000.0	7
20170124_174853	86.6	-0.538055087	1000000.0	7
20170124_174903	86.6	-0.538750605	1000000.0	7
20170124_174913	86.4	-0.557610127	1000000.0	7
20170124_174923	86.7	-0.534873595	1000000.0	7
20170124_174933	86.4	-0.536163928	1000000.0	7
20170124_174943	86.7	-0.533947141	1000000.0	7
20170124_174953	86.6	-0.54029875	1000000.0	7
20170124_175003	86.7	-0.538193858	1000000.0	7
20170124_175013	86.6	-0.538816301	1000000.0	7
20170124_175023	86.7	-0.532281407	1000000.0	7
20170124_175033	86.9	-0.537060592	1000000.0	7
20170124_175043	86.7	-0.531971877	1000000.0	7
20170124_175053	86.9	-0.531728296	1000000.0	7
20170124_175103	86.9	-0.530563427	1000000.0	7
20170124_175113	86.9	-0.529095872	1000000.0	7
20170124_175123	86.9	-0.531745738	1000000.0	7
20170124_175133	86.7	-0.529564832	1000000.0	7
20170124_175143	86.9	-0.532025554	1000000.0	7
20170124_175153	86.9	-0.571807972	1000000.0	7
20170124_175203	86.7	-0.559694852	1000000.0	7
20170124_175213	86.7	-0.552172919	1000000.0	7
20170124_175223	86.6	-0.547742753	1000000.0	7
20170124_175233	86.7	-0.543629855	1000000.0	7
20170124_175243	86.9	-0.543011493	1000000.0	7
20170124_175253	86.7	-0.535366607	1000000.0	7
20170124_175303	86.7	-0.533994265	1000000.0	7
20170124_175313	86.9	-0.526245482	1000000.0	7
20170124_175323	86.7	-0.523467259	1000000.0	7
20170124_175333	86.7	-0.52491676	1000000.0	7
20170124_175343	86.9	-0.524688348	1000000.0	7
20170124_175353	86.9	-0.523084897	1000000.0	7
20170124_175403	87.1	-0.526692932	1000000.0	7
20170124_175413	86.9	-0.525103499	1000000.0	7
20170124_175423	87.1	-0.570583011	1000000.0	7
20170124_175433	86.7	-0.578709655	1000000.0	7
20170124_175443	86.9	-0.576630688	1000000.0	7
20170124_175453	87.1	-0.578543515	1000000.0	7
20170124_175503	86.9	-0.576101972	1000000.0	7
20170124_175513	86.9	-0.569977274	1000000.0	7
20170124_175523	86.9	-0.564271985	1000000.0	7
20170124_175533	87.1	-0.562845698	1000000.0	7
20170124_175543	86.9	-0.560433509	1000000.0	7
20170124_175553	87.9	-0.56520976	1000000.0	7
20170124_175603	87.5	-0.560750908	1000000.0	7
20170124_175613	87.5	-0.561414358	1000000.0	7
20170124_175623	86.2	-0.557443045	1000000.0	7
20170124_175633	86.4	-0.555838986	1000000.0	7
