20170220_182335	22.8	-0.000204138354	1000000.0	7
20170220_182345	22.6	0.000288330683	1000000.0	7
20170220_182355	22.8	-0.0120103069	1000000.0	7
20170220_182405	22.6	-0.00466638556	1000000.0	7
20170220_182415	22.6	-0.00778156707	1000000.0	7
20170220_182424	22.6	-1.23954444	1000000.0	7
20170220_182434	22.6	-1.06627661	1000000.0	7
20170220_184905	21.9	-6.03373269e-05	1000000.0	7
20170220_184915	21.9	9.68594518e-05	1000000.0	7
20170220_184925	21.9	-0.000307860195	1000000.0	7
20170220_184935	21.9	-0.000834962283	1000000.0	7
20170220_184945	21.9	-0.000136863606	1000000.0	7
20170220_184955	21.9	-0.000396482905	1000000.0	7
20170220_185005	21.9	-0.000475718613	1000000.0	7
20170220_185015	21.9	-0.000436125993	1000000.0	7
20170220_185025	21.9	-0.000365892526	1000000.0	7
20170220_185035	21.9	-0.000391489032	1000000.0	7
20170220_185045	21.9	-0.000312324185	1000000.0	7
20170220_185055	21.7	-0.000262869237	1000000.0	7
20170220_185105	21.9	-0.000194274859	1000000.0	7
20170220_185115	21.9	-0.000595933889	1000000.0	7
20170220_185125	21.9	-0.000225624097	1000000.0	7
20170220_185135	21.9	-0.000357773914	1000000.0	7
20170220_185145	21.9	-0.000311672273	1000000.0	7
20170220_185155	21.9	-0.000346926397	1000000.0	7
20170220_185205	21.9	-0.000287201912	1000000.0	7
20170220_185215	21.9	-0.000330361888	1000000.0	7
20170220_185225	21.9	-0.000329728143	1000000.0	7
20170220_185235	21.7	-0.000241969484	1000000.0	7
20170220_185245	21.9	-0.000372289728	1000000.0	7
20170220_185255	21.7	-0.00036735788	1000000.0	7
20170220_185305	21.9	-0.000300147892	1000000.0	7
20170220_185315	21.9	-0.000315540884	1000000.0	7
20170220_185325	22.1	-0.000279954791	1000000.0	7
20170220_185335	22.5	-0.000332040032	1000000.0	7
20170220_185345	22.8	-0.000420582452	1000000.0	7
20170220_185355	23.6	-0.000291206273	1000000.0	7
20170220_185405	24.4	-0.000428477692	1000000.0	7
20170220_185415	25.0	-0.000291888497	1000000.0	7
20170220_185425	25.7	-0.000293076767	1000000.0	7
20170220_185435	26.3	-0.000352491	1000000.0	7
20170220_185445	26.9	-0.000279294476	1000000.0	7
20170220_185455	27.6	-0.000394180406	1000000.0	7
20170220_185505	28.4	-0.000346994192	1000000.0	7
20170220_185515	29.0	-0.000295161971	1000000.0	7
20170220_185525	29.8	-0.000445178453	1000000.0	7
20170220_185535	30.1	-0.000366177069	1000000.0	7
20170220_185545	30.5	-0.000371251136	1000000.0	7
20170220_185555	31.3	-0.000380496571	1000000.0	7
20170220_185605	32.1	-0.000330210143	1000000.0	7
20170220_185615	32.6	-0.000440399423	1000000.0	7
20170220_185625	33.4	-0.000372339831	1000000.0	7
20170220_185635	34.2	-0.000365145471	1000000.0	7
20170220_185645	35.0	-0.000414047643	1000000.0	7
20170220_185655	35.7	-0.000323385616	1000000.0	7
20170220_185705	36.3	-0.000327659956	1000000.0	7
20170220_185715	36.9	-0.000346681636	1000000.0	7
20170220_185725	37.6	-0.000420984764	1000000.0	7
20170220_185735	38.2	-0.00047665225	1000000.0	7
20170220_185745	38.8	-0.000434183506	1000000.0	7
20170220_185755	39.6	-0.000339433051	1000000.0	7
20170220_185805	40.1	-0.000340420929	1000000.0	7
20170220_185815	40.9	-0.000351214362	1000000.0	7
20170220_185825	41.3	-0.000470457898	1000000.0	7
20170220_185835	42.0	-0.000487355596	1000000.0	7
20170220_185845	42.6	-0.000408021453	1000000.0	7
20170220_185855	43.0	-0.000429079789	1000000.0	7
20170220_185905	43.3	-0.000383476877	1000000.0	7
20170220_185915	44.3	-0.000503805063	1000000.0	7
20170220_185925	44.9	-0.000493494088	1000000.0	7
20170220_185935	45.2	-0.00046099532	1000000.0	7
20170220_185945	46.2	-0.000367464271	1000000.0	7
20170220_185955	46.6	-0.000472111575	1000000.0	7
20170220_190005	47.5	-0.000514600264	1000000.0	7
20170220_190015	47.9	-0.000506757491	1000000.0	7
20170220_190025	48.4	-0.000504008788	1000000.0	7
20170220_190035	49.0	-0.000394371327	1000000.0	7
20170220_190045	49.4	-0.000458571665	1000000.0	7
20170220_190055	50.3	-0.000379943782	1000000.0	7
20170220_190105	50.5	-0.00037842895	1000000.0	7
20170220_190115	50.9	-0.000494558976	1000000.0	7
20170220_190125	52.0	-0.000373851163	1000000.0	7
20170220_190135	52.0	-0.000375748326	1000000.0	7
20170220_190145	52.4	-0.000514889919	1000000.0	7
20170220_190155	53.5	-0.00037560083	1000000.0	7
20170220_190205	53.7	-0.000386505095	1000000.0	7
20170220_190215	53.9	-0.000392648425	1000000.0	7
20170220_190225	54.7	-0.000463667308	1000000.0	7
20170220_190235	55.8	-0.000400021664	1000000.0	7
20170220_190245	56.4	-0.000501405935	1000000.0	7
20170220_190255	56.4	-0.000438216147	1000000.0	7
20170220_190305	56.0	-0.000482705932	1000000.0	7
20170220_190315	56.2	-0.000468204808	1000000.0	7
20170220_190325	56.9	-0.000470844385	1000000.0	7
20170220_190335	56.9	-0.000509014944	1000000.0	7
20170220_190345	57.3	-0.000402040846	1000000.0	7
20170220_190355	57.7	-0.000457324769	1000000.0	7
20170220_190405	58.4	-0.000456985209	1000000.0	7
20170220_190415	58.4	-0.000500386225	1000000.0	7
20170220_190425	59.0	-0.000496303036	1000000.0	7
20170220_190435	59.4	-0.00042895973	1000000.0	7
20170220_190445	60.0	-0.000411918192	1000000.0	7
20170220_190455	60.1	-0.000488243375	1000000.0	7
20170220_190505	60.3	-0.000405847443	1000000.0	7
20170220_190515	60.9	-0.000513739281	1000000.0	7
20170220_190525	61.3	-0.000475660441	1000000.0	7
20170220_190535	61.6	-0.000494178598	1000000.0	7
20170220_190545	62.2	-0.000389767974	1000000.0	7
20170220_190555	63.0	-0.000439023537	1000000.0	7
20170220_190605	63.2	-0.000420570861	1000000.0	7
20170220_190615	63.7	-0.000509953635	1000000.0	7
20170220_190624	63.3	-0.000405000992	1000000.0	7
20170220_190634	64.3	-0.000451955716	1000000.0	7
20170220_190644	64.7	-0.000469720956	1000000.0	7
20170220_190654	64.9	-0.000375083205	1000000.0	7
20170220_190704	64.9	-0.00045867114	1000000.0	7
20170220_190714	65.2	-0.0003816451	1000000.0	7
20170220_190724	65.6	-0.0004913389	1000000.0	7
20170220_190734	66.0	-0.000460094517	1000000.0	7
20170220_190744	66.2	-0.000506406681	1000000.0	7
20170220_190754	66.6	-0.00048122442	1000000.0	7
20170220_190804	67.1	-0.000424832686	1000000.0	7
20170220_190814	67.1	-0.000378238416	1000000.0	7
20170220_190825	67.5	-0.000438854656	1000000.0	7
20170220_190834	67.7	-0.00043998084	1000000.0	7
20170220_190845	67.9	-0.00050271287	1000000.0	7
20170220_190854	68.3	-0.000504271535	1000000.0	7
20170220_190904	68.4	-0.000482386295	1000000.0	7
20170220_190914	68.8	-0.000397741023	1000000.0	7
20170220_190924	69.2	-0.00037218995	1000000.0	7
20170220_190934	69.2	-0.000470158205	1000000.0	7
20170220_190944	69.4	-0.000364274661	1000000.0	7
20170220_190954	69.6	-0.000376586602	1000000.0	7
20170220_191004	70.1	-0.000504046612	1000000.0	7
20170220_191014	70.3	-0.000432870729	1000000.0	7
20170220_191024	70.3	-0.000363336727	1000000.0	7
20170220_191034	70.5	-0.000365945097	1000000.0	7
20170220_191044	71.1	-0.000362631764	1000000.0	7
20170220_191054	71.3	-0.000465622128	1000000.0	7
20170220_191104	71.5	-0.000480747085	1000000.0	7
20170220_191114	71.8	-0.000363307412	1000000.0	7
20170220_191125	72.2	-0.000358920868	1000000.0	7
20170220_191134	72.2	-0.00046875711	1000000.0	7
20170220_191144	72.4	-0.000269365143	1000000.0	7
20170220_191154	72.8	-0.00046381697	1000000.0	7
20170220_191204	73.0	-0.000349306199	1000000.0	7
20170220_191214	73.2	-0.000485763271	1000000.0	7
20170220_191224	73.3	-0.000505568342	1000000.0	7
20170220_191234	73.5	-0.000437092375	1000000.0	7
20170220_191244	73.5	-0.000358118796	1000000.0	7
20170220_191254	73.9	-0.000441646893	1000000.0	7
20170220_191304	74.1	-0.000469581773	1000000.0	7
20170220_191314	74.3	-0.000345880555	1000000.0	7
20170220_191324	74.5	-0.00038437506	1000000.0	7
20170220_191334	74.5	-0.000348230531	1000000.0	7
20170220_191344	74.7	-0.000379474521	1000000.0	7
20170220_191354	75.0	-0.000422991579	1000000.0	7
20170220_191404	75.2	-0.000466742872	1000000.0	7
20170220_191414	75.4	-0.000331429345	1000000.0	7
20170220_191424	75.8	-0.000348939645	1000000.0	7
20170220_191434	76.0	-0.000357106899	1000000.0	7
20170220_191444	76.4	0.0005489515	1000000.0	7
20170220_191454	76.4	-0.000475508454	1000000.0	7
20170220_191504	76.4	-0.000362142861	1000000.0	7
20170220_191514	76.7	-0.000385587349	1000000.0	7
20170220_191524	76.7	-0.000392555682	1000000.0	7
20170220_191534	76.9	-0.000357414002	1000000.0	7
20170220_191544	77.3	-0.00037252166	1000000.0	7
20170220_191554	77.3	-0.000443116172	1000000.0	7
20170220_191604	77.3	-0.000463516623	1000000.0	7
20170220_191614	77.5	-0.000378023757	1000000.0	7
20170220_191624	78.1	-0.000464863384	1000000.0	7
20170220_191634	78.3	-0.000407665562	1000000.0	7
20170220_191644	77.7	-0.000345230995	1000000.0	7
20170220_191654	78.1	-0.000473573759	1000000.0	7
20170220_191704	78.1	-0.000477454353	1000000.0	7
20170220_191714	78.3	-0.000434417552	1000000.0	7
20170220_191724	78.4	-0.000454951171	1000000.0	7
20170220_191734	78.8	-0.00043007142	1000000.0	7
20170220_191744	79.0	-0.000461847596	1000000.0	7
20170220_191754	79.2	-0.000422259212	1000000.0	7
20170220_191805	79.0	-0.000416803058	1000000.0	7
20170220_191814	79.0	-0.000468734967	1000000.0	7
20170220_191824	79.0	-0.000419638194	1000000.0	7
20170220_191834	79.2	-0.000455283435	1000000.0	7
20170220_191844	79.4	-0.000469210014	1000000.0	7
20170220_191854	79.6	-0.000461988969	1000000.0	7
20170220_191904	79.8	-0.000347690214	1000000.0	7
20170220_191914	79.8	-0.000459426842	1000000.0	7
20170220_191924	80.0	-0.000392035242	1000000.0	7
20170220_191934	80.0	-0.00047351352	1000000.0	7
20170220_191944	80.0	-0.000349871996	1000000.0	7
20170220_191954	80.1	-0.000433768366	1000000.0	7
20170220_192004	80.1	-0.000470682858	1000000.0	7
20170220_192014	80.5	-0.000421122209	1000000.0	7
20170220_192024	80.3	-0.000410363762	1000000.0	7
20170220_192034	80.5	-0.000396828786	1000000.0	7
20170220_192044	80.5	-0.000401130862	1000000.0	7
20170220_192054	80.7	-0.000332318174	1000000.0	7
20170220_192104	80.7	-0.000380498116	1000000.0	7
20170220_192114	80.9	-0.000361231676	1000000.0	7
20170220_192124	80.9	-0.000313360581	1000000.0	7
20170220_192134	81.5	-0.000391078769	1000000.0	7
20170220_192144	81.3	-0.000451442367	1000000.0	7
20170220_192154	80.0	-0.000378998961	1000000.0	7
20170220_192204	80.1	-0.00034226168	1000000.0	7
20170220_192214	80.1	-0.000333745299	1000000.0	7
20170220_192224	80.0	-0.000320188009	1000000.0	7
20170220_192234	80.9	-0.000406349174	1000000.0	7
20170220_192244	80.0	-0.000359821835	1000000.0	7
20170220_192254	80.0	-0.000332018948	1000000.0	7
20170220_192304	80.0	-0.000433311411	1000000.0	7
20170220_192314	80.1	-0.000379080375	1000000.0	7
20170220_192325	80.5	-0.000470397412	1000000.0	7
20170220_192334	80.7	-0.000364199	1000000.0	7
20170220_192345	81.3	-0.000449433132	1000000.0	7
20170220_192354	81.3	-0.000459946165	1000000.0	7
20170220_192404	81.5	-0.000461188981	1000000.0	7
20170220_192414	81.5	-0.000441028786	1000000.0	7
20170220_192424	80.9	-0.000347399803	1000000.0	7
20170220_192434	81.3	-0.000389008483	1000000.0	7
20170220_192444	81.5	-0.000325756521	1000000.0	7
20170220_192454	81.5	-0.000334890239	1000000.0	7
20170220_192504	82.4	-0.000361943318	1000000.0	7
20170220_192514	81.6	-0.000342195788	1000000.0	7
20170220_192524	82.2	-0.000334285649	1000000.0	7
20170220_192534	81.6	-0.000433183726	1000000.0	7
20170220_192544	82.8	-0.000423134677	1000000.0	7
20170220_192554	82.2	-0.000438086421	1000000.0	7
20170220_192604	82.0	-0.000389108173	1000000.0	7
20170220_192615	81.8	-0.000351281412	1000000.0	7
20170220_192624	82.2	-0.000326791885	1000000.0	7
20170220_192634	82.2	-0.00033196074	1000000.0	7
20170220_192644	82.4	-0.00043422208	1000000.0	7
20170220_192654	82.6	-0.000347443869	1000000.0	7
20170220_192704	82.6	-0.000312081266	1000000.0	7
20170220_192714	82.8	-0.000318327058	1000000.0	7
20170220_192724	82.4	-0.000324645784	1000000.0	7
20170220_192734	82.6	-0.000376402435	1000000.0	7
20170220_192744	82.0	-0.000431984807	1000000.0	7
20170220_192755	82.6	-0.000432749777	1000000.0	7
20170220_192805	82.8	-0.000451558633	1000000.0	7
20170220_192814	83.2	-0.000442014269	1000000.0	7
20170220_192824	83.0	-0.000386225576	1000000.0	7
20170220_192834	82.6	-0.000445287079	1000000.0	7
20170220_192844	82.8	-0.000322071122	1000000.0	7
20170220_192854	83.2	-0.000323606408	1000000.0	7
20170220_192904	83.0	-0.000378166936	1000000.0	7
20170220_192914	82.8	-0.000870159631	1000000.0	7
20170220_192925	83.0	-0.000317321372	1000000.0	7
20170220_192934	83.0	-0.000347657204	1000000.0	7
20170220_192944	83.0	-0.000410930749	1000000.0	7
20170220_192955	83.3	-0.000315630468	1000000.0	7
20170220_193004	83.0	-0.000304489734	1000000.0	7
20170220_193014	83.2	-0.000298985727	1000000.0	7
20170220_193024	83.2	-0.000424156277	1000000.0	7
20170220_193034	83.2	-0.000447183759	1000000.0	7
20170220_193044	83.5	-0.000326114326	1000000.0	7
20170220_193054	83.7	-0.00031988181	1000000.0	7
20170220_193104	83.5	-0.000438526232	1000000.0	7
20170220_193114	83.7	-0.000321107033	1000000.0	7
20170220_193124	84.3	-0.000430320632	1000000.0	7
20170220_193134	84.1	-0.00042084619	1000000.0	7
20170220_193144	84.5	-0.000336819048	1000000.0	7
20170220_193154	84.5	-0.000424399305	1000000.0	7
20170220_193204	84.9	-0.000345265917	1000000.0	7
20170220_193214	84.7	-0.000372959732	1000000.0	7
20170220_193224	84.9	-0.000326618317	1000000.0	7
20170220_193234	84.9	-0.000437273309	1000000.0	7
20170220_193244	84.9	-0.000405417693	1000000.0	7
20170220_193254	85.0	-0.000320486793	1000000.0	7
20170220_193304	85.0	-0.00041010455	1000000.0	7
20170220_193314	85.0	-0.000339101476	1000000.0	7
20170220_193324	85.0	-0.000377101301	1000000.0	7
20170220_193334	85.0	-0.000378161008	1000000.0	7
20170220_193344	85.2	-0.000358093148	1000000.0	7
20170220_193354	85.0	-0.000418403932	1000000.0	7
20170220_193404	85.4	-0.000423501788	1000000.0	7
20170220_193414	85.4	-0.000306665553	1000000.0	7
20170220_193424	85.6	-0.00032314884	1000000.0	7
20170220_193434	85.6	-0.000308299436	1000000.0	7
20170220_193444	85.8	-0.000315052334	1000000.0	7
20170220_193454	85.8	-0.000311030279	1000000.0	7
20170220_193504	85.8	-0.000293229284	1000000.0	7
20170220_193514	85.8	-0.000299115115	1000000.0	7
20170220_193524	86.0	-0.000429689148	1000000.0	7
20170220_193534	85.6	-0.000326442326	1000000.0	7
20170220_193544	85.4	-0.000378463251	1000000.0	7
20170220_193554	83.9	-0.000351197784	1000000.0	7
20170220_193604	84.7	-0.000303794614	1000000.0	7
20170220_193614	84.5	-0.000406747734	1000000.0	7
20170220_193624	84.9	-0.000363811355	1000000.0	7
20170220_193634	85.4	-0.000310248504	1000000.0	7
20170220_193644	85.2	-0.000320122981	1000000.0	7
20170220_193654	85.4	-0.000314607346	1000000.0	7
20170220_193704	85.4	-0.00031533608	1000000.0	7
20170220_193714	85.6	-0.000415047564	1000000.0	7
20170220_193724	85.6	-0.000431963103	1000000.0	7
20170220_193734	85.8	-0.000392820622	1000000.0	7
20170220_193744	86.0	-0.000374112853	1000000.0	7
20170220_193754	85.6	-0.000356396537	1000000.0	7
20170220_193804	85.2	-0.00029646771	1000000.0	7
20170220_193814	85.0	-0.000423493566	1000000.0	7
20170220_193824	85.4	-0.000298649357	1000000.0	7
20170220_193834	85.6	-0.000352522902	1000000.0	7
20170220_193844	85.6	-0.000388766719	1000000.0	7
20170220_193854	85.8	-0.000393141928	1000000.0	7
20170220_193904	86.0	-0.000356379842	1000000.0	7
20170220_193914	85.8	-0.000440547801	1000000.0	7
20170220_193924	86.0	-0.000391922766	1000000.0	7
20170220_193934	86.0	-0.000440680647	1000000.0	7
20170220_193944	86.9	-0.000360059369	1000000.0	7
20170220_193954	85.8	-0.000335242034	1000000.0	7
20170220_194004	86.6	-0.000322926796	1000000.0	7
20170220_194014	86.6	-0.000420151959	1000000.0	7
20170220_194024	86.2	-0.000422229641	1000000.0	7
20170220_194034	86.6	-0.000317663424	1000000.0	7
20170220_194044	86.9	-0.00043202799	1000000.0	7
20170220_194054	86.0	-0.000378149421	1000000.0	7
20170220_194104	86.4	0.0016424869	1000000.0	7
20170220_194114	86.6	-0.000302920159	1000000.0	7
20170220_194124	86.2	-0.00029004437	1000000.0	7
20170220_194134	86.4	-0.00038477642	1000000.0	7
20170220_194144	86.4	-0.000292082703	1000000.0	7
20170220_194154	86.4	-0.000427416649	1000000.0	7
20170220_194204	86.4	-0.000427560809	1000000.0	7
20170220_194214	86.6	-0.000313110606	1000000.0	7
20170220_194224	86.7	-0.000393874313	1000000.0	7
20170220_194234	86.9	-0.000279334392	1000000.0	7
20170220_194244	86.6	-0.000360021049	1000000.0	7
20170220_194254	86.6	-0.000426469419	1000000.0	7
20170220_194304	86.6	-0.000358012712	1000000.0	7
20170220_194314	86.7	-0.000351094168	1000000.0	7
20170220_194324	86.9	-0.00037527237	1000000.0	7
20170220_194334	86.9	-0.000354313196	1000000.0	7
20170220_194344	86.7	-0.00299999865	1000000.0	7
20170220_194354	86.9	-0.000423272854	1000000.0	7
20170220_194404	86.9	-0.000390435823	1000000.0	7
20170220_194414	86.9	-0.000398146533	1000000.0	7
20170220_194424	86.9	-0.000356089204	1000000.0	7
20170220_194434	86.9	-0.000291641088	1000000.0	7
20170220_194444	86.9	-0.000419362448	1000000.0	7
20170220_194454	87.1	-0.000425216274	1000000.0	7
20170220_194504	87.1	-0.000321226657	1000000.0	7
20170220_194514	87.1	-0.000302037437	1000000.0	7
20170220_194524	87.1	-0.000324598796	1000000.0	7
20170220_194534	87.3	-0.000299226825	1000000.0	7
20170220_194544	87.5	-0.000295020509	1000000.0	7
20170220_194554	87.3	-0.000306270803	1000000.0	7
20170220_194604	87.5	-0.000293059111	1000000.0	7
20170220_194614	87.5	-0.000419459876	1000000.0	7
20170220_194624	87.5	-0.000296870287	1000000.0	7
20170220_194634	87.5	-0.000298470905	1000000.0	7
20170220_194644	87.5	-0.000374460155	1000000.0	7
20170220_194654	87.3	-0.000317248347	1000000.0	7
20170220_194704	87.5	-0.000416715956	1000000.0	7
20170220_194714	87.7	-0.000366530472	1000000.0	7
20170220_194724	87.5	-0.000421710499	1000000.0	7
20170220_194734	87.7	-0.000340788875	1000000.0	7
20170220_194744	87.5	-0.000429048037	1000000.0	7
20170220_194754	87.7	-0.000416767841	1000000.0	7
20170220_194804	87.5	-0.000299114441	1000000.0	7
20170220_194814	87.5	-0.000297741238	1000000.0	7
20170220_194824	87.5	-0.000419467808	1000000.0	7
20170220_194834	87.5	-0.000408928057	1000000.0	7
20170220_194844	87.7	-0.000375235354	1000000.0	7
20170220_194854	87.3	-0.000329056008	1000000.0	7
20170220_194904	87.9	-0.000285909441	1000000.0	7
20170220_194914	87.3	-0.000332533376	1000000.0	7
20170220_194924	87.3	-0.00028734617	1000000.0	7
20170220_194934	87.3	-0.000416526701	1000000.0	7
20170220_194944	87.1	-0.000412204504	1000000.0	7
20170220_194954	87.5	-0.00036512948	1000000.0	7
20170220_195004	87.3	-0.000366027067	1000000.0	7
20170220_195014	87.3	-0.000297593309	1000000.0	7
20170220_195024	87.5	-0.000344681354	1000000.0	7
20170220_195034	87.5	-0.000414993554	1000000.0	7
20170220_195044	87.7	-0.000312908025	1000000.0	7
20170220_195054	86.9	-0.000426335777	1000000.0	7
20170220_195104	87.3	-0.000392415846	1000000.0	7
20170220_195114	87.3	-0.000421932478	1000000.0	7
20170220_195124	87.1	-0.000385692	1000000.0	7
20170220_195134	87.5	-0.000295408284	1000000.0	7
20170220_195144	87.5	-0.000291438647	1000000.0	7
20170220_195154	87.7	-0.000284441506	1000000.0	7
20170220_195204	87.5	-0.000287489544	1000000.0	7
20170220_195214	87.1	-0.0004055425	1000000.0	7
20170220_195224	87.5	-0.00042660891	1000000.0	7
20170220_195234	87.7	-0.000368114882	1000000.0	7
20170220_195244	87.5	-0.00040902034	1000000.0	7
20170220_195254	87.5	-0.000335815281	1000000.0	7
20170220_195304	87.9	-0.000389778626	1000000.0	7
20170220_195314	87.5	-0.000389009971	1000000.0	7
20170220_195324	87.5	-0.00037528937	1000000.0	7
20170220_195334	87.9	-0.000363356854	1000000.0	7
20170220_195344	87.5	-0.000300080021	1000000.0	7
20170220_195354	87.5	-0.000368185526	1000000.0	7
20170220_195404	87.7	-0.000364054667	1000000.0	7
20170220_195414	87.7	-0.000400677993	1000000.0	7
20170220_195424	87.5	-0.000408265955	1000000.0	7
20170220_195434	87.7	-0.000324310655	1000000.0	7
20170220_195444	87.3	-0.00028640413	1000000.0	7
20170220_195454	87.5	-0.000310142992	1000000.0	7
20170220_195504	87.5	-0.000401221821	1000000.0	7
20170220_195514	87.7	-0.000370301392	1000000.0	7
20170220_195524	87.5	-0.000321720081	1000000.0	7
20170220_195534	87.9	-0.000375833717	1000000.0	7
20170220_195544	88.1	-0.00038236264	1000000.0	7
20170220_195554	87.9	-0.000307303774	1000000.0	7
20170220_195604	88.1	-0.000284423787	1000000.0	7
20170220_195614	87.9	-0.000319862823	1000000.0	7
20170220_195624	88.1	-0.000364557835	1000000.0	7
20170220_195634	87.7	-0.000284196569	1000000.0	7
20170220_195644	88.1	-0.000281221665	1000000.0	7
20170220_195654	88.1	-0.000310220374	1000000.0	7
20170220_195704	87.9	-0.000290560086	1000000.0	7
20170220_195714	88.1	-0.000321794011	1000000.0	7
20170220_195724	88.1	-0.00036401629	1000000.0	7
20170220_195734	88.1	-0.00030414663	1000000.0	7
20170220_195744	88.1	-0.000289269498	1000000.0	7
20170220_195754	88.1	-0.000410913344	1000000.0	7
20170220_195804	88.3	-0.000359329604	1000000.0	7
20170220_195814	88.3	-0.000404566952	1000000.0	7
20170220_195824	88.3	-0.00037105705	1000000.0	7
20170220_195834	88.1	-0.000420340866	1000000.0	7
20170220_195844	88.1	-0.000310921732	1000000.0	7
20170220_195854	88.3	-0.000416969929	1000000.0	7
20170220_195904	88.1	-0.000341592488	1000000.0	7
20170220_195914	88.1	-0.000411719606	1000000.0	7
20170220_195924	88.4	-0.000391461689	1000000.0	7
20170220_195934	88.6	-0.000292592995	1000000.0	7
20170220_195944	88.3	-0.000311079582	1000000.0	7
20170220_195954	88.4	0.00160335988	1000000.0	7
20170220_200004	88.1	-0.000401142882	1000000.0	7
20170220_200014	88.6	-0.000373690795	1000000.0	7
20170220_200024	87.7	-0.000351076608	1000000.0	7
20170220_200034	88.6	-0.000412608733	1000000.0	7
20170220_200044	88.3	-0.000403440145	1000000.0	7
20170220_200054	88.6	-0.000418384585	1000000.0	7
20170220_200104	88.4	-0.000416582698	1000000.0	7
20170220_200114	88.3	-0.000290719192	1000000.0	7
20170220_200124	88.4	-0.000412189379	1000000.0	7
20170220_200134	88.4	-0.0003962496	1000000.0	7
20170220_200144	88.6	-0.000430182868	1000000.0	7
20170220_200154	88.3	-0.000353971043	1000000.0	7
20170220_200204	88.3	-0.000397771765	1000000.0	7
20170220_200214	88.1	-0.000388298089	1000000.0	7
20170220_200224	88.1	-0.000392340116	1000000.0	7
20170220_200234	88.1	-0.000298005079	1000000.0	7
20170220_200244	88.1	-0.00028979386	1000000.0	7
20170220_200254	88.1	-0.000418235813	1000000.0	7
20170220_200304	88.3	-0.000381644316	1000000.0	7
20170220_200314	88.4	-0.000333877661	1000000.0	7
20170220_200324	88.3	-0.000370354593	1000000.0	7
20170220_200334	88.6	-0.000403331691	1000000.0	7
20170220_200344	88.4	-0.000410940801	1000000.0	7
20170220_200354	88.6	-0.000331688353	1000000.0	7
20170220_200404	88.6	-0.000313983628	1000000.0	7
20170220_200414	88.8	-0.000357788872	1000000.0	7
20170220_200424	88.4	-0.000285711668	1000000.0	7
20170220_200434	88.8	-0.000391612373	1000000.0	7
20170220_200444	88.4	-0.00039876501	1000000.0	7
20170220_200454	88.8	-0.000398510677	1000000.0	7
20170220_200504	88.6	-0.000284412609	1000000.0	7
20170220_200514	88.8	-0.000369527245	1000000.0	7
20170220_200524	88.8	-0.000317331789	1000000.0	7
20170220_200534	88.8	-0.000319570458	1000000.0	7
20170220_200544	88.8	-0.000410138008	1000000.0	7
20170220_200554	88.8	-0.000372514491	1000000.0	7
20170220_200604	88.4	-0.000426733048	1000000.0	7
20170220_200614	88.6	-0.000423676393	1000000.0	7
20170220_200624	88.8	-0.000377996109	1000000.0	7
20170220_200634	88.8	-0.000340018172	1000000.0	7
20170220_200644	88.6	-0.000313819604	1000000.0	7
20170220_200654	88.8	-0.000292066915	1000000.0	7
20170220_200704	88.6	-0.000391119448	1000000.0	7
20170220_200714	88.8	-0.000415243574	1000000.0	7
20170220_200724	88.6	-0.000323450636	1000000.0	7
20170220_200734	88.4	-0.000305797979	1000000.0	7
20170220_200744	88.4	-0.00029999426	1000000.0	7
20170220_200754	88.8	-0.00042153698	1000000.0	7
20170220_200804	88.8	-0.000324545254	1000000.0	7
20170220_200814	88.6	-0.00042723966	1000000.0	7
20170220_200824	88.8	-0.0003753029	1000000.0	7
20170220_200834	88.8	-0.000374954836	1000000.0	7
20170220_200844	88.8	-0.000320500057	1000000.0	7
20170220_200854	89.0	-0.000412461482	1000000.0	7
20170220_200904	88.6	-0.000368860244	1000000.0	7
20170220_200914	88.8	-0.000409644385	1000000.0	7
20170220_200924	88.8	-0.000420351798	1000000.0	7
20170220_200934	88.8	-0.000390024886	1000000.0	7
20170220_200944	89.0	-0.000298714489	1000000.0	7
20170220_200954	88.8	-0.000287569475	1000000.0	7
20170220_201004	88.8	-0.000418222972	1000000.0	7
20170220_201014	88.8	-0.000296719026	1000000.0	7
20170220_201024	88.6	-0.000401006672	1000000.0	7
20170220_201034	88.8	-0.000334658046	1000000.0	7
20170220_201044	89.0	-0.00029114273	1000000.0	7
20170220_201054	89.0	-0.000386276186	1000000.0	7
20170220_201104	88.8	-0.000305264704	1000000.0	7
20170220_201114	88.6	-0.000329706663	1000000.0	7
20170220_201124	88.8	-0.000424818085	1000000.0	7
20170220_201134	88.8	-0.000352220244	1000000.0	7
20170220_201144	87.3	-0.000410464527	1000000.0	7
20170220_201154	87.3	-0.000305425422	1000000.0	7
20170220_201204	86.7	-0.000272855074	1000000.0	7
20170220_201214	86.9	-0.000388813743	1000000.0	7
20170220_201224	86.9	-0.000362419871	1000000.0	7
20170220_201234	87.1	-0.000320315542	1000000.0	7
20170220_201244	86.9	-0.000309127145	1000000.0	7
20170220_201254	87.1	-0.000424722656	1000000.0	7
20170220_201304	86.9	-0.000325696453	1000000.0	7
20170220_201314	87.3	-0.00033769471	1000000.0	7
20170220_201324	87.1	-0.000408181917	1000000.0	7
