20170214_111954	24.2	0.000115365472	1000000.0	10
20170214_112004	24.2	0.000142198583	1000000.0	10
20170214_112014	24.0	9.13853163e-05	1000000.0	10
20170214_112024	24.2	0.000144494193	1000000.0	10
20170214_112034	24.0	0.000115521178	1000000.0	10
20170214_112044	24.0	9.43017937e-05	1000000.0	10
20170214_112054	23.8	0.000110091577	1000000.0	10
20170214_112104	24.0	9.13770422e-05	1000000.0	10
20170214_112114	23.8	6.3911488e-05	1000000.0	10
20170214_112124	24.0	0.000137198324	1000000.0	10
20170214_112134	24.0	-0.0665457831	1000000.0	10
20170214_112144	23.8	-0.0894723198	1000000.0	10
20170214_112154	24.0	-0.0918265949	1000000.0	10
20170214_112204	23.8	-0.0997092534	1000000.0	10
20170214_112214	24.0	-0.0994550874	1000000.0	10
20170214_112224	24.0	-0.103354823	1000000.0	10
20170214_112234	24.0	-0.101377348	1000000.0	10
20170214_112244	23.8	-0.105037981	1000000.0	10
20170214_112254	24.0	-0.115216693	1000000.0	10
20170214_112304	23.8	-0.146283394	1000000.0	10
20170214_112314	24.0	-0.157590535	1000000.0	10
20170214_112324	23.8	-0.162681422	1000000.0	10
20170214_112334	24.0	-0.167447974	1000000.0	10
20170214_112344	23.8	-0.160041701	1000000.0	10
20170214_112354	23.8	-0.163831222	1000000.0	10
20170214_112404	23.8	-0.162844037	1000000.0	10
20170214_112414	23.8	-0.158054432	1000000.0	10
20170214_112424	23.8	-0.156406635	1000000.0	10
20170214_112434	24.0	-0.156862725	1000000.0	10
20170214_112444	24.0	-0.152798063	1000000.0	10
20170214_112454	23.8	-0.152953671	1000000.0	10
20170214_112504	24.0	-0.149727524	1000000.0	10
20170214_112514	24.0	-0.149077932	1000000.0	10
20170214_112524	24.0	-0.149515702	1000000.0	10
20170214_112534	24.0	-0.148772546	1000000.0	10
20170214_112544	23.8	-0.148395758	1000000.0	10
20170214_112554	24.0	-0.14502877	1000000.0	10
20170214_112604	23.8	-0.144828399	1000000.0	10
20170214_112614	23.8	-0.146069749	1000000.0	10
20170214_112624	23.8	-0.144818581	1000000.0	10
20170214_112634	24.0	-0.142207363	1000000.0	10
20170214_112644	24.2	-0.14985904	1000000.0	10
20170214_112654	24.8	-0.149632616	1000000.0	10
20170214_112704	25.7	-0.155000096	1000000.0	10
20170214_112714	26.5	-0.158061551	1000000.0	10
20170214_112724	27.3	-0.159240835	1000000.0	10
20170214_112734	28.2	-0.16302248	1000000.0	10
20170214_112744	28.8	-0.1656789	1000000.0	10
20170214_112754	29.4	-0.169505217	1000000.0	10
20170214_112804	30.0	-0.174778625	1000000.0	10
20170214_112814	30.5	-0.178696785	1000000.0	10
20170214_112824	31.1	-0.181566309	1000000.0	10
20170214_112834	31.9	-0.185554552	1000000.0	10
20170214_112844	32.6	-0.193400794	1000000.0	10
20170214_112854	33.0	-0.196720124	1000000.0	10
20170214_112904	34.0	-0.197521081	1000000.0	10
20170214_112914	34.6	-0.206962816	1000000.0	10
20170214_112924	35.1	-0.206157935	1000000.0	10
20170214_112934	36.1	-0.241103477	1000000.0	10
20170214_112944	36.9	-0.234114038	1000000.0	10
20170214_112954	37.6	-0.236798021	1000000.0	10
20170214_113004	38.4	-0.239774794	1000000.0	10
20170214_113014	39.4	-0.242135236	1000000.0	10
20170214_113024	40.0	-0.247268389	1000000.0	10
20170214_113034	40.5	-0.250149613	1000000.0	10
20170214_113044	41.1	-0.255159233	1000000.0	10
20170214_113054	42.0	-0.25961941	1000000.0	10
20170214_113104	42.4	-0.262811441	1000000.0	10
20170214_113114	43.2	-0.265209848	1000000.0	10
20170214_113124	43.9	-0.264281568	1000000.0	10
20170214_113134	44.5	-0.264649749	1000000.0	10
20170214_113144	45.0	-0.262894049	1000000.0	10
20170214_113154	45.8	-0.262803944	1000000.0	10
20170214_113204	46.4	-0.262098534	1000000.0	10
20170214_113214	46.9	-0.261593537	1000000.0	10
20170214_113224	47.3	-0.262159942	1000000.0	10
20170214_113234	48.1	-0.264995339	1000000.0	10
20170214_113244	48.6	-0.266301393	1000000.0	10
20170214_113254	49.2	-0.267752481	1000000.0	10
20170214_113304	49.8	-0.268258564	1000000.0	10
20170214_113314	50.3	-0.27353574	1000000.0	10
20170214_113324	50.9	-0.267181749	1000000.0	10
20170214_113334	51.5	-0.262520698	1000000.0	10
20170214_113344	51.8	-0.25459886	1000000.0	10
20170214_113354	52.6	-0.246089892	1000000.0	10
20170214_113404	53.0	-0.254221294	1000000.0	10
20170214_113414	53.7	-0.256995544	1000000.0	10
20170214_113424	53.9	-0.263343871	1000000.0	10
20170214_113434	54.5	-0.267812992	1000000.0	10
20170214_113444	55.0	-0.269528898	1000000.0	10
20170214_113454	55.6	-0.273998561	1000000.0	10
20170214_113504	56.0	-0.278472818	1000000.0	10
20170214_113514	56.4	-0.282099547	1000000.0	10
20170214_113524	57.1	-0.283935165	1000000.0	10
20170214_113534	57.5	-0.283305469	1000000.0	10
20170214_113544	57.9	-0.278471849	1000000.0	10
20170214_113554	58.3	-0.275978969	1000000.0	10
20170214_113604	58.8	-0.276768554	1000000.0	10
20170214_113614	59.2	-0.281192875	1000000.0	10
20170214_113624	59.6	-0.282482567	1000000.0	10
20170214_113634	60.1	-0.284806611	1000000.0	10
20170214_113644	60.5	-0.287549849	1000000.0	10
20170214_113654	60.7	-0.291653182	1000000.0	10
20170214_113704	61.5	-0.294396258	1000000.0	10
20170214_113714	61.6	-0.297643905	1000000.0	10
20170214_113724	62.2	-0.300848438	1000000.0	10
20170214_113734	62.8	-0.303092433	1000000.0	10
20170214_113744	63.2	-0.307971956	1000000.0	10
20170214_113754	63.3	-0.311890324	1000000.0	10
20170214_113804	63.7	-0.317410843	1000000.0	10
20170214_113814	64.3	-0.320764302	1000000.0	10
20170214_113824	64.5	-0.324884745	1000000.0	10
20170214_113834	65.0	-0.328539203	1000000.0	10
20170214_113844	65.4	-0.332079638	1000000.0	10
20170214_113854	65.8	-0.333448999	1000000.0	10
20170214_113904	66.2	-0.335334289	1000000.0	10
20170214_113914	66.6	-0.338781091	1000000.0	10
20170214_113924	66.7	-0.339897192	1000000.0	10
20170214_113934	67.3	-0.340930201	1000000.0	10
20170214_113944	67.5	-0.343125851	1000000.0	10
20170214_113954	67.7	-0.341596843	1000000.0	10
20170214_114004	68.3	-0.339987277	1000000.0	10
20170214_114014	68.8	-0.33788272	1000000.0	10
20170214_114024	69.0	-0.335689422	1000000.0	10
20170214_114034	69.4	-0.330411458	1000000.0	10
20170214_114044	69.8	-0.324439699	1000000.0	10
20170214_114054	69.8	-0.319524252	1000000.0	10
20170214_114104	70.3	-0.312100334	1000000.0	10
20170214_114114	70.3	-0.31078219	1000000.0	10
20170214_114124	70.9	-0.308717814	1000000.0	10
20170214_114134	71.1	-0.307984347	1000000.0	10
20170214_114144	71.3	-0.318206085	1000000.0	10
20170214_114154	71.6	-0.318569748	1000000.0	10
20170214_114204	71.8	-0.314832296	1000000.0	10
20170214_114214	72.2	-0.314755952	1000000.0	10
20170214_114224	73.0	-0.313663681	1000000.0	10
20170214_114234	73.0	-0.313779022	1000000.0	10
20170214_114244	73.2	-0.313150562	1000000.0	10
20170214_114254	73.5	-0.314046641	1000000.0	10
20170214_114304	73.7	-0.31141283	1000000.0	10
20170214_114314	74.1	-0.320752919	1000000.0	10
20170214_114324	74.3	-0.318357296	1000000.0	10
20170214_114334	74.3	-0.319109903	1000000.0	10
20170214_114344	74.7	-0.319080479	1000000.0	10
20170214_114354	75.2	-0.319612373	1000000.0	10
20170214_114404	75.2	-0.32205602	1000000.0	10
20170214_114414	75.4	-0.323704096	1000000.0	10
20170214_114424	75.4	-0.323116526	1000000.0	10
20170214_114434	76.0	-0.322927973	1000000.0	10
20170214_114444	76.2	-0.324482534	1000000.0	10
20170214_114454	76.4	-0.326045366	1000000.0	10
20170214_114504	76.4	-0.327055638	1000000.0	10
20170214_114514	77.1	-0.327855122	1000000.0	10
20170214_114524	77.3	-0.334218365	1000000.0	10
20170214_114534	77.7	-0.332409375	1000000.0	10
20170214_114544	77.5	-0.332965615	1000000.0	10
20170214_114554	77.9	-0.336155102	1000000.0	10
20170214_114604	77.9	-0.47530963	1000000.0	10
20170214_114614	77.9	-0.379575557	1000000.0	10
20170214_114624	78.4	-0.368609068	1000000.0	10
20170214_114634	78.4	-0.369700659	1000000.0	10
20170214_114644	78.6	-0.37533272	1000000.0	10
20170214_114654	78.8	-0.36104996	1000000.0	10
20170214_114704	79.0	-0.392197609	1000000.0	10
20170214_114714	79.2	-0.360937506	1000000.0	10
20170214_114724	79.4	-0.358618487	1000000.0	10
20170214_114734	79.2	-0.358625278	1000000.0	10
20170214_114744	79.4	-0.361238525	1000000.0	10
20170214_114754	79.4	-0.363484631	1000000.0	10
20170214_114804	80.0	-0.372312043	1000000.0	10
20170214_114814	79.2	-0.373479778	1000000.0	10
20170214_114824	80.1	-0.389505047	1000000.0	10
20170214_114834	80.1	-0.370293819	1000000.0	10
20170214_114844	80.1	-0.3716747	1000000.0	10
20170214_114854	80.5	-0.370975714	1000000.0	10
20170214_114904	80.1	-0.373223126	1000000.0	10
20170214_114914	80.5	-0.373803583	1000000.0	10
20170214_114924	80.7	-0.374779305	1000000.0	10
20170214_114934	80.7	-0.375376755	1000000.0	10
20170214_114944	80.9	-0.376346498	1000000.0	10
20170214_114954	80.3	-0.380171043	1000000.0	10
20170214_115004	80.1	-0.378440013	1000000.0	10
20170214_115014	80.1	-0.379355428	1000000.0	10
20170214_115024	80.3	-0.379976566	1000000.0	10
20170214_115034	80.5	-0.380057139	1000000.0	10
20170214_115044	80.5	-0.382247527	1000000.0	10
20170214_115054	80.7	-0.383105372	1000000.0	10
20170214_115104	81.1	-0.385552876	1000000.0	10
20170214_115114	81.3	-0.385783297	1000000.0	10
20170214_115124	81.3	-0.386096298	1000000.0	10
20170214_115134	81.6	-0.385337339	1000000.0	10
20170214_115144	81.6	-0.386829518	1000000.0	10
20170214_115154	81.8	-0.389709897	1000000.0	10
20170214_115204	82.0	-0.399863155	1000000.0	10
20170214_115214	82.0	-0.398551165	1000000.0	10
20170214_115224	82.0	-0.397728622	1000000.0	10
20170214_115234	81.5	-0.397623844	1000000.0	10
20170214_115244	81.8	-0.399121138	1000000.0	10
20170214_115254	82.0	-0.399796698	1000000.0	10
20170214_115304	82.2	-0.398704457	1000000.0	10
20170214_115314	82.4	-0.400723451	1000000.0	10
20170214_115324	82.6	-0.400743526	1000000.0	10
20170214_115334	82.6	-0.401659295	1000000.0	10
20170214_115344	82.8	-0.402431368	1000000.0	10
20170214_115354	82.8	-0.40329364	1000000.0	10
20170214_115404	83.2	-0.405477759	1000000.0	10
20170214_115414	83.3	-0.406401603	1000000.0	10
20170214_115424	83.3	-0.407163475	1000000.0	10
20170214_115434	83.3	-0.408456488	1000000.0	10
20170214_115444	83.7	-0.409408041	1000000.0	10
20170214_115454	83.7	-0.408998449	1000000.0	10
20170214_115504	83.7	-0.409180958	1000000.0	10
20170214_115514	84.1	-0.409039152	1000000.0	10
20170214_115524	84.1	-0.409590821	1000000.0	10
20170214_115534	83.9	-0.412655933	1000000.0	10
20170214_115544	83.5	-0.411533717	1000000.0	10
20170214_115554	84.3	-0.411814456	1000000.0	10
20170214_115604	84.3	-0.414613564	1000000.0	10
20170214_115614	84.5	-0.411650475	1000000.0	10
20170214_115624	84.9	-0.411996162	1000000.0	10
20170214_115634	84.9	-0.411441976	1000000.0	10
20170214_115644	85.0	-0.413452374	1000000.0	10
20170214_115654	85.0	-0.411837603	1000000.0	10
20170214_115704	84.9	-0.414809284	1000000.0	10
20170214_115714	85.0	-0.413174315	1000000.0	10
20170214_115724	85.2	-0.413934751	1000000.0	10
20170214_115734	85.2	-0.414438211	1000000.0	10
20170214_115744	84.7	-0.414667039	1000000.0	10
20170214_115754	85.2	-0.41642713	1000000.0	10
20170214_115804	84.9	-0.416619013	1000000.0	10
20170214_115814	85.6	-0.417276353	1000000.0	10
20170214_115824	85.6	-0.419639272	1000000.0	10
20170214_115834	85.4	-0.418878225	1000000.0	10
20170214_115844	85.8	-0.419507202	1000000.0	10
20170214_115854	85.8	-0.419529552	1000000.0	10
20170214_115904	85.8	-0.420199666	1000000.0	10
20170214_115914	85.8	-0.421364226	1000000.0	10
20170214_115924	86.0	-0.420244185	1000000.0	10
20170214_115934	86.0	-0.421193938	1000000.0	10
20170214_115944	86.4	-0.422783165	1000000.0	10
20170214_115954	86.4	-0.423591537	1000000.0	10
20170214_120004	86.6	-0.423641354	1000000.0	10
20170214_120014	86.6	-0.421192018	1000000.0	10
20170214_120024	86.7	-0.424842054	1000000.0	10
20170214_120034	86.7	-0.424917327	1000000.0	10
20170214_120044	86.7	-0.42424835	1000000.0	10
20170214_120054	86.7	-0.424433119	1000000.0	10
20170214_120104	86.9	-0.42642682	1000000.0	10
20170214_120114	86.9	-0.425824772	1000000.0	10
20170214_120124	87.1	-0.427487679	1000000.0	10
20170214_120134	86.9	-0.426851274	1000000.0	10
20170214_120144	86.6	-0.428026763	1000000.0	10
20170214_120154	86.6	-0.430504042	1000000.0	10
20170214_120204	86.7	-0.429573675	1000000.0	10
20170214_120214	86.7	-0.42985028	1000000.0	10
20170214_120224	86.4	-0.428614759	1000000.0	10
20170214_120234	86.4	-0.431928846	1000000.0	10
20170214_120244	86.2	-0.430954903	1000000.0	10
20170214_120254	86.0	-0.434444038	1000000.0	10
20170214_120304	86.7	-0.436918748	1000000.0	10
20170214_120314	86.2	-0.433239252	1000000.0	10
20170214_120324	86.2	-0.433063566	1000000.0	10
20170214_120334	87.1	-0.43387521	1000000.0	10
20170214_120344	87.3	-0.434888375	1000000.0	10
20170214_120354	87.3	-0.434194398	1000000.0	10
20170214_120404	88.1	-0.435910968	1000000.0	10
20170214_120414	87.1	-0.434802673	1000000.0	10
20170214_120424	87.5	-0.437957963	1000000.0	10
20170214_120434	87.1	-0.438273413	1000000.0	10
20170214_120444	87.1	-0.438908524	1000000.0	10
20170214_120454	87.5	-0.438038682	1000000.0	10
20170214_120504	87.9	-0.438841624	1000000.0	10
20170214_120514	87.7	-0.440868455	1000000.0	10
20170214_120524	88.3	-0.440070211	1000000.0	10
20170214_120534	87.9	-0.438805655	1000000.0	10
20170214_120544	87.9	-0.442583252	1000000.0	10
20170214_120554	87.3	-0.441273046	1000000.0	10
20170214_120604	88.3	-0.442657554	1000000.0	10
20170214_120614	87.9	-0.442098893	1000000.0	10
20170214_120624	87.5	-0.44030079	1000000.0	10
20170214_120634	87.7	-0.44217916	1000000.0	10
20170214_120644	87.9	-0.447268185	1000000.0	10
20170214_120654	88.3	-0.443714633	1000000.0	10
20170214_120704	87.9	-0.441769775	1000000.0	10
20170214_120714	87.3	-0.444160832	1000000.0	10
20170214_120724	87.7	-0.444875173	1000000.0	10
20170214_120734	87.9	-0.443409821	1000000.0	10
20170214_120744	87.9	-0.445439253	1000000.0	10
20170214_120754	87.1	-0.442033397	1000000.0	10
20170214_120804	86.7	-0.44208004	1000000.0	10
20170214_120814	87.7	-0.44341681	1000000.0	10
20170214_120824	87.5	-0.446022261	1000000.0	10
20170214_120834	88.1	-0.443585539	1000000.0	10
20170214_120844	87.7	-0.444266108	1000000.0	10
20170214_120854	87.5	-0.444320645	1000000.0	10
20170214_120904	87.7	-0.443798501	1000000.0	10
20170214_120914	87.7	-0.446757528	1000000.0	10
20170214_120924	87.9	-0.446327347	1000000.0	10
20170214_120934	87.5	-0.445214262	1000000.0	10
20170214_120944	87.7	-0.446239744	1000000.0	10
20170214_120954	88.1	-0.447811875	1000000.0	10
