20170217_113334	88.4	0.000749188854	1000000.0	6
20170217_113344	88.8	0.00033160679	1000000.0	6
20170217_113354	88.4	0.000346973761	1000000.0	6
20170217_113404	88.4	0.000276552141	1000000.0	6
20170217_113414	88.3	0.00028300271	1000000.0	6
20170217_113424	88.8	-9.04729094e-06	1000000.0	6
20170217_113434	88.6	0.000172872649	1000000.0	6
20170217_113444	89.2	-0.0285668255	1000000.0	6
20170217_113454	88.6	-0.0307263231	1000000.0	6
20170217_113504	88.6	-0.0260627455	1000000.0	6
20170217_113514	89.0	-0.0233059822	1000000.0	6
20170217_113524	89.2	-0.0212254868	1000000.0	6
20170217_113534	89.0	-0.0198964662	1000000.0	6
20170217_113544	89.2	-0.0185530508	1000000.0	6
20170217_113554	89.2	-0.0177064774	1000000.0	6
20170217_113604	89.6	-0.0167566744	1000000.0	6
20170217_113614	89.0	-0.015756555	1000000.0	6
20170217_113624	89.4	-0.0146491124	1000000.0	6
20170217_113634	89.4	-0.014312978	1000000.0	6
20170217_113644	89.4	-0.0149615476	1000000.0	6
20170217_113654	89.4	-0.0132006093	1000000.0	6
20170217_113704	89.6	-0.0487882699	1000000.0	6
20170217_113714	89.2	-0.0487263744	1000000.0	6
20170217_113724	89.0	-0.055240999	1000000.0	6
20170217_113734	89.6	-0.0522053409	1000000.0	6
20170217_113744	89.4	-0.049852096	1000000.0	6
20170217_113754	89.4	-0.047959666	1000000.0	6
20170217_113804	89.4	-0.0429272149	1000000.0	6
20170217_113814	89.2	-0.0477900094	1000000.0	6
20170217_113824	89.2	-0.0493904111	1000000.0	6
20170217_113834	88.4	-0.0628499868	1000000.0	6
20170217_113844	88.4	-0.0555621538	1000000.0	6
20170217_113854	88.4	-0.0560156737	1000000.0	6
20170217_113904	88.3	-0.0543035931	1000000.0	6
20170217_113914	88.6	-0.0573718474	1000000.0	6
20170217_113924	88.4	-0.0584565973	1000000.0	6
20170217_113934	88.4	-0.0586243298	1000000.0	6
20170217_113944	88.1	-0.0597769142	1000000.0	6
20170217_113954	87.9	-0.0598900618	1000000.0	6
20170217_114004	88.1	-0.0600833799	1000000.0	6
20170217_114014	87.9	-0.0606802367	1000000.0	6
20170217_114024	88.1	-0.0599777234	1000000.0	6
20170217_114034	87.9	-0.0605887452	1000000.0	6
20170217_114044	87.9	-0.0592716248	1000000.0	6
20170217_114054	87.9	-0.0601020016	1000000.0	6
20170217_114104	87.9	-0.0590793714	1000000.0	6
20170217_114114	87.9	-0.0610974405	1000000.0	6
20170217_114124	88.1	-0.0596087268	1000000.0	6
20170217_114134	87.9	-0.0603809152	1000000.0	6
20170217_114144	88.1	-0.0592305362	1000000.0	6
20170217_114154	88.1	-0.0597697682	1000000.0	6
20170217_114204	88.1	-0.0597256452	1000000.0	6
20170217_114214	88.3	-0.0616901119	1000000.0	6
20170217_114224	88.1	-0.0604935459	1000000.0	6
20170217_114234	88.3	-0.0610373646	1000000.0	6
20170217_114244	87.3	-0.0617583017	1000000.0	6
20170217_114254	87.5	-0.062014906	1000000.0	6
20170217_114304	87.7	-0.0610758729	1000000.0	6
20170217_114314	87.9	-0.0609930343	1000000.0	6
20170217_114324	88.1	-0.0578897125	1000000.0	6
20170217_114334	88.1	-0.0602048829	1000000.0	6
20170217_114344	88.1	-0.0590174947	1000000.0	6
20170217_114354	88.3	-0.0597387408	1000000.0	6
20170217_114404	88.4	-0.0598079092	1000000.0	6
20170217_114414	88.3	-0.0588089539	1000000.0	6
20170217_114424	88.3	-0.057715668	1000000.0	6
20170217_114434	88.3	-0.0619833411	1000000.0	6
20170217_114444	88.3	-0.0616777204	1000000.0	6
20170217_114454	88.4	-0.0614633867	1000000.0	6
20170217_114504	88.4	-0.0624716659	1000000.0	6
20170217_114514	88.4	-0.0602587913	1000000.0	6
20170217_114524	88.4	-0.0621741742	1000000.0	6
20170217_114534	88.6	-0.0632430845	1000000.0	6
20170217_114544	88.6	-0.0606286907	1000000.0	6
20170217_114554	88.4	-0.0622154392	1000000.0	6
20170217_114604	88.6	-0.0608097031	1000000.0	6
20170217_114614	87.9	-0.0620833556	1000000.0	6
20170217_114624	87.9	-0.061327271	1000000.0	6
20170217_114634	88.1	-0.0614819036	1000000.0	6
20170217_114644	88.1	-0.060853745	1000000.0	6
20170217_114654	87.9	-0.0612529158	1000000.0	6
20170217_114704	88.3	-0.0616759395	1000000.0	6
20170217_114714	88.3	-0.0636466124	1000000.0	6
20170217_114724	88.3	-0.0619356539	1000000.0	6
20170217_114734	88.3	-0.0646404141	1000000.0	6
20170217_114744	88.3	-0.0655971009	1000000.0	6
20170217_114754	88.3	-0.0670608945	1000000.0	6
20170217_114804	88.4	-0.0687661386	1000000.0	6
20170217_114814	88.3	-0.068912099	1000000.0	6
20170217_114824	88.3	-0.066666041	1000000.0	6
20170217_114834	88.4	-0.066818261	1000000.0	6
20170217_114844	88.3	-0.0823716953	1000000.0	6
20170217_114854	88.4	-0.0667886912	1000000.0	6
20170217_114904	88.6	-0.0666780874	1000000.0	6
20170217_114914	88.4	-0.0656356922	1000000.0	6
20170217_114924	88.6	-0.0648971838	1000000.0	6
20170217_114934	88.6	-0.0652825858	1000000.0	6
20170217_114944	88.6	-0.0660638798	1000000.0	6
20170217_114954	88.6	-0.066855946	1000000.0	6
20170217_115004	88.8	-0.0663422146	1000000.0	6
20170217_115014	88.6	-0.0665827208	1000000.0	6
20170217_115024	88.4	-0.0714472078	1000000.0	6
20170217_115034	88.8	-0.0664051149	1000000.0	6
20170217_115044	88.6	-0.0656169127	1000000.0	6
20170217_115054	88.8	-0.0658734798	1000000.0	6
20170217_115104	89.2	-0.0654646673	1000000.0	6
20170217_115114	89.2	-0.0639209888	1000000.0	6
20170217_115124	89.4	-0.0644007052	1000000.0	6
20170217_115134	89.2	-0.0636846174	1000000.0	6
20170217_115144	89.0	-0.0631257007	1000000.0	6
20170217_115154	89.2	-0.0644085517	1000000.0	6
20170217_115204	89.2	-0.0640727028	1000000.0	6
20170217_115214	88.8	-0.0644175794	1000000.0	6
20170217_115224	89.0	-0.0627176343	1000000.0	6
20170217_115234	89.0	-0.0643649984	1000000.0	6
20170217_115244	89.0	-0.0616276648	1000000.0	6
20170217_115254	89.0	-0.0623294716	1000000.0	6
20170217_115304	89.0	-0.0614166509	1000000.0	6
20170217_115314	88.1	-0.0619484058	1000000.0	6
20170217_115324	89.0	-0.0626175779	1000000.0	6
20170217_115334	88.8	-0.0632531834	1000000.0	6
20170217_115344	89.0	-0.0607267354	1000000.0	6
20170217_115354	88.8	-0.0611601493	1000000.0	6
20170217_115404	89.0	-0.061849192	1000000.0	6
20170217_115414	89.2	-0.0614017609	1000000.0	6
20170217_115424	89.2	-0.0606154709	1000000.0	6
20170217_115434	89.2	-0.0606770344	1000000.0	6
20170217_115444	89.6	-0.0609093038	1000000.0	6
20170217_115454	89.4	-0.0609631205	1000000.0	6
20170217_115504	89.2	-0.0601452233	1000000.0	6
20170217_115514	89.2	-0.0607295789	1000000.0	6
20170217_115524	89.2	-0.0612290432	1000000.0	6
20170217_115534	89.6	-0.0599265676	1000000.0	6
20170217_115544	89.4	-0.0598884382	1000000.0	6
20170217_115554	89.6	-0.0584537127	1000000.0	6
20170217_115604	89.8	-0.0604462671	1000000.0	6
20170217_115614	89.6	-0.0597637141	1000000.0	6
20170217_115624	89.2	-0.0593890918	1000000.0	6
20170217_115634	88.8	-0.0603374056	1000000.0	6
20170217_115644	89.2	-0.0581239846	1000000.0	6
20170217_115654	89.2	-0.0582037908	1000000.0	6
20170217_115704	89.4	-0.0617687776	1000000.0	6
20170217_115714	89.4	-0.0651660657	1000000.0	6
20170217_115724	89.4	-0.0639948397	1000000.0	6
20170217_115734	89.4	-0.0643148131	1000000.0	6
20170217_115744	89.4	-0.0680244767	1000000.0	6
20170217_115754	89.2	-0.0668776418	1000000.0	6
20170217_115804	89.4	-0.0693151205	1000000.0	6
20170217_115814	89.4	-0.0677883661	1000000.0	6
20170217_115824	89.4	-0.0686858366	1000000.0	6
20170217_115834	88.4	-0.0842262458	1000000.0	6
20170217_115844	88.4	-0.0922165099	1000000.0	6
20170217_115854	88.4	-0.0899862213	1000000.0	6
20170217_115904	87.9	-0.0893342258	1000000.0	6
20170217_115914	88.1	-0.089776238	1000000.0	6
20170217_115924	88.1	-0.0879464454	1000000.0	6
20170217_115934	88.1	-0.0861897546	1000000.0	6
20170217_115944	88.1	-0.0866877281	1000000.0	6
20170217_115954	87.9	-0.0860026073	1000000.0	6
20170217_120004	88.1	-0.0873348476	1000000.0	6
20170217_120014	87.9	-0.0879030924	1000000.0	6
20170217_120024	88.1	-0.0854534653	1000000.0	6
20170217_120034	88.3	-0.0864676341	1000000.0	6
20170217_120044	88.1	-0.0836055334	1000000.0	6
20170217_120054	88.1	-0.0807127153	1000000.0	6
20170217_120104	85.0	-0.0788731719	1000000.0	6
20170217_120114	87.9	-0.0792403535	1000000.0	6
20170217_120124	87.7	-0.0790258991	1000000.0	6
20170217_120134	88.4	-0.0790009743	1000000.0	6
20170217_120144	88.1	-0.076413408	1000000.0	6
20170217_120154	88.3	-0.0757577865	1000000.0	6
20170217_120204	88.3	-0.0756689833	1000000.0	6
20170217_120214	88.1	-0.0774529249	1000000.0	6
20170217_120224	87.5	-0.0781464022	1000000.0	6
20170217_120234	88.3	-0.080791454	1000000.0	6
20170217_120244	88.1	-0.078740579	1000000.0	6
20170217_120254	88.4	-0.0766977879	1000000.0	6
20170217_120304	88.3	-0.0760310975	1000000.0	6
20170217_120314	87.5	-0.0762011604	1000000.0	6
20170217_120324	88.3	-0.0764489254	1000000.0	6
20170217_120334	88.3	-0.0746537752	1000000.0	6
20170217_120344	88.3	-0.0758964147	1000000.0	6
20170217_120354	87.9	-0.0722758534	1000000.0	6
20170217_120404	87.7	-0.0714650311	1000000.0	6
20170217_120414	88.1	-0.0728390914	1000000.0	6
20170217_120424	88.1	-0.073104954	1000000.0	6
20170217_120434	88.3	-0.072303435	1000000.0	6
20170217_120444	88.1	-0.0733903836	1000000.0	6
20170217_120454	88.3	-0.0730496082	1000000.0	6
20170217_120504	88.1	-0.0729775629	1000000.0	6
20170217_120514	88.3	-0.0740630721	1000000.0	6
20170217_120524	88.3	-0.0709479778	1000000.0	6
20170217_120534	88.6	-0.0709760461	1000000.0	6
20170217_120544	88.6	-0.0707559854	1000000.0	6
20170217_120554	88.4	-0.070223337	1000000.0	6
20170217_120604	88.4	-0.0689707669	1000000.0	6
20170217_120614	88.3	-0.0712421791	1000000.0	6
20170217_120624	88.6	-0.0614443127	1000000.0	6
20170217_120634	88.4	-0.061433121	1000000.0	6
20170217_120644	88.1	-0.0622501119	1000000.0	6
20170217_120654	88.6	-0.060258632	1000000.0	6
20170217_120704	88.4	-0.0591782905	1000000.0	6
20170217_120714	88.6	-0.0587017339	1000000.0	6
20170217_120724	88.6	-0.0591561539	1000000.0	6
20170217_120734	88.4	-0.0606115613	1000000.0	6
20170217_120744	88.6	-0.0565186528	1000000.0	6
20170217_120754	88.6	-0.057438391	1000000.0	6
20170217_120804	87.7	-0.0581766388	1000000.0	6
20170217_120814	88.3	-0.0588664616	1000000.0	6
20170217_120824	87.9	-0.0612139904	1000000.0	6
20170217_120834	88.1	-0.0592025112	1000000.0	6
20170217_120844	87.7	-0.0612798358	1000000.0	6
20170217_120854	87.3	-0.0616307449	1000000.0	6
20170217_120904	86.9	-0.0613202414	1000000.0	6
20170217_120914	87.1	-0.0786646686	1000000.0	6
20170217_120924	87.3	-0.0717747152	1000000.0	6
20170217_120934	87.3	-0.06424283	1000000.0	6
20170217_120944	87.1	-0.0614038735	1000000.0	6
20170217_120954	87.3	-0.0624811146	1000000.0	6
20170217_121004	87.1	-0.0634380734	1000000.0	6
20170217_121014	87.5	-0.0647266479	1000000.0	6
20170217_121024	87.3	-0.0644294655	1000000.0	6
20170217_121034	87.3	-0.0657593796	1000000.0	6
20170217_121044	87.3	-0.0626782177	1000000.0	6
20170217_121054	87.3	-0.0663862627	1000000.0	6
20170217_121104	87.3	-0.067427525	1000000.0	6
20170217_121114	87.3	-0.0782272945	1000000.0	6
20170217_121124	87.3	-0.0673540881	1000000.0	6
20170217_121134	87.5	-0.0671542269	1000000.0	6
20170217_121144	87.5	-0.0666852892	1000000.0	6
20170217_121154	87.7	-0.0670566288	1000000.0	6
20170217_121204	87.7	-0.0657914325	1000000.0	6
20170217_121214	88.1	-0.0655508288	1000000.0	6
20170217_121224	88.4	-0.0654783221	1000000.0	6
20170217_121234	87.9	-0.0642597215	1000000.0	6
20170217_121244	87.7	-0.0646584639	1000000.0	6
20170217_121254	88.1	-0.0648895821	1000000.0	6
20170217_121304	87.7	-0.064088273	1000000.0	6
20170217_121314	88.3	-0.0635893688	1000000.0	6
20170217_121324	86.9	-0.065476253	1000000.0	6
20170217_121334	88.3	-0.0644719547	1000000.0	6
20170217_121344	88.6	-0.0634542531	1000000.0	6
20170217_121354	88.4	-0.0631383213	1000000.0	6
20170217_121404	87.9	-0.114467077	1000000.0	6
20170217_121414	88.4	-0.0703439376	1000000.0	6
20170217_121424	88.3	-0.0658026274	1000000.0	6
20170217_121434	88.1	-0.0702946653	1000000.0	6
20170217_121444	88.6	-0.0703213614	1000000.0	6
20170217_121454	88.3	-0.0696755411	1000000.0	6
20170217_121504	88.6	-0.065036933	1000000.0	6
20170217_121514	88.3	-0.0634698703	1000000.0	6
20170217_121524	88.4	-0.0623926593	1000000.0	6
20170217_121534	88.8	-0.0633935364	1000000.0	6
20170217_121544	88.4	-0.063115519	1000000.0	6
20170217_121554	88.6	-0.0630606797	1000000.0	6
20170217_121604	88.6	-0.0636924677	1000000.0	6
20170217_121614	88.6	-0.06351556	1000000.0	6
20170217_121624	88.6	-0.0646867879	1000000.0	6
20170217_121634	88.6	-0.0630413555	1000000.0	6
20170217_121644	88.6	-0.0639628204	1000000.0	6
20170217_121654	88.8	-0.0645806966	1000000.0	6
20170217_121704	88.6	-0.0635811709	1000000.0	6
20170217_121714	88.6	-0.0747071307	1000000.0	6
20170217_121724	88.4	-0.0752997612	1000000.0	6
20170217_121734	88.4	-0.076447506	1000000.0	6
20170217_121744	88.8	-0.0766948319	1000000.0	6
20170217_121754	88.8	-0.07890029	1000000.0	6
20170217_121804	88.6	-0.0782714696	1000000.0	6
20170217_121814	88.8	-0.105270649	1000000.0	6
20170217_121824	88.6	-0.0965888693	1000000.0	6
20170217_121834	88.8	-0.0902578852	1000000.0	6
20170217_121844	88.8	-0.0908802721	1000000.0	6
20170217_121854	88.6	-0.0980917457	1000000.0	6
20170217_121904	88.6	-0.105556429	1000000.0	6
20170217_121914	88.6	-0.106383381	1000000.0	6
20170217_121924	88.8	-0.0941483223	1000000.0	6
20170217_121934	88.4	-0.0919722614	1000000.0	6
20170217_121944	88.3	-0.0915540622	1000000.0	6
20170217_121954	88.3	-0.0941764838	1000000.0	6
20170217_122004	88.3	-0.0940973003	1000000.0	6
20170217_122014	88.4	-0.0937234925	1000000.0	6
20170217_122024	88.3	-0.0930376089	1000000.0	6
20170217_122034	88.4	-0.0935319061	1000000.0	6
20170217_122044	87.9	-0.0931862428	1000000.0	6
20170217_122054	87.9	-0.0912724681	1000000.0	6
20170217_122104	87.7	-0.0928115566	1000000.0	6
20170217_122114	87.9	-0.0871634456	1000000.0	6
20170217_122124	88.3	-0.0877625441	1000000.0	6
20170217_122134	88.3	-0.0833025818	1000000.0	6
20170217_122144	88.3	-0.0842374949	1000000.0	6
20170217_122154	88.3	-0.0820664207	1000000.0	6
20170217_122204	88.4	-0.0803343504	1000000.0	6
20170217_122214	88.4	-0.0805835308	1000000.0	6
20170217_122224	88.4	-0.11083288	1000000.0	6
20170217_122234	88.4	-0.0876513221	1000000.0	6
20170217_122244	88.4	-0.0828030649	1000000.0	6
20170217_122254	88.4	-0.0836633854	1000000.0	6
20170217_122304	88.4	-0.0826506767	1000000.0	6
20170217_122314	87.7	-0.0819429131	1000000.0	6
20170217_122324	87.9	-0.0805090881	1000000.0	6
20170217_122334	87.9	-0.0803675315	1000000.0	6
20170217_122344	88.1	-0.0821684607	1000000.0	6
20170217_122354	88.1	-0.0814006093	1000000.0	6
20170217_122404	88.3	-0.0828651195	1000000.0	6
20170217_122414	88.3	-0.0804145825	1000000.0	6
20170217_122424	88.3	-0.0782822555	1000000.0	6
20170217_122434	88.3	-0.0823304944	1000000.0	6
20170217_122444	88.4	-0.0828642836	1000000.0	6
20170217_122454	88.8	-0.0812364136	1000000.0	6
20170217_122504	88.6	-0.0777325259	1000000.0	6
20170217_122514	88.6	-0.0794867071	1000000.0	6
20170217_122524	88.6	-0.0761993623	1000000.0	6
20170217_122534	88.6	-0.0759450433	1000000.0	6
20170217_122544	88.6	-0.0766561371	1000000.0	6
20170217_122554	88.6	-0.0770358819	1000000.0	6
20170217_122604	88.6	-0.0769348705	1000000.0	6
20170217_122614	88.6	-0.0774253193	1000000.0	6
20170217_122624	88.6	-0.075001838	1000000.0	6
20170217_122634	87.7	-0.0881169001	1000000.0	6
20170217_122644	87.9	-0.0795623127	1000000.0	6
20170217_122654	87.9	-0.0801029562	1000000.0	6
20170217_122704	88.1	-0.0805061131	1000000.0	6
20170217_122714	87.9	-0.0805828856	1000000.0	6
20170217_122724	87.9	-0.0798664825	1000000.0	6
20170217_122734	88.8	-0.0802933009	1000000.0	6
20170217_122744	88.3	-0.082410338	1000000.0	6
20170217_122754	88.3	-0.0807081655	1000000.0	6
20170217_122804	88.6	-0.105020447	1000000.0	6
20170217_122814	89.0	-0.134980901	1000000.0	6
20170217_122824	88.6	-0.138721054	1000000.0	6
20170217_122834	88.4	-0.138525944	1000000.0	6
20170217_122844	88.4	-0.137950372	1000000.0	6
20170217_122854	88.6	-0.166229579	1000000.0	6
20170217_122904	88.4	-0.162392099	1000000.0	6
20170217_122914	88.6	-0.159790871	1000000.0	6
20170217_122924	88.6	-0.157399539	1000000.0	6
20170217_122934	88.4	-0.152504777	1000000.0	6
20170217_122944	88.8	-0.153925091	1000000.0	6
20170217_122954	88.8	-0.148870093	1000000.0	6
20170217_123004	88.6	-0.150383605	1000000.0	6
20170217_123014	89.0	-0.15133252	1000000.0	6
20170217_123024	89.0	-0.149772959	1000000.0	6
20170217_123034	89.0	-0.150222383	1000000.0	6
20170217_123044	89.2	-0.151073286	1000000.0	6
20170217_123054	89.0	-0.150887223	1000000.0	6
20170217_123104	89.0	-0.15166825	1000000.0	6
20170217_123114	89.2	-0.0820775579	1000000.0	6
20170217_123124	89.2	-0.150525602	1000000.0	6
20170217_123134	89.0	-0.0723379175	1000000.0	6
20170217_123144	89.4	-0.0731965726	1000000.0	6
20170217_123154	89.2	-0.0654074693	1000000.0	6
20170217_123204	89.2	-0.164091896	1000000.0	6
20170217_123214	89.4	-0.155056976	1000000.0	6
20170217_123224	89.4	-0.152252053	1000000.0	6
20170217_123234	89.4	-0.156471532	1000000.0	6
20170217_123244	89.2	-0.152792354	1000000.0	6
20170217_123254	89.2	-0.149766949	1000000.0	6
20170217_123304	89.2	-0.104006686	1000000.0	6
20170217_123314	89.2	-0.147397681	1000000.0	6
20170217_123324	89.4	-0.148458579	1000000.0	6
20170217_123334	89.0	-0.149462323	1000000.0	6
20170217_123344	88.8	-0.148735515	1000000.0	6
20170217_123354	85.8	-0.150080297	1000000.0	6
20170217_123404	87.9	-0.150903119	1000000.0	6
20170217_123414	88.4	-0.148400858	1000000.0	6
20170217_123424	88.6	-0.151322063	1000000.0	6
20170217_123434	88.4	-0.148829431	1000000.0	6
20170217_123444	88.6	-0.147210918	1000000.0	6
20170217_123454	88.6	-0.152937482	1000000.0	6
20170217_123504	88.6	-0.151424218	1000000.0	6
20170217_123514	88.6	-0.163962646	1000000.0	6
20170217_123524	88.4	-0.153000351	1000000.0	6
20170217_123534	88.4	-0.150739891	1000000.0	6
20170217_123544	88.6	-0.151234281	1000000.0	6
20170217_123554	88.3	-0.150065475	1000000.0	6
20170217_123604	87.3	-0.0681995795	1000000.0	6
20170217_123614	87.3	-0.0691739057	1000000.0	6
20170217_123624	87.7	-0.0662816133	1000000.0	6
20170217_123634	87.7	-0.0671240976	1000000.0	6
20170217_123644	87.7	-0.0660655255	1000000.0	6
20170217_123654	87.9	-0.0652622623	1000000.0	6
20170217_123704	87.9	-0.17323335	1000000.0	6
20170217_123714	88.1	-0.158393339	1000000.0	6
20170217_123724	87.9	-0.16299638	1000000.0	6
20170217_123734	88.1	-0.166943711	1000000.0	6
20170217_123744	88.1	-0.163703238	1000000.0	6
20170217_123754	88.1	-0.168019878	1000000.0	6
20170217_123804	88.1	-0.0652788508	1000000.0	6
20170217_123814	87.1	-0.074119313	1000000.0	6
20170217_123824	87.1	-0.158912141	1000000.0	6
20170217_123834	87.1	-0.162209508	1000000.0	6
20170217_123844	87.1	-0.16130474	1000000.0	6
20170217_123854	86.9	-0.162943302	1000000.0	6
20170217_123904	86.9	-0.161050834	1000000.0	6
20170217_123914	86.9	-0.159123133	1000000.0	6
20170217_123924	87.1	-0.160198806	1000000.0	6
20170217_123934	87.3	-0.160177406	1000000.0	6
20170217_123944	87.1	-0.173175555	1000000.0	6
20170217_123954	86.9	-0.167914746	1000000.0	6
20170217_124004	87.3	-0.163849244	1000000.0	6
20170217_124014	87.5	-0.162578243	1000000.0	6
20170217_124024	87.7	-0.161920597	1000000.0	6
20170217_124034	87.9	-0.161112706	1000000.0	6
20170217_124044	87.9	-0.161306484	1000000.0	6
20170217_124054	87.9	-0.162119536	1000000.0	6
20170217_124104	87.9	-0.162914218	1000000.0	6
20170217_124114	87.9	-0.158214729	1000000.0	6
20170217_124124	88.1	-0.160481112	1000000.0	6
20170217_124134	88.1	-0.160515653	1000000.0	6
20170217_124144	88.1	-0.15616978	1000000.0	6
20170217_124154	88.1	-0.145984659	1000000.0	6
20170217_124204	87.3	-0.0612902692	1000000.0	6
20170217_124214	87.7	-0.103723765	1000000.0	6
20170217_124224	87.9	-0.106392018	1000000.0	6
20170217_124234	87.9	-0.104550009	1000000.0	6
20170217_124244	87.9	-0.107940324	1000000.0	6
20170217_124254	87.9	-0.108483777	1000000.0	6
20170217_124304	87.9	-0.108698842	1000000.0	6
20170217_124314	88.1	-0.103022182	1000000.0	6
20170217_124324	87.9	-0.104423499	1000000.0	6
20170217_124334	88.3	-0.105747758	1000000.0	6
20170217_124344	87.9	-0.106355235	1000000.0	6
20170217_124354	88.1	-0.107474097	1000000.0	6
20170217_124404	88.1	-0.105578047	1000000.0	6
20170217_124414	88.1	-0.103157112	1000000.0	6
20170217_124424	88.1	-0.107784869	1000000.0	6
20170217_124434	88.1	-0.102744515	1000000.0	6
20170217_124444	88.1	-0.101470552	1000000.0	6
20170217_124454	87.9	-0.101325423	1000000.0	6
20170217_124504	88.3	-0.103068709	1000000.0	6
20170217_124514	88.3	-0.130770025	1000000.0	6
20170217_124524	88.1	-0.12492667	1000000.0	6
20170217_124534	87.5	-0.128590207	1000000.0	6
20170217_124544	87.7	-0.112421254	1000000.0	6
20170217_124554	87.9	-0.109750313	1000000.0	6
20170217_124604	88.1	-0.110987519	1000000.0	6
20170217_124614	88.3	-0.105649144	1000000.0	6
20170217_124624	88.1	-0.098537484	1000000.0	6
20170217_124634	88.3	-0.101980943	1000000.0	6
20170217_124644	88.3	-0.102543199	1000000.0	6
20170217_124654	88.1	-0.103141453	1000000.0	6
20170217_124704	88.1	-0.10443167	1000000.0	6
20170217_124714	87.9	-0.0927676524	1000000.0	6
20170217_124724	88.1	-0.105980651	1000000.0	6
20170217_124734	88.1	-0.106020603	1000000.0	6
20170217_124744	88.1	-0.109511691	1000000.0	6
20170217_124754	88.3	-0.107674596	1000000.0	6
20170217_124804	88.4	-0.110319168	1000000.0	6
20170217_124814	88.4	-0.109443606	1000000.0	6
20170217_124824	88.4	-0.112625665	1000000.0	6
20170217_124834	88.6	-0.109456417	1000000.0	6
20170217_124844	89.0	-0.110686311	1000000.0	6
20170217_124854	89.0	-0.11129471	1000000.0	6
20170217_124904	89.0	-0.115345021	1000000.0	6
20170217_124914	89.0	-0.107122106	1000000.0	6
20170217_124924	88.8	-0.105244684	1000000.0	6
20170217_124934	89.0	-0.0975305863	1000000.0	6
20170217_124944	88.8	-0.108118411	1000000.0	6
20170217_124954	88.8	-0.110563163	1000000.0	6
20170217_125004	89.0	-0.108245478	1000000.0	6
20170217_125014	88.4	-0.109209109	1000000.0	6
20170217_125024	88.4	-0.109131733	1000000.0	6
20170217_125034	88.6	-0.108475868	1000000.0	6
20170217_125044	88.6	-0.108253939	1000000.0	6
20170217_125054	88.4	-0.108140454	1000000.0	6
20170217_125104	88.3	-0.108395367	1000000.0	6
20170217_125114	88.8	-0.112321766	1000000.0	6
20170217_125124	88.8	-0.111852776	1000000.0	6
20170217_125134	88.6	-0.108759501	1000000.0	6
20170217_125144	88.8	-0.107354246	1000000.0	6
20170217_125154	88.8	-0.107874522	1000000.0	6
20170217_125204	88.8	-0.107569266	1000000.0	6
20170217_125214	89.0	-0.106451926	1000000.0	6
20170217_125224	89.2	-0.105948129	1000000.0	6
20170217_125234	89.0	-0.0989341924	1000000.0	6
20170217_125244	89.2	-0.0996555499	1000000.0	6
20170217_125254	88.8	-0.100817923	1000000.0	6
20170217_125304	89.2	-0.099954701	1000000.0	6
20170217_125314	89.2	-0.100533906	1000000.0	6
20170217_125324	89.4	-0.0943569327	1000000.0	6
20170217_125334	89.6	-0.0985974954	1000000.0	6
20170217_125344	89.8	-0.0964506309	1000000.0	6
20170217_125354	90.0	-0.0950915271	1000000.0	6
20170217_125404	90.0	-0.0902673117	1000000.0	6
20170217_125414	90.0	-0.0938376347	1000000.0	6
20170217_125424	90.0	-0.0918936548	1000000.0	6
20170217_125434	90.0	-0.0877301988	1000000.0	6
20170217_125444	87.3	-0.0913994104	1000000.0	6
20170217_125454	88.4	-0.0871820201	1000000.0	6
20170217_125504	88.4	-0.0894942334	1000000.0	6
20170217_125514	88.6	-0.0812414218	1000000.0	6
20170217_125524	88.8	-0.0896131559	1000000.0	6
20170217_125534	88.8	-0.08364762	1000000.0	6
20170217_125544	88.8	-0.0850344749	1000000.0	6
20170217_125554	88.8	-0.0869333526	1000000.0	6
20170217_125604	88.6	-0.0817915839	1000000.0	6
20170217_125614	88.6	-0.0783546362	1000000.0	6
20170217_125624	88.8	-0.0974552829	1000000.0	6
20170217_125634	88.6	-0.0855123741	1000000.0	6
20170217_125644	88.8	-0.0787349024	1000000.0	6
20170217_125654	88.8	-0.0797773744	1000000.0	6
20170217_125704	87.9	-0.0788735746	1000000.0	6
20170217_125714	87.7	-0.0852090345	1000000.0	6
20170217_125724	87.5	-0.0836181409	1000000.0	6
20170217_125734	87.7	-0.0847313428	1000000.0	6
20170217_125744	87.5	-0.0809075007	1000000.0	6
20170217_125754	87.7	-0.0818659745	1000000.0	6
20170217_125804	87.7	-0.0804567945	1000000.0	6
20170217_125814	87.9	-0.0781227535	1000000.0	6
20170217_125824	88.1	-0.0769403564	1000000.0	6
20170217_125834	88.1	-0.0737777937	1000000.0	6
20170217_125844	88.3	-0.0757375031	1000000.0	6
20170217_125854	88.3	-0.0744258556	1000000.0	6
20170217_125904	88.4	-0.0784063776	1000000.0	6
20170217_125914	88.6	-0.079236749	1000000.0	6
20170217_125924	87.5	-0.0778919041	1000000.0	6
20170217_125934	88.4	-0.0815242759	1000000.0	6
20170217_125944	88.6	-0.0791387299	1000000.0	6
20170217_125954	88.8	-0.0830413706	1000000.0	6
20170217_130004	89.0	-0.0806187677	1000000.0	6
20170217_130014	88.8	-0.0799089026	1000000.0	6
20170217_130024	89.0	-0.0785118911	1000000.0	6
20170217_130034	89.2	-0.0814731046	1000000.0	6
20170217_130044	89.2	-0.0814288675	1000000.0	6
20170217_130054	89.4	-0.0834612296	1000000.0	6
20170217_130104	89.6	-0.0892470109	1000000.0	6
20170217_130114	89.4	-0.0887154614	1000000.0	6
20170217_130124	89.4	-0.086002191	1000000.0	6
20170217_130134	89.6	-0.0841922585	1000000.0	6
20170217_130144	89.4	-0.0850372929	1000000.0	6
20170217_130154	89.6	-0.0843489766	1000000.0	6
20170217_130204	89.4	-0.0853443105	1000000.0	6
20170217_130214	89.8	-0.0821128971	1000000.0	6
20170217_130224	89.8	-0.0829251209	1000000.0	6
20170217_130234	90.0	-0.0980149125	1000000.0	6
20170217_130244	90.0	-0.0807812297	1000000.0	6
20170217_130254	90.0	-0.0796575472	1000000.0	6
20170217_130304	90.0	-0.0804462874	1000000.0	6
20170217_130314	90.0	-0.0798553756	1000000.0	6
20170217_130324	90.0	-0.0807037404	1000000.0	6
20170217_130334	90.0	-0.0831983896	1000000.0	6
20170217_130344	89.8	-0.0808111207	1000000.0	6
20170217_130354	89.8	-0.0825668548	1000000.0	6
20170217_130404	89.8	-0.0795987652	1000000.0	6
20170217_130414	89.6	-0.0834332302	1000000.0	6
20170217_130424	89.6	-0.0823182405	1000000.0	6
20170217_130434	89.4	-0.0853180504	1000000.0	6
20170217_130444	89.4	-0.0840774143	1000000.0	6
20170217_130454	89.4	-0.0852546413	1000000.0	6
20170217_130504	89.4	-0.0836501239	1000000.0	6
20170217_130514	89.2	-0.0758675465	1000000.0	6
20170217_130524	89.4	-0.0788234604	1000000.0	6
20170217_130534	89.6	-0.0853313628	1000000.0	6
20170217_130544	89.6	-0.0857801063	1000000.0	6
20170217_130554	89.8	-0.0844920369	1000000.0	6
20170217_130604	89.8	-0.0835128654	1000000.0	6
20170217_130614	89.4	-0.0823163076	1000000.0	6
20170217_130624	89.6	-0.0879220647	1000000.0	6
20170217_130634	89.8	-0.0841636845	1000000.0	6
20170217_130644	89.8	-0.08262783	1000000.0	6
20170217_130654	89.8	-0.0803115393	1000000.0	6
20170217_130704	89.8	-0.0842469452	1000000.0	6
20170217_130714	89.6	-0.0808362665	1000000.0	6
20170217_130724	89.6	-0.0836191327	1000000.0	6
20170217_130734	89.2	-0.0829357305	1000000.0	6
20170217_130744	89.2	-0.0854821089	1000000.0	6
20170217_130754	89.2	-0.0775756856	1000000.0	6
20170217_130804	89.2	-0.0787644578	1000000.0	6
20170217_130814	88.8	-0.0800667679	1000000.0	6
20170217_130824	87.3	-0.0814114198	1000000.0	6
20170217_130834	87.7	-0.0797590257	1000000.0	6
20170217_130844	87.5	-0.0822629693	1000000.0	6
20170217_130854	87.5	-0.0813226645	1000000.0	6
20170217_130904	87.7	-0.0821542945	1000000.0	6
20170217_130914	87.7	-0.0811593498	1000000.0	6
20170217_130924	87.9	-0.0835546841	1000000.0	6
20170217_130934	87.7	-0.0828542214	1000000.0	6
20170217_130944	87.5	-0.0874427911	1000000.0	6
20170217_130954	87.7	-0.0866630735	1000000.0	6
20170217_131004	87.7	-0.0857874564	1000000.0	6
20170217_131014	87.7	-0.086987239	1000000.0	6
20170217_131024	87.3	-0.0871037786	1000000.0	6
20170217_131034	87.1	-0.0862460538	1000000.0	6
20170217_131044	86.9	-0.0859679855	1000000.0	6
20170217_131054	86.9	-0.0870711346	1000000.0	6
20170217_131104	86.9	-0.0869525618	1000000.0	6
20170217_131114	86.9	-0.0871584369	1000000.0	6
20170217_131124	86.7	-0.0933636866	1000000.0	6
20170217_131134	86.4	-0.0937843437	1000000.0	6
20170217_131144	86.4	-0.0938999914	1000000.0	6
20170217_131154	86.6	-0.0909997196	1000000.0	6
20170217_131204	86.6	-0.0911733768	1000000.0	6
20170217_131214	86.6	-0.0945564925	1000000.0	6
20170217_131224	86.7	-0.0969540174	1000000.0	6
20170217_131234	86.7	-0.0935609627	1000000.0	6
20170217_131244	86.9	-0.0963363519	1000000.0	6
20170217_131254	87.3	-0.0938059847	1000000.0	6
20170217_131304	87.7	-0.0903967581	1000000.0	6
20170217_131314	87.5	-0.0906423087	1000000.0	6
20170217_131324	87.5	-0.100231442	1000000.0	6
20170217_131334	87.7	-0.0997723348	1000000.0	6
20170217_131344	87.5	-0.0950271805	1000000.0	6
20170217_131354	87.7	-0.0964387513	1000000.0	6
20170217_131404	87.7	-0.0947223421	1000000.0	6
20170217_131414	87.7	-0.092969939	1000000.0	6
20170217_131424	87.7	-0.0926935715	1000000.0	6
20170217_131434	87.9	-0.0941694336	1000000.0	6
20170217_131444	88.1	-0.0931518569	1000000.0	6
20170217_131454	88.1	-0.0927247165	1000000.0	6
20170217_131504	87.9	-0.0904608981	1000000.0	6
20170217_131514	88.1	-0.0927822042	1000000.0	6
20170217_131524	88.1	-0.0899253693	1000000.0	6
20170217_131534	88.3	-0.0912856236	1000000.0	6
20170217_131544	88.4	-0.0905119663	1000000.0	6
20170217_131554	88.1	-0.087288679	1000000.0	6
20170217_131604	88.3	-0.0892482039	1000000.0	6
20170217_131614	88.3	-0.0900303605	1000000.0	6
20170217_131624	88.3	-0.0899244591	1000000.0	6
20170217_131634	88.3	-0.0894018934	1000000.0	6
20170217_131644	88.3	-0.0902195696	1000000.0	6
20170217_131655	88.3	-0.0904178664	1000000.0	6
20170217_131704	88.3	-0.0893140083	1000000.0	6
20170217_131714	88.4	-0.089688164	1000000.0	6
20170217_131724	88.4	-0.0883462219	1000000.0	6
20170217_131734	88.4	-0.0873701712	1000000.0	6
20170217_131744	88.4	-0.0894131902	1000000.0	6
20170217_131754	87.5	-0.0881531102	1000000.0	6
20170217_131804	87.7	-0.0891930395	1000000.0	6
20170217_131814	87.7	-0.0896248548	1000000.0	6
20170217_131825	87.7	-0.0864508374	1000000.0	6
20170217_131834	87.9	-0.0866413257	1000000.0	6
20170217_131844	87.7	-0.086369058	1000000.0	6
20170217_131854	87.7	-0.0889485425	1000000.0	6
20170217_131904	87.5	-0.0865973626	1000000.0	6
20170217_131914	87.3	-0.0860278791	1000000.0	6
20170217_131924	87.5	-0.0899706114	1000000.0	6
20170217_131934	87.5	-0.0898575206	1000000.0	6
20170217_131944	87.5	-0.0904367559	1000000.0	6
20170217_131954	87.7	-0.090254702	1000000.0	6
20170217_132004	87.7	-0.0892856657	1000000.0	6
20170217_132014	87.7	-0.0902993915	1000000.0	6
20170217_132024	87.7	-0.0886563925	1000000.0	6
20170217_132034	87.7	-0.0880085973	1000000.0	6
20170217_132044	87.9	-0.0823497524	1000000.0	6
20170217_132054	87.5	-0.0814548674	1000000.0	6
20170217_132104	87.5	-0.0812834034	1000000.0	6
20170217_132114	87.3	-0.081728835	1000000.0	6
20170217_132124	87.3	-0.0814687351	1000000.0	6
20170217_132134	87.1	-0.0815472993	1000000.0	6
20170217_132144	87.7	-0.07884567	1000000.0	6
20170217_132154	87.9	-0.0789371118	1000000.0	6
20170217_132204	88.3	-0.0790392265	1000000.0	6
20170217_132214	88.3	-0.0827600612	1000000.0	6
20170217_132224	88.3	-0.0807475017	1000000.0	6
20170217_132234	88.4	-0.0795553014	1000000.0	6
20170217_132244	88.4	-0.0796828515	1000000.0	6
20170217_132254	88.4	-0.0803584587	1000000.0	6
20170217_132304	88.4	-0.0815586633	1000000.0	6
20170217_132314	88.1	-0.079748219	1000000.0	6
20170217_132324	88.6	-0.0781216823	1000000.0	6
20170217_132334	88.6	-0.0790610974	1000000.0	6
20170217_132344	88.6	-0.0800077533	1000000.0	6
20170217_132354	88.6	-0.079566926	1000000.0	6
20170217_132404	88.6	-0.0789649688	1000000.0	6
20170217_132414	88.6	-0.0780370238	1000000.0	6
20170217_132424	88.6	-0.0777227305	1000000.0	6
20170217_132434	88.4	-0.0771570091	1000000.0	6
20170217_132444	88.8	-0.0768120497	1000000.0	6
20170217_132454	88.6	-0.0778352577	1000000.0	6
20170217_132504	88.8	-0.0771506609	1000000.0	6
20170217_132514	88.6	-0.0804011583	1000000.0	6
20170217_132524	88.6	-0.0797067499	1000000.0	6
20170217_132534	88.6	-0.0861733608	1000000.0	6
20170217_132544	88.4	-0.083349714	1000000.0	6
20170217_132554	88.4	-0.0828009184	1000000.0	6
20170217_132604	88.3	-0.0813004975	1000000.0	6
20170217_132614	88.1	-0.0810853251	1000000.0	6
20170217_132624	87.7	-0.082721867	1000000.0	6
20170217_132634	88.1	-0.0824110412	1000000.0	6
20170217_132644	88.1	-0.0755907185	1000000.0	6
20170217_132654	88.1	-0.0766469148	1000000.0	6
20170217_132704	88.1	-0.0824897892	1000000.0	6
20170217_132714	88.1	-0.0839345037	1000000.0	6
20170217_132724	88.3	-0.0832634554	1000000.0	6
20170217_132734	88.1	-0.0819383868	1000000.0	6
20170217_132744	86.7	-0.0825751121	1000000.0	6
20170217_132754	87.9	-0.0817367554	1000000.0	6
20170217_132804	88.3	-0.0842533338	1000000.0	6
20170217_132814	88.1	-0.0818539691	1000000.0	6
20170217_132824	87.9	-0.0837643293	1000000.0	6
20170217_132834	87.9	-0.0829405858	1000000.0	6
20170217_132844	87.7	-0.0839128052	1000000.0	6
20170217_132854	87.9	-0.110112081	1000000.0	6
20170217_132904	87.9	-0.102675134	1000000.0	6
20170217_132914	87.9	-0.0983021674	1000000.0	6
20170217_132924	87.9	-0.0946034718	1000000.0	6
20170217_132934	88.1	-0.0875035655	1000000.0	6
20170217_132944	87.9	-0.090299814	1000000.0	6
20170217_132954	88.1	-0.0827139452	1000000.0	6
20170217_133004	88.1	-0.0845568519	1000000.0	6
20170217_133014	87.5	-0.0781142999	1000000.0	6
20170217_133024	87.5	-0.0837794557	1000000.0	6
20170217_133034	87.5	-0.0844180936	1000000.0	6
20170217_133044	87.3	-0.0859698941	1000000.0	6
20170217_133054	87.5	-0.0862542588	1000000.0	6
20170217_133104	87.7	-0.0856634594	1000000.0	6
20170217_133114	87.9	-0.0862204345	1000000.0	6
20170217_133124	87.9	-0.076235405	1000000.0	6
20170217_133134	87.9	-0.0784638483	1000000.0	6
20170217_133144	87.9	-0.073944337	1000000.0	6
20170217_133154	88.1	-0.0797762581	1000000.0	6
20170217_133204	83.5	-0.0748270499	1000000.0	6
20170217_133214	87.5	-0.0764068889	1000000.0	6
20170217_133224	87.7	-0.0746194079	1000000.0	6
20170217_133234	87.7	-0.080415871	1000000.0	6
20170217_133244	87.7	-0.0834276886	1000000.0	6
20170217_133254	87.9	-0.0828034665	1000000.0	6
20170217_133304	87.9	-0.0801655685	1000000.0	6
20170217_133314	87.7	-0.079937562	1000000.0	6
20170217_133324	88.1	-0.0808754471	1000000.0	6
20170217_133334	87.9	-0.0833151759	1000000.0	6
20170217_133344	87.9	-0.0820464224	1000000.0	6
20170217_133354	88.1	-0.0816093	1000000.0	6
20170217_133404	88.3	-0.0853560036	1000000.0	6
20170217_133414	88.4	-0.0836124973	1000000.0	6
20170217_133424	88.4	-0.0839730751	1000000.0	6
20170217_133434	88.3	-0.081152659	1000000.0	6
20170217_133444	88.4	-0.0859233043	1000000.0	6
20170217_133454	88.6	-0.0826336475	1000000.0	6
20170217_133504	88.3	-0.0808498756	1000000.0	6
20170217_133514	88.3	-0.0776430413	1000000.0	6
20170217_133524	88.3	-0.0797105766	1000000.0	6
20170217_133534	88.3	-0.076804564	1000000.0	6
20170217_133544	88.3	-0.0769480463	1000000.0	6
20170217_133554	88.3	-0.082980282	1000000.0	6
20170217_133604	88.3	-0.0819784955	1000000.0	6
20170217_133614	88.4	-0.0850800698	1000000.0	6
20170217_133624	88.4	-0.086319784	1000000.0	6
20170217_133634	88.3	-0.0812143072	1000000.0	6
20170217_133644	88.3	-0.0810531252	1000000.0	6
20170217_133654	88.4	-0.0811480184	1000000.0	6
20170217_133704	88.4	-0.0841735434	1000000.0	6
20170217_133714	88.3	-0.080605887	1000000.0	6
20170217_133724	88.4	-0.0813638037	1000000.0	6
20170217_133734	88.4	-0.081982915	1000000.0	6
20170217_133744	88.6	-0.0814791233	1000000.0	6
20170217_133754	88.6	-0.085374893	1000000.0	6
20170217_133804	88.8	-0.0893266235	1000000.0	6
20170217_133814	89.4	-0.0870403736	1000000.0	6
20170217_133824	88.6	-0.081201572	1000000.0	6
20170217_133834	88.4	-0.0742225786	1000000.0	6
20170217_133844	88.6	-0.0772245645	1000000.0	6
20170217_133854	88.6	-0.0762708611	1000000.0	6
20170217_133904	88.3	-0.0775198063	1000000.0	6
20170217_133914	88.6	-0.161479251	1000000.0	6
20170217_133924	88.8	-0.075367383	1000000.0	6
20170217_133934	88.6	-0.0728332638	1000000.0	6
20170217_133944	88.6	-0.0760292728	1000000.0	6
20170217_133954	88.6	-0.0742787336	1000000.0	6
20170217_134004	88.8	-0.0730228978	1000000.0	6
20170217_134014	88.8	-0.0731003355	1000000.0	6
20170217_134024	89.0	-0.0743619168	1000000.0	6
20170217_134034	88.8	-0.0731480806	1000000.0	6
20170217_134044	88.8	-0.0732881519	1000000.0	6
20170217_134054	88.8	-0.0805081568	1000000.0	6
20170217_134104	88.8	-0.0786753569	1000000.0	6
20170217_134114	87.5	-0.0806907308	1000000.0	6
20170217_134124	88.3	-0.0803231971	1000000.0	6
20170217_134134	87.9	-0.0807005159	1000000.0	6
20170217_134144	87.9	-0.0801859609	1000000.0	6
20170217_134154	87.9	-0.080883146	1000000.0	6
20170217_134204	87.1	-0.0807557422	1000000.0	6
20170217_134214	87.1	-0.0793016963	1000000.0	6
20170217_134224	87.1	-0.073179097	1000000.0	6
20170217_134234	86.9	-0.0722418666	1000000.0	6
20170217_134244	87.3	-0.0727009004	1000000.0	6
20170217_134254	87.3	-0.0722716037	1000000.0	6
20170217_134304	87.5	-0.0729378941	1000000.0	6
20170217_134314	87.5	-0.07261518	1000000.0	6
20170217_134324	87.5	-0.0743565993	1000000.0	6
20170217_134334	87.7	-0.0735083388	1000000.0	6
20170217_134344	87.7	-0.0748578179	1000000.0	6
20170217_134354	87.7	-0.0734104969	1000000.0	6
20170217_134404	87.9	-0.0720678526	1000000.0	6
20170217_134414	88.1	-0.0733333905	1000000.0	6
20170217_134424	88.8	-0.0744495319	1000000.0	6
20170217_134434	89.2	-0.0729164796	1000000.0	6
20170217_134444	89.0	-0.0723410517	1000000.0	6
20170217_134454	88.6	-0.0708874652	1000000.0	6
20170217_134504	88.6	-0.0704161905	1000000.0	6
20170217_134514	88.4	-0.0715854941	1000000.0	6
20170217_134524	87.3	-0.0692485708	1000000.0	6
20170217_134534	87.5	-0.0710058449	1000000.0	6
20170217_134544	87.3	-0.0710823452	1000000.0	6
20170217_134555	87.3	-0.0709432872	1000000.0	6
20170217_134604	87.3	-0.0710856936	1000000.0	6
20170217_134614	87.3	-0.0713522841	1000000.0	6
20170217_134624	87.1	-0.072310154	1000000.0	6
20170217_134634	87.3	-0.0727076161	1000000.0	6
20170217_134644	87.1	-0.0739229867	1000000.0	6
20170217_134654	87.1	-0.0689229047	1000000.0	6
20170217_134704	87.3	-0.0730360136	1000000.0	6
20170217_134714	87.3	-0.0710294807	1000000.0	6
20170217_134724	87.3	-0.0685087414	1000000.0	6
20170217_134734	87.3	-0.0689875671	1000000.0	6
20170217_134744	87.5	-0.066700207	1000000.0	6
20170217_134754	87.5	-0.0658231087	1000000.0	6
20170217_134804	87.5	-0.0672660661	1000000.0	6
20170217_134814	87.5	-0.0704604693	1000000.0	6
20170217_134824	87.5	-0.0692534053	1000000.0	6
20170217_134834	87.5	-0.068503784	1000000.0	6
20170217_134844	87.5	-0.0710398678	1000000.0	6
20170217_134854	87.7	-0.0658935948	1000000.0	6
20170217_134904	87.7	-0.0713106434	1000000.0	6
20170217_134914	87.7	-0.0684328939	1000000.0	6
20170217_134924	87.7	-0.068303215	1000000.0	6
20170217_134934	87.9	-0.0666386393	1000000.0	6
20170217_134944	88.1	-0.0678152694	1000000.0	6
20170217_134954	88.8	-0.0696733143	1000000.0	6
20170217_135004	89.0	-0.0705938801	1000000.0	6
20170217_135014	88.6	-0.0680551339	1000000.0	6
20170217_135024	88.6	-0.0811195343	1000000.0	6
20170217_135034	89.0	-0.0705264855	1000000.0	6
20170217_135044	88.8	-0.0687153389	1000000.0	6
20170217_135054	88.8	-0.0672838204	1000000.0	6
20170217_135104	89.0	-0.0679144596	1000000.0	6
20170217_135114	87.9	-0.0685976911	1000000.0	6
20170217_135124	87.7	-0.0700017148	1000000.0	6
20170217_135134	88.1	-0.0684181622	1000000.0	6
20170217_135144	88.4	-0.0678674835	1000000.0	6
20170217_135154	88.1	-0.068645299	1000000.0	6
20170217_135204	88.1	-0.0642519661	1000000.0	6
20170217_135214	87.9	-0.0605157295	1000000.0	6
20170217_135224	88.3	-0.0598930501	1000000.0	6
20170217_135234	87.5	-0.0559894557	1000000.0	6
20170217_135244	88.3	-0.0549125812	1000000.0	6
20170217_135254	88.1	-0.0568691667	1000000.0	6
20170217_135304	88.3	-0.0574943325	1000000.0	6
20170217_135314	88.3	-0.0543725934	1000000.0	6
20170217_135324	88.3	-0.0542086133	1000000.0	6
20170217_135334	88.1	-0.0535254799	1000000.0	6
20170217_135344	88.3	-0.0532366844	1000000.0	6
20170217_135354	88.1	-0.0514981318	1000000.0	6
20170217_135404	88.3	-0.0515764585	1000000.0	6
20170217_135414	88.4	-0.0506364551	1000000.0	6
20170217_135424	88.3	-0.0511534214	1000000.0	6
20170217_135434	88.6	-0.0520412266	1000000.0	6
20170217_135444	88.6	-0.0516966958	1000000.0	6
20170217_135454	88.8	-0.0659712559	1000000.0	6
20170217_135504	89.0	-0.058507336	1000000.0	6
20170217_135514	89.0	-0.0579391155	1000000.0	6
20170217_135524	89.0	-0.0578646952	1000000.0	6
20170217_135534	89.2	-0.0563873432	1000000.0	6
20170217_135544	89.0	-0.0572591725	1000000.0	6
20170217_135554	89.0	-0.0582460266	1000000.0	6
20170217_135604	89.0	-0.057702766	1000000.0	6
20170217_135614	88.6	-0.0576060772	1000000.0	6
20170217_135624	88.8	-0.0571758045	1000000.0	6
20170217_135634	89.2	-0.0569466342	1000000.0	6
20170217_135644	89.2	-0.0554856636	1000000.0	6
20170217_135654	89.2	-0.0585176075	1000000.0	6
20170217_135704	89.6	-0.0562725153	1000000.0	6
20170217_135714	89.4	-0.0561457441	1000000.0	6
20170217_135724	89.2	-0.0571425194	1000000.0	6
20170217_135734	89.4	-0.0583757412	1000000.0	6
20170217_135744	89.4	-0.0585964563	1000000.0	6
20170217_135754	89.6	-0.0614384949	1000000.0	6
20170217_135804	89.4	-0.0605818807	1000000.0	6
20170217_135814	89.2	-0.0574525219	1000000.0	6
20170217_135824	89.2	-0.0581579289	1000000.0	6
20170217_135834	89.8	-0.05925572	1000000.0	6
20170217_135844	89.8	-0.0621358346	1000000.0	6
20170217_135854	89.8	-0.0633864488	1000000.0	6
20170217_135904	89.8	-0.0621453392	1000000.0	6
20170217_135914	89.8	-0.0636857603	1000000.0	6
20170217_135924	89.8	-0.0635104714	1000000.0	6
20170217_135934	90.0	-0.0640779214	1000000.0	6
20170217_135944	89.8	-0.0626657387	1000000.0	6
20170217_135954	89.8	-0.0627951632	1000000.0	6
20170217_140004	89.8	-0.0661073223	1000000.0	6
20170217_140014	89.6	-0.0665812705	1000000.0	6
20170217_140024	89.6	-0.0667256009	1000000.0	6
20170217_140034	89.6	-0.0663023404	1000000.0	6
20170217_140044	89.6	-0.066739426	1000000.0	6
20170217_140054	89.8	-0.0673084335	1000000.0	6
20170217_140104	89.8	-0.0704520547	1000000.0	6
20170217_140114	89.8	-0.0712369107	1000000.0	6
20170217_140124	89.6	-0.0705088767	1000000.0	6
20170217_140134	89.8	-0.0701238904	1000000.0	6
20170217_140144	89.6	-0.0716232954	1000000.0	6
20170217_140154	89.8	-0.071916766	1000000.0	6
20170217_140204	89.6	-0.071410904	1000000.0	6
20170217_140214	89.6	-0.070478815	1000000.0	6
20170217_140224	88.3	-0.0728094184	1000000.0	6
20170217_140234	88.6	-0.0701222538	1000000.0	6
20170217_140244	88.8	-0.0720485017	1000000.0	6
20170217_140254	88.8	-0.073831189	1000000.0	6
20170217_140304	89.0	-0.0749424917	1000000.0	6
20170217_140314	89.0	-0.0738558122	1000000.0	6
20170217_140324	89.0	-0.0725008459	1000000.0	6
20170217_140334	89.0	-0.0713948855	1000000.0	6
20170217_140344	88.8	-0.0728780156	1000000.0	6
20170217_140354	88.8	-0.0737607328	1000000.0	6
20170217_140404	88.8	-0.0987996617	1000000.0	6
20170217_140414	89.0	-0.0825408187	1000000.0	6
20170217_140424	88.8	-0.0796672543	1000000.0	6
20170217_140434	89.0	-0.0794287489	1000000.0	6
20170217_140444	88.8	-0.0797490723	1000000.0	6
20170217_140454	88.8	-0.0759622746	1000000.0	6
20170217_140504	88.8	-0.0770664064	1000000.0	6
20170217_140514	88.8	-0.0761958182	1000000.0	6
20170217_140524	87.1	-0.0747264916	1000000.0	6
20170217_140534	87.1	-0.0753621258	1000000.0	6
20170217_140544	87.1	-0.0771302397	1000000.0	6
20170217_140554	87.3	-0.0785522295	1000000.0	6
20170217_140604	87.5	-0.0795449365	1000000.0	6
20170217_140614	87.5	-0.0766556081	1000000.0	6
20170217_140624	87.5	-0.0799557835	1000000.0	6
20170217_140634	87.7	-0.0808803468	1000000.0	6
20170217_140644	87.7	-0.0781550005	1000000.0	6
20170217_140654	87.9	-0.0835616169	1000000.0	6
20170217_140704	88.1	-0.0833197504	1000000.0	6
20170217_140714	88.1	-0.0826650823	1000000.0	6
20170217_140724	88.1	-0.0842033711	1000000.0	6
20170217_140734	88.4	-0.0820279068	1000000.0	6
20170217_140744	88.8	-0.0825041814	1000000.0	6
20170217_140754	89.0	-0.0833064077	1000000.0	6
20170217_140804	88.6	-0.0819438044	1000000.0	6
20170217_140814	88.6	-0.0832281615	1000000.0	6
20170217_140824	88.8	-0.0822051798	1000000.0	6
20170217_140834	88.4	-0.0814305739	1000000.0	6
20170217_140844	88.4	-0.0812960333	1000000.0	6
20170217_140854	88.8	-0.0818143685	1000000.0	6
20170217_140904	89.2	-0.0805550444	1000000.0	6
20170217_140914	89.4	-0.0808439334	1000000.0	6
20170217_140924	89.2	-0.0793082716	1000000.0	6
20170217_140934	89.6	-0.0794727783	1000000.0	6
20170217_140944	88.8	-0.0819769	1000000.0	6
20170217_140954	89.0	-0.0821029615	1000000.0	6
20170217_141004	89.4	-0.0810035586	1000000.0	6
20170217_141014	89.0	-0.0800887457	1000000.0	6
20170217_141024	89.4	-0.0757106814	1000000.0	6
20170217_141034	89.4	-0.0741782763	1000000.0	6
20170217_141044	89.4	-0.0752824538	1000000.0	6
20170217_141054	89.4	-0.0737863135	1000000.0	6
20170217_141104	89.4	-0.0736804739	1000000.0	6
20170217_141114	89.4	-0.0734188491	1000000.0	6
20170217_141124	89.4	-0.0741637041	1000000.0	6
20170217_141134	89.4	-0.0740304495	1000000.0	6
20170217_141144	89.4	-0.0734304999	1000000.0	6
20170217_141154	89.4	-0.0768596248	1000000.0	6
20170217_141204	89.4	-0.0764532475	1000000.0	6
20170217_141214	89.4	-0.0756123395	1000000.0	6
20170217_141224	89.6	-0.0753691178	1000000.0	6
20170217_141234	87.9	-0.0743766661	1000000.0	6
20170217_141244	87.7	-0.07434303	1000000.0	6
20170217_141254	88.3	-0.0745297916	1000000.0	6
20170217_141304	88.3	-0.0735644231	1000000.0	6
20170217_141314	88.1	-0.0758774243	1000000.0	6
20170217_141324	88.1	-0.0762774242	1000000.0	6
20170217_141334	87.5	-0.0727409978	1000000.0	6
20170217_141344	87.9	-0.0755041493	1000000.0	6
20170217_141354	87.9	-0.0736527541	1000000.0	6
20170217_141404	88.1	-0.0725766799	1000000.0	6
20170217_141414	88.1	-0.0722456995	1000000.0	6
20170217_141424	88.1	-0.0720449278	1000000.0	6
20170217_141434	88.3	-0.0754102842	1000000.0	6
20170217_141444	88.3	-0.0789059561	1000000.0	6
20170217_141454	88.4	-0.0745706673	1000000.0	6
20170217_141504	88.3	-0.0731230195	1000000.0	6
20170217_141514	88.3	-0.0736065617	1000000.0	6
20170217_141524	88.4	-0.0744716108	1000000.0	6
20170217_141534	88.3	-0.0740280102	1000000.0	6
20170217_141544	88.1	-0.0743085458	1000000.0	6
20170217_141554	88.1	-0.0747505627	1000000.0	6
20170217_141604	88.1	-0.0748754823	1000000.0	6
20170217_141614	88.3	-0.0745082693	1000000.0	6
20170217_141624	88.1	-0.0755547559	1000000.0	6
20170217_141634	88.1	-0.0755584381	1000000.0	6
20170217_141644	88.1	-0.0775359328	1000000.0	6
20170217_141654	88.3	-0.0758517243	1000000.0	6
20170217_141704	88.3	-0.0759511287	1000000.0	6
20170217_141714	88.3	-0.0751913428	1000000.0	6
20170217_141724	88.3	-0.0751351322	1000000.0	6
20170217_141734	88.4	-0.0737666716	1000000.0	6
20170217_141744	88.3	-0.0732907888	1000000.0	6
20170217_141754	88.1	-0.0724319554	1000000.0	6
20170217_141804	88.3	-0.0742061463	1000000.0	6
20170217_141814	87.5	-0.0745143015	1000000.0	6
20170217_141824	87.7	-0.0781318144	1000000.0	6
20170217_141834	87.9	-0.0782095555	1000000.0	6
20170217_141844	87.7	-0.0767642686	1000000.0	6
20170217_141854	87.9	-0.0768243005	1000000.0	6
20170217_141904	87.7	-0.0768321041	1000000.0	6
20170217_141914	87.9	-0.0781285904	1000000.0	6
20170217_141924	88.1	-0.0780969097	1000000.0	6
20170217_141934	88.1	-0.0752524973	1000000.0	6
20170217_141944	88.1	-0.0739526243	1000000.0	6
20170217_141954	89.0	-0.0731798094	1000000.0	6
20170217_142004	88.8	-0.0738043791	1000000.0	6
20170217_142014	88.6	-0.0731698585	1000000.0	6
20170217_142024	88.8	-0.0766225364	1000000.0	6
20170217_142034	88.8	-0.0778415403	1000000.0	6
20170217_142044	89.0	-0.0759106068	1000000.0	6
20170217_142054	89.0	-0.0763183391	1000000.0	6
20170217_142104	89.0	-0.079206123	1000000.0	6
20170217_142114	89.0	-0.0789914086	1000000.0	6
20170217_142124	89.2	-0.0745864734	1000000.0	6
20170217_142134	89.0	-0.0757302044	1000000.0	6
20170217_142144	88.6	-0.0754319218	1000000.0	6
20170217_142154	88.4	-0.0792881362	1000000.0	6
20170217_142204	88.3	-0.0765369277	1000000.0	6
20170217_142214	89.4	-0.0807826207	1000000.0	6
20170217_142224	89.0	-0.0809315956	1000000.0	6
20170217_142234	89.0	-0.0781096001	1000000.0	6
20170217_142244	89.0	-0.0780745015	1000000.0	6
20170217_142254	89.0	-0.0769465354	1000000.0	6
20170217_142304	89.2	-0.0763397856	1000000.0	6
20170217_142314	88.8	-0.0761709768	1000000.0	6
20170217_142324	88.8	-0.0855284459	1000000.0	6
20170217_142334	89.2	-0.0829397468	1000000.0	6
20170217_142344	88.8	-0.0709857688	1000000.0	6
20170217_142354	88.8	-0.0681874189	1000000.0	6
20170217_142404	89.2	-0.0673706098	1000000.0	6
20170217_142414	89.0	-0.0681462951	1000000.0	6
20170217_142424	89.2	-0.0677391391	1000000.0	6
20170217_142434	89.2	-0.0669778425	1000000.0	6
20170217_142444	89.0	-0.0698163526	1000000.0	6
20170217_142454	89.0	-0.0683661794	1000000.0	6
20170217_142504	89.0	-0.0651411095	1000000.0	6
20170217_142514	89.0	-0.0631590893	1000000.0	6
20170217_142524	89.0	-0.0632654085	1000000.0	6
20170217_142534	89.2	-0.0630853642	1000000.0	6
20170217_142544	89.0	-0.0637223499	1000000.0	6
20170217_142554	89.0	-0.0634553181	1000000.0	6
20170217_142604	88.8	-0.0629602333	1000000.0	6
20170217_142614	89.2	-0.0628222987	1000000.0	6
20170217_142624	89.4	-0.0629039455	1000000.0	6
20170217_142634	89.2	-0.0636543899	1000000.0	6
20170217_142644	88.8	-0.0665591171	1000000.0	6
20170217_142654	88.8	-0.0660747519	1000000.0	6
20170217_142704	89.2	-0.0679439916	1000000.0	6
20170217_142714	89.2	-0.0670353491	1000000.0	6
20170217_142724	88.8	-0.0671518041	1000000.0	6
20170217_142734	88.8	-0.0698902472	1000000.0	6
20170217_142745	88.8	-0.0698919502	1000000.0	6
20170217_142754	89.2	-0.0670362471	1000000.0	6
20170217_142804	89.4	-0.0666077777	1000000.0	6
20170217_142814	89.6	-0.0662517968	1000000.0	6
20170217_142824	88.8	-0.0689540905	1000000.0	6
20170217_142834	89.0	-0.0687502842	1000000.0	6
20170217_142844	89.4	-0.0684175269	1000000.0	6
20170217_142854	89.6	-0.0664876037	1000000.0	6
20170217_142904	89.4	-0.0681868817	1000000.0	6
20170217_142914	88.6	-0.07281931	1000000.0	6
20170217_142924	89.0	-0.0698020752	1000000.0	6
20170217_142934	89.0	-0.0688524	1000000.0	6
20170217_142944	88.8	-0.0705299553	1000000.0	6
20170217_142954	88.8	-0.0700551193	1000000.0	6
20170217_143004	89.0	-0.075018482	1000000.0	6
20170217_143014	89.0	-0.0713183884	1000000.0	6
20170217_143024	89.0	-0.070059068	1000000.0	6
20170217_143034	89.0	-0.0720128438	1000000.0	6
20170217_143044	89.0	-0.0693525887	1000000.0	6
20170217_143054	89.2	-0.0796924558	1000000.0	6
20170217_143104	89.2	-0.0774938985	1000000.0	6
20170217_143114	89.2	-0.0792652153	1000000.0	6
20170217_143124	89.0	-0.0785577796	1000000.0	6
20170217_143134	89.2	-0.0743055381	1000000.0	6
20170217_143144	89.2	-0.0740226987	1000000.0	6
20170217_143154	89.6	-0.0769729964	1000000.0	6
20170217_143204	89.6	-0.0749711704	1000000.0	6
20170217_143214	89.6	-0.0659159891	1000000.0	6
20170217_143224	89.6	-0.0653693618	1000000.0	6
20170217_143234	89.6	-0.0702666919	1000000.0	6
20170217_143244	89.4	-0.0688578536	1000000.0	6
20170217_143254	89.6	-0.0678605738	1000000.0	6
20170217_143304	89.6	-0.0624103643	1000000.0	6
20170217_143314	89.6	-0.0683256068	1000000.0	6
20170217_143324	89.6	-0.0655628503	1000000.0	6
20170217_143334	89.6	-0.0674386089	1000000.0	6
20170217_143344	89.0	-0.0687282752	1000000.0	6
20170217_143354	89.2	-0.0688433727	1000000.0	6
20170217_143404	89.0	-0.069391083	1000000.0	6
20170217_143414	89.2	-0.0690885368	1000000.0	6
20170217_143424	89.0	-0.0674288675	1000000.0	6
20170217_143434	89.2	-0.0640658534	1000000.0	6
20170217_143444	89.0	-0.0697539121	1000000.0	6
20170217_143454	89.2	-0.0677618148	1000000.0	6
20170217_143504	87.9	-0.0666816646	1000000.0	6
20170217_143514	88.6	-0.0650199715	1000000.0	6
20170217_143524	88.4	-0.0698734696	1000000.0	6
20170217_143534	88.4	-0.0649559191	1000000.0	6
20170217_143544	88.6	-0.0628085284	1000000.0	6
20170217_143554	88.6	-0.0647492827	1000000.0	6
20170217_143604	88.8	-0.0650309435	1000000.0	6
20170217_143614	88.6	-0.0664973345	1000000.0	6
20170217_143624	88.6	-0.0657031601	1000000.0	6
20170217_143634	88.6	-0.0672980492	1000000.0	6
20170217_143644	88.6	-0.0634635617	1000000.0	6
20170217_143654	88.6	-0.0633928022	1000000.0	6
20170217_143704	88.8	-0.0626462576	1000000.0	6
20170217_143714	89.0	-0.0638432924	1000000.0	6
20170217_143724	89.0	-0.0623072523	1000000.0	6
20170217_143734	89.2	-0.0653333562	1000000.0	6
20170217_143744	89.0	-0.0585839616	1000000.0	6
20170217_143754	89.2	-0.0620003318	1000000.0	6
20170217_143804	89.4	-0.0609613851	1000000.0	6
20170217_143814	89.4	-0.0629349359	1000000.0	6
20170217_143824	89.6	-0.0647496313	1000000.0	6
20170217_143834	89.0	-0.0623179026	1000000.0	6
20170217_143844	89.0	-0.0624403146	1000000.0	6
20170217_143854	89.2	-0.0550883494	1000000.0	6
20170217_143904	89.6	-0.0599593656	1000000.0	6
20170217_143914	89.6	-0.0607687825	1000000.0	6
20170217_143924	89.8	-0.0631547562	1000000.0	6
20170217_143934	89.6	-0.0647426907	1000000.0	6
20170217_143944	89.8	-0.0628160135	1000000.0	6
20170217_143954	90.0	-0.0612068954	1000000.0	6
20170217_144004	89.8	-0.0574475729	1000000.0	6
20170217_144014	90.1	-0.0579340048	1000000.0	6
20170217_144024	90.1	-0.0590537289	1000000.0	6
20170217_144034	90.1	-0.0602016948	1000000.0	6
20170217_144044	90.1	-0.0558077896	1000000.0	6
20170217_144054	90.1	-0.0574317216	1000000.0	6
20170217_144104	90.1	-0.058332579	1000000.0	6
20170217_144114	90.0	-0.0576889629	1000000.0	6
20170217_144124	90.1	-0.0578524481	1000000.0	6
20170217_144134	89.8	-0.0619292086	1000000.0	6
20170217_144144	89.6	-0.0623375161	1000000.0	6
20170217_144154	89.6	-0.0623198588	1000000.0	6
20170217_144204	89.4	-0.0652445264	1000000.0	6
20170217_144214	89.2	-0.0605786677	1000000.0	6
20170217_144224	89.0	-0.062201495	1000000.0	6
20170217_144234	88.8	-0.0619712629	1000000.0	6
20170217_144245	88.3	-0.0625144256	1000000.0	6
20170217_144254	88.8	-0.0628131604	1000000.0	6
20170217_144304	88.4	-0.0628451248	1000000.0	6
20170217_144314	88.1	-0.0594954896	1000000.0	6
20170217_144324	88.8	-0.0603273279	1000000.0	6
20170217_144334	88.6	-0.0623627131	1000000.0	6
20170217_144344	89.0	-0.0646368176	1000000.0	6
20170217_144355	89.0	-0.0647749506	1000000.0	6
20170217_144404	89.2	-0.0640738075	1000000.0	6
20170217_144414	89.2	-0.0584638237	1000000.0	6
20170217_144424	89.2	-0.0591583757	1000000.0	6
20170217_144434	89.4	-0.0608933671	1000000.0	6
20170217_144444	89.4	-0.0635510871	1000000.0	6
20170217_144454	89.8	-0.0637858536	1000000.0	6
20170217_144504	89.6	-0.0621819362	1000000.0	6
20170217_144514	89.6	-0.0609953881	1000000.0	6
20170217_144524	89.4	-0.0612450754	1000000.0	6
20170217_144534	89.8	-0.0621424265	1000000.0	6
20170217_144544	89.8	-0.0606764202	1000000.0	6
20170217_144554	89.6	-0.0602640387	1000000.0	6
20170217_144604	90.0	-0.0592628517	1000000.0	6
20170217_144614	88.6	-0.0606712191	1000000.0	6
20170217_144624	89.0	-0.0634021189	1000000.0	6
20170217_144634	89.4	-0.0617215166	1000000.0	6
20170217_144644	89.4	-0.0640743954	1000000.0	6
20170217_144654	89.4	-0.0627228112	1000000.0	6
20170217_144704	89.6	-0.0638567745	1000000.0	6
20170217_144714	89.4	-0.0654577685	1000000.0	6
20170217_144724	89.6	-0.0655939467	1000000.0	6
20170217_144734	89.4	-0.0654151882	1000000.0	6
20170217_144744	89.2	-0.0663437624	1000000.0	6
20170217_144754	89.2	-0.0655588037	1000000.0	6
20170217_144804	89.4	-0.0653435962	1000000.0	6
20170217_144814	89.6	-0.0653938018	1000000.0	6
20170217_144824	89.4	-0.0660608437	1000000.0	6
20170217_144834	89.2	-0.0663092251	1000000.0	6
20170217_144844	89.2	-0.066047426	1000000.0	6
20170217_144854	89.0	-0.065623264	1000000.0	6
20170217_144904	89.0	-0.0669282873	1000000.0	6
20170217_144914	89.0	-0.0678723428	1000000.0	6
20170217_144924	89.2	-0.065041008	1000000.0	6
20170217_144934	89.6	-0.067323574	1000000.0	6
20170217_144944	89.4	-0.0680084318	1000000.0	6
20170217_144954	89.6	-0.0662289105	1000000.0	6
20170217_145004	90.0	-0.069629813	1000000.0	6
20170217_145014	89.2	-0.0713234741	1000000.0	6
20170217_145024	90.0	-0.0699190458	1000000.0	6
20170217_145034	89.2	-0.0703484592	1000000.0	6
20170217_145044	89.6	-0.0696395005	1000000.0	6
20170217_145054	89.2	-0.0736716505	1000000.0	6
20170217_145104	90.1	-0.071942291	1000000.0	6
20170217_145114	89.6	-0.0731439072	1000000.0	6
20170217_145124	89.4	-0.0714532634	1000000.0	6
20170217_145134	90.1	-0.0709783195	1000000.0	6
20170217_145144	90.1	-0.073138496	1000000.0	6
20170217_145154	90.1	-0.0736957939	1000000.0	6
20170217_145204	90.1	-0.0755517537	1000000.0	6
20170217_145214	90.0	-0.0692762368	1000000.0	6
20170217_145224	90.1	-0.0733532949	1000000.0	6
20170217_145234	90.1	-0.0744164731	1000000.0	6
20170217_145244	90.1	-0.0726554403	1000000.0	6
20170217_145254	90.3	-0.0834026252	1000000.0	6
20170217_145304	90.5	-0.080739144	1000000.0	6
20170217_145314	90.1	-0.0788302053	1000000.0	6
20170217_145324	90.1	-0.0792704614	1000000.0	6
20170217_145334	90.3	-0.081555994	1000000.0	6
20170217_145344	89.8	-0.0839572091	1000000.0	6
20170217_145354	89.6	-0.0791266073	1000000.0	6
20170217_145404	89.0	-0.0813770419	1000000.0	6
20170217_145414	89.2	-0.0784394864	1000000.0	6
20170217_145424	89.0	-0.08706329	1000000.0	6
20170217_145434	88.8	-0.0767499514	1000000.0	6
20170217_145444	89.0	-0.0757910554	1000000.0	6
20170217_145454	88.8	-0.0763268504	1000000.0	6
20170217_145504	88.8	-0.074816218	1000000.0	6
20170217_145514	89.0	-0.0780992575	1000000.0	6
20170217_145524	88.8	-0.0752047881	1000000.0	6
20170217_145534	88.8	-0.0762572042	1000000.0	6
20170217_145544	89.0	-0.0765313065	1000000.0	6
20170217_145554	89.0	-0.0771690649	1000000.0	6
20170217_145604	89.0	-0.0721445655	1000000.0	6
20170217_145614	89.0	-0.0763264212	1000000.0	6
