20170127_102529	22.1	0.00185795967	1000000.0	6
20170127_102539	22.1	-0.710138815	1000000.0	6
20170127_102549	22.1	-0.553046617	1000000.0	6
20170127_102559	22.1	-0.452914933	1000000.0	6
20170127_102609	22.1	-0.401724127	1000000.0	6
20170127_102619	22.1	-0.376684326	1000000.0	6
20170127_102629	22.1	-0.362824499	1000000.0	6
20170127_102639	22.1	-0.354294003	1000000.0	6
20170127_102649	22.1	-0.349438692	1000000.0	6
20170127_102659	21.9	-0.343821779	1000000.0	6
20170127_102709	21.9	-0.340756005	1000000.0	6
20170127_102719	22.1	-0.336589933	1000000.0	6
20170127_102729	21.9	-0.334941302	1000000.0	6
20170127_102739	22.1	-0.332316534	1000000.0	6
20170127_102749	21.9	-0.332048719	1000000.0	6
20170127_102759	22.1	-0.330506702	1000000.0	6
20170127_102809	21.9	-0.330041599	1000000.0	6
20170127_102819	22.1	-0.330221488	1000000.0	6
20170127_102829	22.1	-0.32897678	1000000.0	6
20170127_102839	21.9	-0.330307141	1000000.0	6
20170127_102849	22.1	-0.330629967	1000000.0	6
20170127_102859	22.1	-0.328674479	1000000.0	6
20170127_102909	22.1	-0.328647979	1000000.0	6
