20170120_111340	30.7	-0.0350454803	10000000.0	5
20170120_111350	30.7	-0.0353947968	10000000.0	5
20170120_111400	30.5	-0.0345104135	10000000.0	5
20170120_111410	30.5	-0.035430874	10000000.0	5
20170120_111420	30.5	-0.0353059892	10000000.0	5
20170120_111430	30.5	-0.035184936	10000000.0	5
20170120_111440	30.7	-0.0352272634	10000000.0	5
20170120_111450	30.7	-0.0354977811	10000000.0	5
20170120_111500	30.7	-0.0349928797	10000000.0	5
20170120_111510	30.9	-0.0351808555	10000000.0	5
20170120_111520	30.7	-0.035851792	10000000.0	5
20170120_111530	30.7	-0.0354774173	10000000.0	5
20170120_111540	30.7	-0.0352656493	10000000.0	5
20170120_111550	30.9	-0.0357777661	10000000.0	5
20170120_111600	30.7	-0.0360450631	10000000.0	5
20170120_111610	30.9	-0.0356788245	10000000.0	5
20170120_111620	30.9	-0.0355761233	10000000.0	5
20170120_111630	30.9	-0.0360705805	10000000.0	5
20170120_111640	30.7	-0.0353830261	10000000.0	5
20170120_111650	30.9	-0.0353382344	10000000.0	5
20170120_111700	31.1	-0.0357641358	10000000.0	5
20170120_111710	31.1	-0.0357490189	10000000.0	5
20170120_111720	31.1	-0.0361428633	10000000.0	5
20170120_111730	30.9	-0.0358474037	10000000.0	5
20170120_111740	31.1	-0.0359726792	10000000.0	5
20170120_111750	31.1	-0.0355814271	10000000.0	5
20170120_111800	31.1	-0.0355686054	10000000.0	5
20170120_111810	30.9	-0.0361759325	10000000.0	5
20170120_111820	31.3	-0.0359238718	10000000.0	5
20170120_111830	31.1	-0.0362559106	10000000.0	5
20170120_111840	31.1	-0.0360251275	10000000.0	5
20170120_111850	31.3	-0.0358772836	10000000.0	5
20170120_111900	31.3	-0.0359444634	10000000.0	5
20170120_111910	31.3	-0.0356254781	10000000.0	5
20170120_111920	31.1	-0.0361167174	10000000.0	5
20170120_111930	31.3	-0.0360337028	10000000.0	5
20170120_111940	31.3	-0.0358384411	10000000.0	5
20170120_111950	31.5	-0.0360511547	10000000.0	5
20170120_112000	31.3	-0.0363292288	10000000.0	5
20170120_112010	31.3	-0.0360518013	10000000.0	5
20170120_112020	31.3	-0.035962231	10000000.0	5
20170120_112030	31.3	-0.0359713997	10000000.0	5
20170120_112040	31.3	-0.0363283426	10000000.0	5
20170120_112050	31.5	-0.0360778812	10000000.0	5
20170120_112100	31.5	-0.0360448103	10000000.0	5
20170120_112110	31.3	-0.0360410661	10000000.0	5
20170120_112120	31.5	-0.0365676299	10000000.0	5
20170120_112130	31.5	-0.0361209294	10000000.0	5
20170120_112140	31.5	-0.0364445064	10000000.0	5
20170120_112150	31.5	-0.0360384014	10000000.0	5
20170120_112200	31.5	-0.0363088588	10000000.0	5
20170120_112210	31.5	-0.0366897314	10000000.0	5
20170120_112220	31.7	-0.0362607671	10000000.0	5
20170120_112230	31.5	-0.0365226232	10000000.0	5
20170120_112240	31.7	-0.036262071	10000000.0	5
20170120_112250	31.7	-0.036782907	10000000.0	5
20170120_112300	31.7	-0.036324158	10000000.0	5
20170120_112310	31.7	-0.0362641887	10000000.0	5
20170120_112320	31.7	-0.0366773823	10000000.0	5
20170120_112330	31.7	-0.0363010095	10000000.0	5
20170120_112340	31.7	-0.0363204583	10000000.0	5
20170120_112350	31.7	-0.036583553	10000000.0	5
20170120_112400	31.7	-0.0366039669	10000000.0	5
20170120_112410	31.9	-0.0363764642	10000000.0	5
20170120_112420	31.7	-0.0364271159	10000000.0	5
20170120_112430	31.9	-0.0361232278	10000000.0	5
20170120_112440	31.9	-0.0363513608	10000000.0	5
20170120_112450	31.9	-0.036242055	10000000.0	5
20170120_112500	31.9	-0.0364188442	10000000.0	5
20170120_112510	31.7	-0.036797649	10000000.0	5
20170120_112520	31.7	-0.0369396325	10000000.0	5
20170120_112530	31.9	-0.036521117	10000000.0	5
20170120_112540	31.9	-0.0365064761	10000000.0	5
20170120_112550	31.9	-0.0365181293	10000000.0	5
20170120_112600	31.9	-0.0366528971	10000000.0	5
20170120_112610	31.9	-0.036329632	10000000.0	5
20170120_112620	31.9	-0.0370275614	10000000.0	5
20170120_112630	31.7	-0.0365947971	10000000.0	5
20170120_112640	31.9	-0.0370182072	10000000.0	5
20170120_112650	31.9	-0.0370945803	10000000.0	5
20170120_112700	31.9	-0.0366468942	10000000.0	5
20170120_112710	31.9	-0.0370032268	10000000.0	5
20170120_112720	31.9	-0.0371970845	10000000.0	5
20170120_112730	31.9	-0.0367830396	10000000.0	5
20170120_112740	32.1	-0.036791402	10000000.0	5
20170120_112750	31.9	-0.0367983233	10000000.0	5
20170120_112800	31.9	-0.0369637058	10000000.0	5
20170120_112810	32.1	-0.032654132	10000000.0	5
20170120_112820	31.9	-0.0364685358	10000000.0	5
20170120_112830	32.1	-0.036415625	10000000.0	5
20170120_112840	31.9	-0.0367974327	10000000.0	5
20170120_112850	31.9	-0.0366300661	10000000.0	5
20170120_112900	31.9	-0.0370788508	10000000.0	5
20170120_112910	31.9	-0.0370618713	10000000.0	5
20170120_112920	31.9	-0.0367123621	10000000.0	5
20170120_112930	31.9	-0.0372945022	10000000.0	5
20170120_112940	32.1	-0.0371257466	10000000.0	5
20170120_112950	32.1	-0.0372091764	10000000.0	5
20170120_113000	32.1	-0.0368389103	10000000.0	5
20170120_113010	32.1	-0.0368469262	10000000.0	5
20170120_113020	32.1	-0.0370779438	10000000.0	5
20170120_113030	31.9	-0.0367473617	10000000.0	5
20170120_113040	32.1	-0.0369177951	10000000.0	5
20170120_113050	32.1	-0.0370188857	10000000.0	5
20170120_113100	32.1	-0.0368367581	10000000.0	5
20170120_113110	32.1	-0.0368617395	10000000.0	5
20170120_113120	32.1	-0.0369847884	10000000.0	5
20170120_113130	32.1	-0.0373189723	10000000.0	5
20170120_113140	32.1	-0.0371106018	10000000.0	5
20170120_113150	32.3	-0.0371289244	10000000.0	5
20170120_113200	32.1	-0.0367659774	10000000.0	5
20170120_113210	32.3	-0.0370267637	10000000.0	5
20170120_113220	32.1	-0.0367069555	10000000.0	5
20170120_113230	32.1	-0.0373661309	10000000.0	5
20170120_113240	32.1	-0.0369746566	10000000.0	5
20170120_113250	32.1	-0.0369002442	10000000.0	5
20170120_113300	32.1	-0.0370047518	10000000.0	5
20170120_113310	32.3	-0.0371014856	10000000.0	5
20170120_113320	32.1	-0.03724161	10000000.0	5
20170120_113330	32.1	-0.0374105546	10000000.0	5
20170120_113340	32.3	-0.0374041925	10000000.0	5
20170120_113350	32.3	-0.0370111025	10000000.0	5
20170120_113400	32.1	-0.0370990154	10000000.0	5
20170120_113410	32.3	-0.036938389	10000000.0	5
20170120_113420	32.3	-0.0371705662	10000000.0	5
20170120_113430	32.3	-0.0370054668	10000000.0	5
20170120_113440	32.3	-0.0370586431	10000000.0	5
20170120_113450	32.1	-0.0371804058	10000000.0	5
20170120_113500	32.3	-0.03730306	10000000.0	5
20170120_113510	32.3	-0.0369171557	10000000.0	5
20170120_113520	32.3	-0.0363005846	10000000.0	5
20170120_113530	32.3	-0.0374426001	10000000.0	5
20170120_113540	32.3	-0.0373329968	10000000.0	5
20170120_113550	32.3	-0.0373288238	10000000.0	5
20170120_113600	32.5	-0.0370755922	10000000.0	5
20170120_113610	32.5	-0.0369398129	10000000.0	5
20170120_113620	32.3	-0.0374826267	10000000.0	5
20170120_113630	32.3	-0.0373190885	10000000.0	5
20170120_113640	32.3	-0.0371705611	10000000.0	5
20170120_113650	32.3	-0.0368909999	10000000.0	5
20170120_113700	32.3	-0.0372705742	10000000.0	5
20170120_113710	32.3	-0.0372416062	10000000.0	5
20170120_113720	32.3	-0.0372227469	10000000.0	5
20170120_113730	32.5	-0.0372637439	10000000.0	5
20170120_113740	32.3	-0.0372013031	10000000.0	5
20170120_113750	32.3	-0.0371332974	10000000.0	5
20170120_113800	32.3	-0.0374616941	10000000.0	5
20170120_113810	32.3	-0.0377259175	10000000.0	5
20170120_113820	32.3	-0.0376245084	10000000.0	5
20170120_113830	32.3	-0.0374124909	10000000.0	5
20170120_113840	32.5	-0.0375029956	10000000.0	5
20170120_113850	32.3	-0.0371199813	10000000.0	5
20170120_113900	32.5	-0.0377387058	10000000.0	5
20170120_113910	32.3	-0.0375536331	10000000.0	5
20170120_113920	32.3	-0.0373494499	10000000.0	5
20170120_113930	32.3	-0.037764167	10000000.0	5
20170120_113940	32.5	-0.0377172976	10000000.0	5
20170120_113950	32.3	-0.0371360063	10000000.0	5
20170120_114000	32.5	-0.037456854	10000000.0	5
20170120_114010	32.5	-0.0371432604	10000000.0	5
20170120_114020	32.5	-0.037374437	10000000.0	5
20170120_114030	32.3	-0.0376535666	10000000.0	5
20170120_114040	32.5	-0.0373634432	10000000.0	5
20170120_114050	32.5	-0.0373357853	10000000.0	5
20170120_114100	32.5	-0.0376220662	10000000.0	5
20170120_114110	32.3	-0.0371657813	10000000.0	5
20170120_114120	32.5	-0.0375689447	10000000.0	5
20170120_114130	32.3	-0.0373864751	10000000.0	5
20170120_114140	32.5	-0.0372838278	10000000.0	5
20170120_114150	32.5	-0.0373714425	10000000.0	5
20170120_114200	32.5	-0.0375557354	10000000.0	5
20170120_114210	32.5	-0.0374311849	10000000.0	5
20170120_114220	32.5	-0.0376017376	10000000.0	5
20170120_114230	32.5	-0.0373230227	10000000.0	5
20170120_114240	32.5	-0.0374016002	10000000.0	5
20170120_114250	32.5	-0.0374997228	10000000.0	5
20170120_114300	32.5	-0.0379888027	10000000.0	5
20170120_114310	32.5	-0.0372972947	10000000.0	5
20170120_114320	32.5	-0.037747377	10000000.0	5
20170120_114330	32.5	-0.0376067666	10000000.0	5
20170120_114340	32.5	-0.0378253829	10000000.0	5
20170120_114350	32.5	-0.0369360723	10000000.0	5
20170120_114400	32.5	-0.0377718406	10000000.0	5
20170120_114410	32.5	-0.0377953535	10000000.0	5
20170120_114420	32.5	-0.037943183	10000000.0	5
20170120_114430	32.6	-0.0378993609	10000000.0	5
20170120_114440	32.5	-0.0375823752	10000000.0	5
20170120_114450	32.5	-0.0375561476	10000000.0	5
20170120_114500	32.5	-0.0379606906	10000000.0	5
20170120_114510	32.5	-0.037592237	10000000.0	5
20170120_114520	32.5	-0.0375362016	10000000.0	5
20170120_114530	32.6	-0.0376723128	10000000.0	5
20170120_114540	32.5	-0.0379701575	10000000.0	5
20170120_114550	32.5	-0.037366755	10000000.0	5
20170120_114600	32.6	-0.0373777302	10000000.0	5
20170120_114610	32.5	-0.0378491808	10000000.0	5
