20170124_144443	46.7	0.000110207537	1000000.0	15
20170124_144453	47.3	-0.000160221603	1000000.0	15
20170124_144503	47.7	-0.000163256384	1000000.0	15
20170124_144513	48.3	0.00013155072	1000000.0	15
20170124_144523	48.6	6.63728682e-05	1000000.0	15
20170124_144533	48.8	-8.19684129e-05	1000000.0	15
20170124_144543	49.6	0.000148373801	1000000.0	15
20170124_144553	50.0	0.000127676599	1000000.0	15
20170124_144603	50.3	-0.000104179298	1000000.0	15
20170124_144613	50.9	0.000137022968	1000000.0	15
20170124_144623	51.5	0.000137496212	1000000.0	15
20170124_144633	52.0	0.000182926886	1000000.0	15
20170124_144643	52.4	-0.000168218498	1000000.0	15
20170124_144653	52.8	-6.98115756e-05	1000000.0	15
20170124_144703	53.2	-0.00010642825	1000000.0	15
20170124_144713	53.7	-0.000129090035	1000000.0	15
20170124_144723	54.1	7.26077719e-05	1000000.0	15
20170124_144733	54.5	-0.000199430351	1000000.0	15
20170124_144743	55.0	-9.32276124e-05	1000000.0	15
20170124_144753	55.4	-0.000150610366	1000000.0	15
20170124_144803	55.8	6.70664429e-05	1000000.0	15
20170124_144813	56.2	-0.000171666446	1000000.0	15
20170124_144823	56.4	0.00014058917	1000000.0	15
20170124_144833	57.1	8.76654157e-05	1000000.0	15
20170124_144843	57.3	-0.000193855406	1000000.0	15
20170124_144853	57.9	-0.000147954367	1000000.0	15
20170124_144903	58.1	-0.00016095082	1000000.0	15
20170124_144913	58.4	-0.000186972478	1000000.0	15
20170124_144923	59.0	-0.000154006199	1000000.0	15
20170124_144933	59.4	-0.000130962698	1000000.0	15
20170124_144943	60.0	-4.72234636e-06	1000000.0	15
20170124_144953	60.3	-0.000149130934	1000000.0	15
20170124_145003	60.5	5.73782806e-05	1000000.0	15
20170124_145013	61.1	-0.000160423022	1000000.0	15
20170124_145023	61.5	0.000113210915	1000000.0	15
20170124_145033	61.6	0.000106875979	1000000.0	15
20170124_145043	62.2	9.84681604e-05	1000000.0	15
20170124_145053	62.4	-0.000198365194	1000000.0	15
20170124_145103	62.6	-9.83424079e-05	1000000.0	15
20170124_145113	63.0	7.64106445e-05	1000000.0	15
20170124_145123	63.5	-0.000213819807	1000000.0	15
20170124_145133	63.9	0.000121538679	1000000.0	15
20170124_145143	64.1	-0.000216287003	1000000.0	15
20170124_145153	64.5	-0.000147573034	1000000.0	15
20170124_145203	64.5	-0.000200015997	1000000.0	15
20170124_145213	65.2	5.68602832e-05	1000000.0	15
20170124_145223	65.4	-0.000147778243	1000000.0	15
20170124_145233	65.6	-4.93002317e-05	1000000.0	15
20170124_145243	66.0	2.61929313e-05	1000000.0	15
20170124_145253	66.6	-9.08227078e-05	1000000.0	15
20170124_145303	66.6	-0.000119176954	1000000.0	15
20170124_145313	66.9	-0.000220082937	1000000.0	15
20170124_145323	67.3	-0.000214288341	1000000.0	15
20170124_145333	67.5	-7.84796882e-05	1000000.0	15
20170124_145343	67.9	-6.99292309e-05	1000000.0	15
20170124_145353	68.1	-0.000238159965	1000000.0	15
20170124_145403	68.4	0.000102638522	1000000.0	15
20170124_145413	68.6	-0.000238833604	1000000.0	15
20170124_145423	68.8	-0.000178822095	1000000.0	15
20170124_145433	69.4	-0.000243050857	1000000.0	15
20170124_145443	69.0	-0.000100023237	1000000.0	15
20170124_145453	69.2	9.80144829e-05	1000000.0	15
20170124_145503	69.6	-0.000236342653	1000000.0	15
20170124_145513	70.0	-0.000168790397	1000000.0	15
20170124_145523	70.1	-6.05964937e-05	1000000.0	15
20170124_145533	70.5	-4.52167106e-06	1000000.0	15
20170124_145543	71.1	-0.000239933191	1000000.0	15
20170124_145553	71.1	3.82832954e-05	1000000.0	15
20170124_145603	71.6	-0.000229176124	1000000.0	15
20170124_145613	71.6	5.51778701e-05	1000000.0	15
20170124_145623	71.6	-0.000163971042	1000000.0	15
20170124_145633	72.2	8.33352699e-05	1000000.0	15
20170124_145643	71.5	6.09782984e-05	1000000.0	15
20170124_145653	72.2	-0.000148663236	1000000.0	15
20170124_145703	72.2	1.44501424e-05	1000000.0	15
20170124_145713	72.8	8.83721693e-05	1000000.0	15
20170124_145723	72.8	4.01073776e-05	1000000.0	15
20170124_145733	73.0	-0.000115588496	1000000.0	15
20170124_145743	73.2	6.78937423e-06	1000000.0	15
20170124_145753	73.3	-0.000150667956	1000000.0	15
20170124_145803	73.7	-0.000241260512	1000000.0	15
20170124_145813	74.1	-5.75601023e-05	1000000.0	15
20170124_145823	74.3	-0.000262268458	1000000.0	15
20170124_145833	75.0	-0.00026820844	1000000.0	15
20170124_145843	74.5	-0.000108776919	1000000.0	15
20170124_145853	74.5	6.49604461e-05	1000000.0	15
20170124_145903	74.9	-5.09894856e-05	1000000.0	15
20170124_145913	75.0	4.38486308e-05	1000000.0	15
20170124_145923	75.2	-0.000248835565	1000000.0	15
20170124_145933	75.6	-0.000271852948	1000000.0	15
20170124_145943	75.6	-7.55601628e-05	1000000.0	15
20170124_145953	75.8	-0.000238027014	1000000.0	15
20170124_150003	76.0	-0.000215274112	1000000.0	15
20170124_150013	76.2	6.37091463e-06	1000000.0	15
20170124_150023	76.6	-0.000121020922	1000000.0	15
20170124_150033	76.7	3.55999737e-05	1000000.0	15
20170124_150043	76.9	-0.000249467173	1000000.0	15
20170124_150053	77.1	-7.62072137e-05	1000000.0	15
20170124_150103	77.5	4.06496597e-05	1000000.0	15
20170124_150113	77.5	-0.00012922025	1000000.0	15
20170124_150123	77.5	6.35085565e-06	1000000.0	15
20170124_150133	77.3	7.56853939e-06	1000000.0	15
20170124_150143	77.7	-0.000231994185	1000000.0	15
20170124_150153	78.1	-2.5028869e-06	1000000.0	15
20170124_150203	78.3	-0.00010516318	1000000.0	15
20170124_150213	78.1	-0.000187013357	1000000.0	15
20170124_150223	78.1	-0.000282016042	1000000.0	15
20170124_150233	78.4	-0.000123192577	1000000.0	15
20170124_150243	78.6	-7.36237131e-05	1000000.0	15
20170124_150253	79.0	4.6416898e-05	1000000.0	15
20170124_150303	79.2	-0.000291115805	1000000.0	15
20170124_150313	79.2	-0.000266781331	1000000.0	15
20170124_150323	78.6	-0.000266002864	1000000.0	15
20170124_150333	79.2	-0.000290247754	1000000.0	15
20170124_150343	79.4	-0.000182308587	1000000.0	15
20170124_150353	79.2	-7.39540578e-05	1000000.0	15
20170124_150403	79.4	-0.000287739608	1000000.0	15
20170124_150413	79.4	-7.5112868e-05	1000000.0	15
20170124_150423	79.8	3.35013874e-05	1000000.0	15
20170124_150433	80.1	-0.000153627063	1000000.0	15
20170124_150443	80.1	-0.000237338649	1000000.0	15
20170124_150453	80.1	-0.000173834553	1000000.0	15
20170124_150503	80.7	-5.84934681e-05	1000000.0	15
20170124_150513	80.5	-0.000282851464	1000000.0	15
20170124_150523	80.7	-0.000273440853	1000000.0	15
20170124_150533	80.5	-0.000299892414	1000000.0	15
20170124_150543	80.9	-0.000211457381	1000000.0	15
20170124_150553	81.1	-1.80129289e-05	1000000.0	15
20170124_150603	81.1	-9.54109311e-05	1000000.0	15
20170124_150613	81.1	-0.000290138529	1000000.0	15
20170124_150623	81.5	-0.00019817136	1000000.0	15
20170124_150633	81.5	-0.000302964085	1000000.0	15
20170124_150643	80.3	-0.000199593654	1000000.0	15
20170124_150653	80.3	-4.95882683e-05	1000000.0	15
20170124_150703	80.7	-8.79971618e-05	1000000.0	15
20170124_150713	80.5	4.82050522e-05	1000000.0	15
20170124_150723	80.7	4.62856497e-05	1000000.0	15
20170124_150733	80.9	-0.000105260738	1000000.0	15
20170124_150743	80.5	-0.000168655892	1000000.0	15
20170124_150753	81.1	4.05180659e-05	1000000.0	15
20170124_150803	80.9	-0.000133727127	1000000.0	15
20170124_150813	81.3	-0.000313037201	1000000.0	15
20170124_150823	81.3	3.98593247e-05	1000000.0	15
20170124_150833	81.5	-0.000293838097	1000000.0	15
20170124_150843	81.5	3.32502446e-05	1000000.0	15
20170124_150853	81.5	-0.000172304914	1000000.0	15
20170124_150903	81.8	-0.000298532079	1000000.0	15
20170124_150913	81.5	-1.00270804e-05	1000000.0	15
20170124_150923	81.6	1.94214441e-05	1000000.0	15
20170124_150933	81.8	-0.000275329814	1000000.0	15
20170124_150943	81.6	-0.000313569421	1000000.0	15
20170124_150953	81.8	-0.000306262358	1000000.0	15
20170124_151003	82.0	-7.26982932e-06	1000000.0	15
20170124_151013	82.2	1.7464596e-05	1000000.0	15
20170124_151023	82.4	-0.000159355505	1000000.0	15
20170124_151033	82.2	1.47875071e-06	1000000.0	15
20170124_151043	82.6	-9.71744244e-05	1000000.0	15
20170124_151053	82.4	-0.000253305004	1000000.0	15
20170124_151103	82.4	2.0039333e-05	1000000.0	15
20170124_151113	82.2	-0.00025706901	1000000.0	15
20170124_151123	82.6	1.52099796e-05	1000000.0	15
20170124_151133	82.4	-0.00013931391	1000000.0	15
20170124_151143	82.2	-0.000316628455	1000000.0	15
20170124_151153	82.4	-0.000425744439	1000000.0	15
20170124_151203	82.4	-0.000315873066	1000000.0	15
