20170118_103938	86.9	-0.0386395397	10000000.0	5
20170118_103948	86.4	-0.0384384674	10000000.0	5
20170118_103957	86.6	-0.0389429472	10000000.0	5
20170118_104007	86.4	-0.0386193563	10000000.0	5
20170118_104017	86.7	-0.0386447881	10000000.0	5
20170118_104027	87.5	-0.0291016023	10000000.0	5
20170118_104037	87.3	-0.0389785463	10000000.0	5
20170118_104047	87.7	-0.0388088406	10000000.0	5
20170118_104057	87.9	-0.0390757202	10000000.0	5
20170118_104107	87.5	-0.0387138467	10000000.0	5
20170118_104117	87.3	-0.0385661118	10000000.0	5
20170118_104128	87.7	-0.0387889881	10000000.0	5
20170118_104138	87.9	-0.0388671279	10000000.0	5
20170118_104148	87.9	-0.0385988937	10000000.0	5
20170118_104157	89.2	-0.038333909	10000000.0	5
20170118_104208	88.3	-0.0391558476	10000000.0	5
20170118_104218	88.3	-0.0389167295	10000000.0	5
20170118_104227	88.4	-0.0386210985	10000000.0	5
20170118_104237	88.3	-0.0386379746	10000000.0	5
20170118_104247	88.4	-0.0390777725	10000000.0	5
20170118_104257	88.1	-0.0390303022	10000000.0	5
20170118_104307	88.4	-0.0390912497	10000000.0	5
20170118_104318	88.6	-0.039175362	10000000.0	5
20170118_104328	89.2	-0.0382719141	10000000.0	5
20170118_104338	89.0	-0.0388298612	10000000.0	5
20170118_104348	89.2	-0.0389901676	10000000.0	5
20170118_104358	89.2	-0.0387211195	10000000.0	5
20170118_104408	89.4	-0.0281694063	10000000.0	5
20170118_104418	89.6	-0.0392655631	10000000.0	5
20170118_104428	89.4	-0.0391339664	10000000.0	5
20170118_104438	89.6	-0.0390920554	10000000.0	5
20170118_104448	89.8	-0.0390292423	10000000.0	5
20170118_104458	90.0	-0.0288542529	10000000.0	5
20170118_104507	90.0	-0.0394111984	10000000.0	5
20170118_104518	90.0	-0.0389635293	10000000.0	5
20170118_104528	90.5	-0.0392807826	10000000.0	5
20170118_104538	90.5	-0.0394314816	10000000.0	5
20170118_104547	90.7	-0.0384883192	10000000.0	5
20170118_104557	90.5	-0.038926408	10000000.0	5
20170118_104608	90.9	-0.0388685312	10000000.0	5
20170118_104617	90.5	-0.039043458	10000000.0	5
20170118_104627	90.3	-0.0292906598	10000000.0	5
20170118_104637	90.3	-0.0389282716	10000000.0	5
20170118_104647	90.3	-0.0392871983	10000000.0	5
20170118_104657	90.5	-0.038989599	10000000.0	5
20170118_104707	90.9	-0.0387298416	10000000.0	5
20170118_104717	90.7	-0.0389000026	10000000.0	5
20170118_104727	90.5	-0.0395160581	10000000.0	5
20170118_104737	91.3	-0.0391755932	10000000.0	5
20170118_104747	90.9	-0.0389520601	10000000.0	5
20170118_104757	90.9	-0.0283851674	10000000.0	5
20170118_104807	91.1	-0.0393659767	10000000.0	5
20170118_104817	90.9	-0.039630724	10000000.0	5
20170118_104827	90.7	-0.039097495	10000000.0	5
20170118_104837	90.9	-0.0393009001	10000000.0	5
20170118_104847	91.5	-0.0390094145	10000000.0	5
20170118_104857	91.5	-0.0394348907	10000000.0	5
20170118_104907	92.0	-0.0394426922	10000000.0	5
20170118_104917	92.6	-0.0393556681	10000000.0	5
20170118_104927	92.4	-0.038994299	10000000.0	5
20170118_104937	92.2	-0.0392900669	10000000.0	5
20170118_104947	92.4	-9.9e+37	10000000.0	5
20170118_104957	92.2	-0.0393005579	10000000.0	5
20170118_105007	92.8	-0.0394625806	10000000.0	5
20170118_105017	92.6	-0.0392925376	10000000.0	5
20170118_105027	93.2	-0.0392847532	10000000.0	5
20170118_105037	93.2	-0.0392442364	10000000.0	5
20170118_105047	94.1	-0.039183145	10000000.0	5
20170118_105058	93.7	-0.0391935462	10000000.0	5
20170118_105107	93.5	-0.0388034071	10000000.0	5
20170118_105118	93.5	-0.0394195883	10000000.0	5
20170118_105128	93.9	-0.0392942636	10000000.0	5
20170118_105138	93.9	-0.0391153884	10000000.0	5
20170118_105148	94.3	-0.0390921143	10000000.0	5
20170118_105158	93.9	-0.0385941257	10000000.0	5
20170118_105207	94.1	-0.0396592282	10000000.0	5
20170118_105218	94.1	-0.038964354	10000000.0	5
20170118_105227	94.9	-0.0392291326	10000000.0	5
20170118_105238	95.0	-0.0390630428	10000000.0	5
20170118_105248	94.9	-0.0391518661	10000000.0	5
20170118_105258	94.9	-0.0394101766	10000000.0	5
20170118_105308	95.0	-0.0395142762	10000000.0	5
20170118_105318	94.9	-0.0395049516	10000000.0	5
20170118_105328	95.0	-0.0293660122	10000000.0	5
20170118_105338	95.2	-0.0394526597	10000000.0	5
20170118_105348	95.6	-0.0391951104	10000000.0	5
20170118_105358	95.8	-0.039501726	10000000.0	5
20170118_105408	96.0	-0.039810938	10000000.0	5
20170118_105418	96.2	-0.0389110011	10000000.0	5
20170118_105428	96.4	-0.0396670625	10000000.0	5
20170118_105438	96.7	-0.0393936411	10000000.0	5
20170118_105448	97.1	-0.0392668948	10000000.0	5
20170118_105457	97.5	-0.0280887285	10000000.0	5
20170118_105508	97.9	-0.0394355553	10000000.0	5
20170118_105518	98.1	-0.0392757903	10000000.0	5
20170118_105528	98.4	-0.0398643518	10000000.0	5
20170118_105538	98.8	-0.0398368358	10000000.0	5
20170118_105548	98.8	-0.0393595151	10000000.0	5
20170118_105558	98.8	-0.039363692	10000000.0	5
20170118_105608	99.0	-0.0394314131	10000000.0	5
20170118_105618	99.0	-0.0399788407	10000000.0	5
20170118_105628	99.0	-0.0395264269	10000000.0	5
20170118_105638	99.0	-0.029380612	10000000.0	5
20170118_105648	99.0	-0.039399547	10000000.0	5
20170118_105658	98.8	-0.039928713	10000000.0	5
20170118_105708	99.0	-0.0399226846	10000000.0	5
20170118_105718	99.2	-0.0397026638	10000000.0	5
20170118_105728	99.0	-0.0392193643	10000000.0	5
20170118_105738	99.0	-0.0396558222	10000000.0	5
20170118_105748	99.0	-0.0398993004	10000000.0	5
20170118_105758	99.2	-0.0397730545	10000000.0	5
20170118_105808	99.0	-0.0394465692	10000000.0	5
20170118_105818	99.2	-0.0392271921	10000000.0	5
20170118_105828	99.2	-0.0400410513	10000000.0	5
20170118_105838	99.0	-0.039980613	10000000.0	5
20170118_105848	98.8	-0.0401772675	10000000.0	5
20170118_105858	99.0	-0.0399969212	10000000.0	5
20170118_105908	99.0	-0.0396994547	10000000.0	5
20170118_105918	99.0	-0.0400403453	10000000.0	5
20170118_105928	99.0	-0.0398173149	10000000.0	5
20170118_105938	99.0	-0.0397084617	10000000.0	5
20170118_105948	99.0	-0.0395731319	10000000.0	5
20170118_105958	99.0	-0.039669427	10000000.0	5
20170118_110008	99.2	-0.0394697703	10000000.0	5
20170118_110018	99.0	-0.0399545743	10000000.0	5
20170118_110028	99.2	-0.0398446545	10000000.0	5
20170118_110038	99.0	-0.0398198396	10000000.0	5
20170118_110048	99.2	-0.0397379603	10000000.0	5
20170118_110058	99.2	-0.039368894	10000000.0	5
20170118_110108	99.2	-0.0397350037	10000000.0	5
20170118_110118	99.2	-0.039954588	10000000.0	5
20170118_110128	99.2	-0.0396531517	10000000.0	5
20170118_110138	99.2	-0.0284938886	10000000.0	5
20170118_110148	99.0	-0.0399071133	10000000.0	5
20170118_110158	98.8	-0.0401207785	10000000.0	5
20170118_110207	98.6	-0.03997731	10000000.0	5
20170118_110218	99.0	-0.039692687	10000000.0	5
20170118_110228	98.8	-0.0287328572	10000000.0	5
20170118_110238	99.0	-0.0402913486	10000000.0	5
20170118_110248	99.2	-0.0402830763	10000000.0	5
20170118_110258	99.0	-0.0397315436	10000000.0	5
20170118_110308	99.0	-0.0396818488	10000000.0	5
20170118_110318	99.2	-0.0308817494	10000000.0	5
20170118_110328	99.0	-0.0400988471	10000000.0	5
20170118_110338	99.0	-0.0403502267	10000000.0	5
20170118_110347	99.2	-0.0396606302	10000000.0	5
20170118_110357	99.2	-0.0399706985	10000000.0	5
20170118_110407	99.2	-0.039931262	10000000.0	5
20170118_110417	99.0	-0.0403539262	10000000.0	5
20170118_110427	99.2	-0.0402252224	10000000.0	5
20170118_110437	99.0	-0.0399576655	10000000.0	5
20170118_110447	98.8	-0.0400776695	10000000.0	5
20170118_110458	99.0	-0.0397893965	10000000.0	5
20170118_110508	99.0	-0.0398976513	10000000.0	5
20170118_110518	99.2	-0.040230157	10000000.0	5
20170118_110528	99.0	-0.0400289014	10000000.0	5
20170118_110538	99.2	-0.0400203316	10000000.0	5
20170118_110548	99.0	-0.0393266179	10000000.0	5
20170118_110558	99.2	-0.0396733461	10000000.0	5
20170118_110608	99.2	-0.0401607432	10000000.0	5
20170118_110618	99.0	-0.0403125848	10000000.0	5
20170118_110628	99.0	-0.0402971841	10000000.0	5
20170118_110638	99.0	-0.0394816597	10000000.0	5
20170118_110648	99.0	-0.0401554595	10000000.0	5
20170118_110658	99.0	-0.0399069828	10000000.0	5
20170118_110708	99.0	-0.0400340858	10000000.0	5
20170118_110718	99.0	-0.0399640763	10000000.0	5
20170118_110728	99.2	-0.0400894362	10000000.0	5
20170118_110738	99.0	-0.0404137708	10000000.0	5
20170118_110748	99.0	-0.0405418311	10000000.0	5
20170118_110758	99.0	-0.0404236039	10000000.0	5
20170118_110808	99.0	-0.0404403937	10000000.0	5
20170118_110818	99.0	-0.0400216073	10000000.0	5
20170118_110828	99.0	-0.0405384085	10000000.0	5
20170118_110838	99.0	-0.0405155608	10000000.0	5
20170118_110848	99.0	-0.03987788	10000000.0	5
20170118_110858	99.2	-0.04007435	10000000.0	5
20170118_110908	99.2	-0.0399005104	10000000.0	5
20170118_110918	99.2	-0.0403396794	10000000.0	5
20170118_110928	99.2	-0.0403211414	10000000.0	5
20170118_110938	99.0	-0.0399535072	10000000.0	5
20170118_110948	99.0	-0.0300973427	10000000.0	5
20170118_110958	98.8	-0.0405409718	10000000.0	5
20170118_111008	99.0	-0.0407444739	10000000.0	5
20170118_111018	99.0	-0.0401358164	10000000.0	5
20170118_111028	99.2	-0.0402187477	10000000.0	5
20170118_111038	99.2	-0.0403437033	10000000.0	5
20170118_111048	99.2	-0.0399025136	10000000.0	5
20170118_111058	99.2	-0.0402965364	10000000.0	5
20170118_111108	99.4	-0.0404338389	10000000.0	5
20170118_111118	99.0	-0.0403290554	10000000.0	5
20170118_111128	99.0	-0.0398213248	10000000.0	5
20170118_111138	99.2	-0.0399508706	10000000.0	5
20170118_111148	99.4	-0.0404517699	10000000.0	5
20170118_111158	99.4	-0.0400147256	10000000.0	5
20170118_111208	99.2	-0.0404745152	10000000.0	5
20170118_111218	99.2	-0.0283908342	10000000.0	5
20170118_111228	99.4	-0.0400435218	10000000.0	5
20170118_111238	99.2	-0.0394880946	10000000.0	5
20170118_111248	99.8	-0.0401984741	10000000.0	5
20170118_111258	99.8	-0.0394910316	10000000.0	5
20170118_111308	99.6	-0.0291545948	10000000.0	5
20170118_111318	99.6	-0.03772353	10000000.0	5
20170118_111328	99.8	-0.0392581013	10000000.0	5
20170118_111338	99.8	-0.0388687184	10000000.0	5
20170118_111348	100.	-0.0383324037	10000000.0	5
20170118_111358	100.	-0.0262667144	10000000.0	5
20170118_111408	100.	-0.0381489413	10000000.0	5
20170118_111418	100.	-0.0383581365	10000000.0	5
20170118_111428	101.	-0.0250296283	10000000.0	5
20170118_111438	101.	-0.0163338262	10000000.0	5
20170118_111448	99.8	-0.027393932	10000000.0	5
20170118_111458	99.8	-0.0394986178	10000000.0	5
20170118_111507	100.	-0.0370581663	10000000.0	5
20170118_111518	100.	-0.0381783626	10000000.0	5
20170118_111528	100.	-0.0404264413	10000000.0	5
20170118_111538	100.	-0.0275999588	10000000.0	5
20170118_111548	101.	-0.038970553	10000000.0	5
20170118_111558	101.	-0.0190012167	10000000.0	5
20170118_111608	101.	-0.0113262136	10000000.0	5
20170118_111618	100.	-0.00971807828	10000000.0	5
20170118_111628	98.8	-0.00269451558	10000000.0	5
20170118_111638	97.5	-0.00563255569	10000000.0	5
20170118_111648	96.4	-0.00494637976	10000000.0	5
20170118_111658	95.4	-0.00649813014	10000000.0	5
20170118_111708	94.3	-0.0036440541	10000000.0	5
20170118_111718	93.5	-0.00357498527	10000000.0	5
20170118_111728	92.6	-0.00337332331	10000000.0	5
20170118_111738	92.0	-0.00369807277	10000000.0	5
20170118_111748	91.8	-0.00330096744	10000000.0	5
20170118_111758	90.9	-0.00295326945	10000000.0	5
20170118_111808	90.0	-0.00176636988	10000000.0	5
20170118_111818	88.8	-0.0019234096	10000000.0	5
20170118_111828	86.9	-0.00177570644	10000000.0	5
20170118_111838	84.1	-0.00261523149	10000000.0	5
20170118_111848	82.8	-0.00231792032	10000000.0	5
20170118_111858	81.6	-0.00229297685	10000000.0	5
20170118_111908	80.9	-0.00214829059	10000000.0	5
20170118_111918	80.1	-0.00201482662	10000000.0	5
20170118_111928	79.0	-0.00256057439	10000000.0	5
20170118_111938	78.4	-0.00181757342	10000000.0	5
20170118_111948	78.3	-0.00221588071	10000000.0	5
20170118_111958	77.3	-0.00252885632	10000000.0	5
20170118_112008	76.6	-0.002320804	10000000.0	5
20170118_112018	76.6	-0.00188389893	10000000.0	5
20170118_112028	75.6	-0.0024290641	10000000.0	5
20170118_112038	75.6	-0.00244007486	10000000.0	5
20170118_112048	75.2	-0.00233806154	10000000.0	5
20170118_112058	75.0	-0.00234922496	10000000.0	5
20170118_112108	74.7	-0.00170194634	10000000.0	5
20170118_112118	74.5	-0.00148226405	10000000.0	5
20170118_112128	74.9	-0.00199547077	10000000.0	5
20170118_112138	74.7	-0.00225390861	10000000.0	5
20170118_112148	74.1	-0.00229860866	10000000.0	5
20170118_112158	73.7	-0.00214553842	10000000.0	5
20170118_112208	73.9	-0.00224905736	10000000.0	5
20170118_112218	73.2	-0.00234489009	10000000.0	5
20170118_112228	72.6	-0.00145325391	10000000.0	5
20170118_112238	72.2	-0.0012371698	10000000.0	5
20170118_112248	71.6	-0.00108474553	10000000.0	5
20170118_112258	71.3	-0.00150445982	10000000.0	5
20170118_112308	70.9	-0.00199004964	10000000.0	5
20170118_112318	70.7	-0.00181495755	10000000.0	5
20170118_112328	70.3	-0.0014295172	10000000.0	5
20170118_112338	70.3	-0.00169084498	10000000.0	5
20170118_112348	70.1	-0.00169810195	10000000.0	5
20170118_112358	70.1	-0.00116379125	10000000.0	5
20170118_112408	70.0	-0.0020957447	10000000.0	5
20170118_112418	69.8	-0.00130021855	10000000.0	5
20170118_112428	69.8	-0.00220709169	10000000.0	5
20170118_112438	69.6	-0.00231433575	10000000.0	5
20170118_112448	69.6	-0.00104640692	10000000.0	5
20170118_112458	69.4	-0.00114661298	10000000.0	5
20170118_112508	69.4	-0.0016786817	10000000.0	5
20170118_112518	69.2	-0.00177244824	10000000.0	5
20170118_112528	69.4	-0.00196362825	10000000.0	5
20170118_112538	69.2	-0.00228126782	10000000.0	5
20170118_112548	69.0	-0.00232976709	10000000.0	5
20170118_112558	69.0	-0.0020397412	10000000.0	5
20170118_112608	69.2	-0.00160588865	10000000.0	5
20170118_112618	69.0	-0.00104955213	10000000.0	5
20170118_112628	68.8	-0.0023231148	10000000.0	5
20170118_112638	68.8	-0.00227449832	10000000.0	5
20170118_112648	68.8	-0.00214201297	10000000.0	5
20170118_112658	68.8	-0.00214807151	10000000.0	5
20170118_112708	68.8	-0.00117821825	10000000.0	5
20170118_112718	68.6	-0.00105877814	10000000.0	5
20170118_112728	68.8	-0.00231131846	10000000.0	5
20170118_112738	68.8	-0.00103000173	10000000.0	5
20170118_112748	68.8	-0.00222915473	10000000.0	5
20170118_112758	68.6	-0.00224847142	10000000.0	5
20170118_112808	68.6	-0.00166233636	10000000.0	5
20170118_112818	68.6	-0.00194098797	10000000.0	5
20170118_112828	68.8	-0.00168899448	10000000.0	5
20170118_112838	68.6	-0.00103777623	10000000.0	5
20170118_112848	68.8	-0.00107672524	10000000.0	5
20170118_112858	68.6	-0.00180411963	10000000.0	5
20170118_112908	68.6	-0.00128844421	10000000.0	5
20170118_112918	68.6	-0.00232319799	10000000.0	5
20170118_112928	68.6	-0.00228306391	10000000.0	5
20170118_112938	68.6	-0.00219739748	10000000.0	5
20170118_112948	68.6	-0.00107681156	10000000.0	5
20170118_112958	68.6	-0.00107199589	10000000.0	5
20170118_113008	68.6	-0.00106245677	10000000.0	5
20170118_113018	68.8	-0.00107235681	10000000.0	5
20170118_113028	68.6	-0.0015451274	10000000.0	5
20170118_113038	68.6	-0.00149213436	10000000.0	5
20170118_113048	68.8	-0.00164890557	10000000.0	5
20170118_113058	68.6	-0.00187688623	10000000.0	5
20170118_113108	68.8	-0.00235113363	10000000.0	5
20170118_113118	68.8	-0.00234844255	10000000.0	5
20170118_113128	68.6	-0.00136253452	10000000.0	5
20170118_113138	68.6	-0.00144729223	10000000.0	5
20170118_113148	68.6	-0.00191768999	10000000.0	5
20170118_113158	68.6	-0.00234332731	10000000.0	5
20170118_113208	68.6	-0.00233893984	10000000.0	5
20170118_113218	68.6	-0.00125723089	10000000.0	5
20170118_113228	68.6	-0.00121382013	10000000.0	5
20170118_113238	68.8	-0.00230811932	10000000.0	5
20170118_113248	68.8	-0.00231267693	10000000.0	5
20170118_113258	68.8	-0.00214967068	10000000.0	5
20170118_113308	68.6	-0.00107331019	10000000.0	5
20170118_113318	68.6	-0.00177252159	10000000.0	5
20170118_113328	68.6	-0.00170262478	10000000.0	5
20170118_113338	68.6	-0.0011034851	10000000.0	5
20170118_113348	68.6	-0.00215180855	10000000.0	5
20170118_113358	68.4	-0.00117180998	10000000.0	5
20170118_113408	68.4	-0.00168070862	10000000.0	5
20170118_113418	68.4	-0.00109876374	10000000.0	5
20170118_113428	68.3	-0.00159364436	10000000.0	5
20170118_113438	68.1	-0.00194796462	10000000.0	5
20170118_113448	68.1	-0.00196409169	10000000.0	5
20170118_113458	68.1	-0.00217376383	10000000.0	5
20170118_113508	68.1	-0.00148554386	10000000.0	5
20170118_113518	68.1	-0.00202510011	10000000.0	5
20170118_113528	68.1	-0.0015787982	10000000.0	5
20170118_113538	68.3	-0.00215792218	10000000.0	5
20170118_113548	68.1	-0.00236815089	10000000.0	5
20170118_113558	68.3	-0.00186677805	10000000.0	5
20170118_113608	68.1	-0.00177454597	10000000.0	5
20170118_113618	68.3	-0.00153050706	10000000.0	5
20170118_113628	68.3	-0.00136145088	10000000.0	5
20170118_113638	68.4	-0.00113288961	10000000.0	5
20170118_113648	68.3	-0.00118779255	10000000.0	5
20170118_113658	68.3	-0.00166181325	10000000.0	5
20170118_113708	68.3	-0.00139363719	10000000.0	5
20170118_113718	68.3	-0.00171735088	10000000.0	5
20170118_113728	68.3	-0.00194189843	10000000.0	5
20170118_113738	68.1	-0.00193777909	10000000.0	5
20170118_113748	68.1	-0.00146526071	10000000.0	5
20170118_113758	68.3	-0.00161673659	10000000.0	5
20170118_113808	68.3	-0.00220608863	10000000.0	5
20170118_113818	68.1	-0.00181182438	10000000.0	5
20170118_113828	68.1	-0.00121568956	10000000.0	5
20170118_113838	68.1	-0.00155981152	10000000.0	5
20170118_113848	68.1	-0.00129785279	10000000.0	5
20170118_113858	68.1	-0.00125221578	10000000.0	5
20170118_113908	68.3	-0.00158586428	10000000.0	5
20170118_113918	68.1	-0.00129693801	10000000.0	5
20170118_113928	68.1	-0.00130033132	10000000.0	5
20170118_113938	68.1	-0.00171851141	10000000.0	5
20170118_113948	67.9	-0.00157236185	10000000.0	5
20170118_113958	67.9	-0.0018786191	10000000.0	5
20170118_114008	67.9	-0.00116344719	10000000.0	5
20170118_114018	68.1	-0.00122816568	10000000.0	5
20170118_114028	67.9	-0.00226137914	10000000.0	5
20170118_114038	67.7	-0.0023717264	10000000.0	5
20170118_114048	67.7	-0.00213553286	10000000.0	5
20170118_114058	67.9	-0.00181872003	10000000.0	5
20170118_114108	67.7	-0.00124545667	10000000.0	5
20170118_114118	67.7	-0.00126797259	10000000.0	5
20170118_114128	67.7	-0.00112720226	10000000.0	5
20170118_114138	67.5	-0.00152842281	10000000.0	5
20170118_114148	67.5	-0.00110854088	10000000.0	5
20170118_114158	67.5	-0.00231165233	10000000.0	5
20170118_114208	67.5	-0.00160908377	10000000.0	5
20170118_114218	67.5	-0.00133387842	10000000.0	5
20170118_114228	67.5	-0.00112523003	10000000.0	5
20170118_114238	67.5	-0.0022806933	10000000.0	5
20170118_114248	67.3	-0.00121249196	10000000.0	5
20170118_114258	67.3	-0.00118215094	10000000.0	5
20170118_114308	67.5	-0.0014482283	10000000.0	5
20170118_114318	67.3	-0.00229197753	10000000.0	5
20170118_114328	67.3	-0.00214259994	10000000.0	5
20170118_114338	67.3	-0.00128987413	10000000.0	5
20170118_114348	67.3	-0.00115691643	10000000.0	5
20170118_114358	67.5	-0.00232765304	10000000.0	5
20170118_114408	67.3	-0.00142675714	10000000.0	5
20170118_114418	67.5	-0.00195005215	10000000.0	5
20170118_114428	67.3	-0.00196110557	10000000.0	5
20170118_114438	67.5	-0.00220520006	10000000.0	5
20170118_114448	67.5	-0.00173858988	10000000.0	5
20170118_114458	67.5	-0.00146580037	10000000.0	5
20170118_114508	67.5	-0.00146406071	10000000.0	5
20170118_114518	67.7	-0.001689133	10000000.0	5
20170118_114528	67.9	-0.00216148021	10000000.0	5
20170118_114538	68.1	-0.00183372466	10000000.0	5
20170118_114548	68.3	-0.00158156432	10000000.0	5
20170118_114558	68.3	-0.0014444831	10000000.0	5
20170118_114608	68.4	-0.0023439362	10000000.0	5
20170118_114618	68.4	-0.00143294843	10000000.0	5
20170118_114628	68.6	-0.00185195337	10000000.0	5
20170118_114638	68.4	-0.00226855997	10000000.0	5
20170118_114648	68.6	-0.00198828363	10000000.0	5
20170118_114658	68.6	-0.00153165225	10000000.0	5
20170118_114708	68.8	-0.00124266723	10000000.0	5
20170118_114718	68.8	-0.00163886101	10000000.0	5
20170118_114728	68.6	-0.00225579681	10000000.0	5
20170118_114738	68.8	-0.00186034398	10000000.0	5
20170118_114748	68.8	-0.00138308114	10000000.0	5
20170118_114758	68.8	-0.00116103589	10000000.0	5
20170118_114808	68.8	-0.00175391314	10000000.0	5
20170118_114818	68.6	-0.0022901207	10000000.0	5
20170118_114828	68.8	-0.00231529413	10000000.0	5
20170118_114838	68.8	-0.00118229126	10000000.0	5
20170118_114848	69.0	-0.00113861389	10000000.0	5
20170118_114858	68.6	-0.00169843977	10000000.0	5
20170118_114908	68.8	-0.00114540963	10000000.0	5
20170118_114918	68.8	-0.0011642007	10000000.0	5
20170118_114928	68.6	-0.00223936312	10000000.0	5
20170118_114938	68.6	-0.00150041342	10000000.0	5
20170118_114948	68.6	-0.00173891277	10000000.0	5
20170118_114958	68.8	-0.00229492732	10000000.0	5
20170118_115008	68.8	-0.0020661238	10000000.0	5
20170118_115018	68.8	-0.00227428953	10000000.0	5
20170118_115028	68.8	-0.00157890608	10000000.0	5
20170118_115038	68.6	-0.00110218862	10000000.0	5
20170118_115048	68.6	-0.00146980027	10000000.0	5
20170118_115058	68.6	-0.0012591992	10000000.0	5
20170118_115108	68.6	-0.00190243629	10000000.0	5
20170118_115118	68.6	-0.00178350708	10000000.0	5
20170118_115128	68.6	-0.00136771389	10000000.0	5
20170118_115138	68.6	-0.00175736027	10000000.0	5
20170118_115148	68.6	-0.00225735559	10000000.0	5
20170118_115158	68.6	-0.00113695838	10000000.0	5
20170118_115208	68.8	-0.00230216877	10000000.0	5
20170118_115218	68.8	-0.00165942242	10000000.0	5
20170118_115228	68.8	-0.00119246537	10000000.0	5
20170118_115238	68.6	-0.00196075785	10000000.0	5
20170118_115248	68.6	-0.00172660238	10000000.0	5
20170118_115258	68.6	-0.00120836279	10000000.0	5
20170118_115308	68.6	-0.00202759859	10000000.0	5
20170118_115318	68.6	-0.001133786	10000000.0	5
20170118_115328	68.6	-0.00222560557	10000000.0	5
20170118_115338	68.6	-0.00123194201	10000000.0	5
20170118_115348	68.6	-0.00162913197	10000000.0	5
20170118_115358	68.6	-0.00227127351	10000000.0	5
20170118_115408	68.8	-0.00134334979	10000000.0	5
20170118_115418	68.8	-0.00121367301	10000000.0	5
20170118_115428	68.6	-0.00211286267	10000000.0	5
20170118_115438	68.6	-0.00230727813	10000000.0	5
20170118_115448	68.8	-0.00225941661	10000000.0	5
20170118_115458	68.8	-0.00134594826	10000000.0	5
20170118_115508	68.6	-0.00228395449	10000000.0	5
20170118_115518	68.8	-0.00152753663	10000000.0	5
20170118_115528	68.8	-0.00112101479	10000000.0	5
20170118_115538	68.6	-0.00183042928	10000000.0	5
20170118_115548	68.8	-0.00231236037	10000000.0	5
20170118_115558	68.8	-0.00142531753	10000000.0	5
20170118_115608	68.8	-0.00188848819	10000000.0	5
20170118_115618	68.8	-0.00115132579	10000000.0	5
20170118_115628	68.8	-0.00171377864	10000000.0	5
20170118_115638	69.0	-0.00176752193	10000000.0	5
20170118_115648	69.0	-0.00172864769	10000000.0	5
20170118_115658	69.0	-0.00226384688	10000000.0	5
20170118_115708	69.0	-0.00177498074	10000000.0	5
20170118_115718	69.0	-0.00115482433	10000000.0	5
20170118_115728	68.8	-0.0018570056	10000000.0	5
20170118_115738	69.0	-0.00213404315	10000000.0	5
20170118_115748	68.8	-0.00207454365	10000000.0	5
20170118_115758	69.0	-0.0012702591	10000000.0	5
20170118_115808	68.8	-0.00221298243	10000000.0	5
20170118_115818	68.6	-0.0010749382	10000000.0	5
20170118_115828	68.8	-0.00167794184	10000000.0	5
20170118_115838	68.8	-0.0022965382	10000000.0	5
20170118_115848	68.8	-0.00222311161	10000000.0	5
20170118_115858	68.8	-0.00168247829	10000000.0	5
20170118_115908	68.8	-0.00218112022	10000000.0	5
20170118_115918	68.8	-0.00199223823	10000000.0	5
20170118_115928	68.8	-0.00159493076	10000000.0	5
20170118_115938	68.8	-0.00135320477	10000000.0	5
20170118_115948	68.8	-0.00165244498	10000000.0	5
20170118_115958	68.8	-0.0023385959	10000000.0	5
20170118_120008	68.8	-0.00232787065	10000000.0	5
20170118_120018	68.8	-0.00132923976	10000000.0	5
20170118_120028	68.8	-0.00127260724	10000000.0	5
20170118_120038	68.8	-0.00212963795	10000000.0	5
20170118_120048	68.8	-0.00210372702	10000000.0	5
20170118_120058	68.8	-0.00124139113	10000000.0	5
20170118_120108	68.8	-0.00178220438	10000000.0	5
20170118_120118	69.0	-0.00230474696	10000000.0	5
20170118_120128	68.8	-0.00151905765	10000000.0	5
20170118_120138	69.0	-0.00153637092	10000000.0	5
20170118_120148	68.8	-0.0021534607	10000000.0	5
20170118_120158	69.0	-0.00194078074	10000000.0	5
20170118_120208	69.0	-0.00147238057	10000000.0	5
20170118_120218	69.0	-0.00121859918	10000000.0	5
20170118_120228	69.2	-0.0014169702	10000000.0	5
20170118_120238	69.2	-0.00224168497	10000000.0	5
20170118_120248	69.2	-0.00233823939	10000000.0	5
20170118_120258	69.2	-0.00181523707	10000000.0	5
20170118_120308	69.2	-0.0011435945	10000000.0	5
20170118_120318	69.2	-0.00233947105	10000000.0	5
20170118_120328	69.2	-0.00112196502	10000000.0	5
20170118_120338	69.0	-0.00146128027	10000000.0	5
20170118_120348	69.2	-0.00197542132	10000000.0	5
20170118_120358	69.0	-0.00214566702	10000000.0	5
20170118_120408	69.2	-0.00150341094	10000000.0	5
20170118_120418	69.2	-0.00109894889	10000000.0	5
20170118_120428	69.0	-0.00112562001	10000000.0	5
20170118_120438	69.2	-0.00136502544	10000000.0	5
20170118_120448	69.2	-0.00169232837	10000000.0	5
20170118_120458	69.0	-0.00115817629	10000000.0	5
20170118_120508	69.0	-0.00144010897	10000000.0	5
20170118_120518	69.0	-0.00277509872	10000000.0	5
20170118_120528	69.2	-0.0022628701	10000000.0	5
20170118_120538	69.2	-0.00169782771	10000000.0	5
20170118_120548	69.0	-0.00119783382	10000000.0	5
20170118_120558	69.0	-0.00123646645	10000000.0	5
20170118_120608	68.8	-0.00209345124	10000000.0	5
20170118_120618	68.6	-0.00150702638	10000000.0	5
20170118_120628	66.2	-0.00146388069	10000000.0	5
20170118_120638	68.6	-0.0406842009	10000000.0	5
20170118_120648	70.9	-0.0399573991	10000000.0	5
20170118_120658	76.2	-0.040469747	10000000.0	5
20170118_120708	83.7	-0.0400426934	10000000.0	5
20170118_120718	88.6	-0.0398345661	10000000.0	5
20170118_120728	93.3	-0.0396366782	10000000.0	5
20170118_120738	96.9	-0.0395017525	10000000.0	5
20170118_120748	97.7	-0.0401108735	10000000.0	5
20170118_120758	98.8	-0.0394885962	10000000.0	5
20170118_120808	98.6	-0.039909223	10000000.0	5
20170118_120818	98.8	-0.0397748604	10000000.0	5
20170118_120828	98.8	-0.0398482645	10000000.0	5
20170118_120837	98.8	-0.0403256502	10000000.0	5
20170118_120847	98.8	-0.0397950362	10000000.0	5
20170118_120857	98.8	-0.0399211182	10000000.0	5
20170118_120908	98.4	-0.0400364691	10000000.0	5
20170118_120918	98.3	-0.0397998895	10000000.0	5
20170118_120928	98.1	-0.0400085984	10000000.0	5
20170118_120938	97.1	-0.0398946125	10000000.0	5
20170118_120948	97.1	-0.0398674601	10000000.0	5
20170118_120958	96.6	-0.0399743342	10000000.0	5
20170118_121008	96.2	-0.0396312637	10000000.0	5
20170118_121018	95.6	-0.0397871554	10000000.0	5
20170118_121028	95.2	-0.0400978941	10000000.0	5
20170118_121038	94.9	-0.0400331811	10000000.0	5
20170118_121048	94.9	-0.0397385218	10000000.0	5
20170118_121057	94.5	-0.0396864885	10000000.0	5
20170118_121108	94.3	-0.0395939161	10000000.0	5
20170118_121118	94.1	-0.0399861917	10000000.0	5
20170118_121128	93.7	-0.0399036908	10000000.0	5
20170118_121138	93.5	-0.0401728915	10000000.0	5
20170118_121148	93.2	-0.0398104215	10000000.0	5
20170118_121158	92.8	-0.0400173605	10000000.0	5
20170118_121207	92.8	-0.039667251	10000000.0	5
20170118_121218	92.6	-0.0396621833	10000000.0	5
20170118_121227	92.6	-0.0398483413	10000000.0	5
20170118_121237	92.4	-0.0397096343	10000000.0	5
20170118_121248	92.2	-0.0395690805	10000000.0	5
20170118_121257	92.0	-0.0400352457	10000000.0	5
20170118_121307	91.6	-0.0400619744	10000000.0	5
20170118_121317	91.5	-0.0400061194	10000000.0	5
20170118_121327	91.3	-0.0397663076	10000000.0	5
20170118_121337	91.3	-0.0395134821	10000000.0	5
20170118_121347	91.1	-0.0398479312	10000000.0	5
20170118_121357	90.9	-0.0398041947	10000000.0	5
20170118_121407	90.5	-0.0396267143	10000000.0	5
20170118_121417	90.7	-0.0396487056	10000000.0	5
20170118_121428	90.5	-0.0393843984	10000000.0	5
20170118_121438	90.3	-0.0400478905	10000000.0	5
20170118_121448	90.0	-0.0396035543	10000000.0	5
20170118_121458	90.1	-0.0397143447	10000000.0	5
20170118_121507	90.0	-0.0397581387	10000000.0	5
20170118_121517	90.0	-0.0396565671	10000000.0	5
20170118_121527	89.6	-0.0399477992	10000000.0	5
20170118_121537	89.6	-0.039551382	10000000.0	5
20170118_121547	89.4	-0.0398498069	10000000.0	5
20170118_121557	89.4	-0.0397409976	10000000.0	5
20170118_121607	89.0	-0.0283850212	10000000.0	5
20170118_121617	89.0	-0.0396442018	10000000.0	5
20170118_121627	88.8	-0.0394637011	10000000.0	5
20170118_121638	88.8	-0.0394002346	10000000.0	5
20170118_121648	88.8	-0.0398751147	10000000.0	5
20170118_121658	89.0	-0.0396012557	10000000.0	5
20170118_121707	88.8	-0.0391266997	10000000.0	5
20170118_121718	88.6	-0.039933182	10000000.0	5
20170118_121727	88.4	-0.0398107892	10000000.0	5
20170118_121737	88.6	-0.0393927048	10000000.0	5
20170118_121747	88.4	-0.0394562908	10000000.0	5
20170118_121757	88.3	-0.0397618812	10000000.0	5
20170118_121807	88.3	-0.0394747902	10000000.0	5
20170118_121817	88.3	-0.0394902184	10000000.0	5
20170118_121828	88.3	-0.0393160322	10000000.0	5
20170118_121838	88.3	-0.0389880515	10000000.0	5
20170118_121848	87.9	-0.0399348492	10000000.0	5
20170118_121858	88.1	-0.0395055475	10000000.0	5
20170118_121908	87.9	-0.0397598526	10000000.0	5
20170118_121918	87.5	-0.0393774588	10000000.0	5
20170118_121927	87.5	-0.0395124601	10000000.0	5
20170118_121938	87.5	-0.0396008364	10000000.0	5
20170118_121948	87.7	-0.0395813265	10000000.0	5
20170118_121958	87.5	-0.0394093255	10000000.0	5
20170118_122008	87.3	-0.0396542577	10000000.0	5
20170118_122018	87.3	-0.0396179599	10000000.0	5
20170118_122028	87.3	-0.0396715368	10000000.0	5
20170118_122038	87.5	-0.0393052599	10000000.0	5
20170118_122048	87.7	-0.0395673413	10000000.0	5
20170118_122058	87.5	-0.0395788713	10000000.0	5
20170118_122108	87.3	-0.0398645225	10000000.0	5
20170118_122118	86.7	-0.0281641282	10000000.0	5
20170118_122128	86.9	-0.0395780279	10000000.0	5
20170118_122137	86.6	-0.0394083521	10000000.0	5
20170118_122147	86.6	-0.0397921459	10000000.0	5
20170118_122157	86.6	-0.0397135647	10000000.0	5
20170118_122207	86.6	-0.0392875077	10000000.0	5
20170118_122217	86.4	-0.0395862592	10000000.0	5
20170118_122228	86.2	-0.0396377398	10000000.0	5
20170118_122237	86.4	-0.039328203	10000000.0	5
20170118_122248	86.2	-0.0390801436	10000000.0	5
20170118_122257	85.8	-0.0398008529	10000000.0	5
20170118_122307	86.0	-0.0393035345	10000000.0	5
20170118_122317	86.4	-0.0394479228	10000000.0	5
20170118_122327	86.4	-0.0393079922	10000000.0	5
20170118_122337	86.4	-0.0389930163	10000000.0	5
20170118_122348	86.4	-0.0393522733	10000000.0	5
20170118_122357	86.2	-0.0393472172	10000000.0	5
20170118_122408	85.6	-0.039425679	10000000.0	5
20170118_122418	85.8	-0.0390934174	10000000.0	5
20170118_122427	85.6	-0.0395927855	10000000.0	5
20170118_122437	85.8	-0.0393431527	10000000.0	5
20170118_122447	86.0	-0.0394487604	10000000.0	5
20170118_122457	85.8	-0.0389932684	10000000.0	5
20170118_122507	85.6	-0.0395215964	10000000.0	5
20170118_122517	85.4	-0.0394065979	10000000.0	5
20170118_122528	85.4	-0.0394353921	10000000.0	5
20170118_122538	85.2	-0.0393625448	10000000.0	5
20170118_122548	85.2	-0.0392300302	10000000.0	5
20170118_122558	85.0	-0.0395178554	10000000.0	5
20170118_122608	85.2	-0.0390656509	10000000.0	5
20170118_122618	84.9	-0.0395953282	10000000.0	5
20170118_122628	84.9	-0.0391784041	10000000.0	5
20170118_122638	84.9	-0.0284759851	10000000.0	5
20170118_122648	84.7	-0.0394680614	10000000.0	5
20170118_122658	84.9	-0.0392696665	10000000.0	5
20170118_122708	84.9	-0.0396329024	10000000.0	5
20170118_122718	84.7	-0.0395713881	10000000.0	5
20170118_122728	84.7	-0.0394648587	10000000.0	5
20170118_122738	84.7	-0.0396184917	10000000.0	5
20170118_122748	84.7	-0.0394211823	10000000.0	5
20170118_122758	85.0	-0.0393737118	10000000.0	5
20170118_122808	84.7	-0.0390377064	10000000.0	5
20170118_122818	84.7	-0.0397013358	10000000.0	5
20170118_122828	84.9	-0.0394367907	10000000.0	5
20170118_122838	84.7	-0.0391914143	10000000.0	5
20170118_122848	84.7	-0.038858875	10000000.0	5
20170118_122858	84.1	-0.039066058	10000000.0	5
20170118_122908	83.9	-0.0396820015	10000000.0	5
20170118_122918	84.7	-0.0391307854	10000000.0	5
20170118_122928	84.7	-0.0391783081	10000000.0	5
20170118_122938	84.5	-0.0393545221	10000000.0	5
20170118_122948	84.1	-0.0398092656	10000000.0	5
20170118_122958	84.3	-0.0391788005	10000000.0	5
20170118_123008	84.5	-0.0392933236	10000000.0	5
20170118_123018	84.5	-0.0393709965	10000000.0	5
20170118_123028	84.7	-0.0393619568	10000000.0	5
20170118_123038	84.7	-0.0392920745	10000000.0	5
20170118_123048	84.7	-0.039336388	10000000.0	5
20170118_123058	84.5	-0.0387704835	10000000.0	5
20170118_123108	84.7	-0.0390542749	10000000.0	5
20170118_123117	84.7	-0.0391490548	10000000.0	5
20170118_123128	84.7	-0.0396624639	10000000.0	5
20170118_123138	84.7	-0.0391222233	10000000.0	5
20170118_123148	84.7	-0.0395617064	10000000.0	5
20170118_123158	84.5	-0.0393324258	10000000.0	5
20170118_123208	84.5	-0.0396762137	10000000.0	5
20170118_123218	84.7	-0.0395838006	10000000.0	5
20170118_123228	84.3	-0.039727493	10000000.0	5
20170118_123238	84.7	-0.0392424437	10000000.0	5
20170118_123248	84.9	-0.0395203742	10000000.0	5
20170118_123258	84.9	-0.0395985002	10000000.0	5
20170118_123307	84.9	-0.0395123608	10000000.0	5
20170118_123318	84.7	-0.0396345996	10000000.0	5
20170118_123328	84.9	-0.0396301728	10000000.0	5
20170118_123338	84.9	-0.0394399393	10000000.0	5
20170118_123348	85.2	-0.0390593717	10000000.0	5
20170118_123358	85.2	-0.0398966742	10000000.0	5
20170118_123408	84.9	-0.0397169858	10000000.0	5
20170118_123418	84.9	-0.0393886526	10000000.0	5
20170118_123428	85.4	-0.0395609362	10000000.0	5
20170118_123438	85.2	-0.0394376491	10000000.0	5
20170118_123448	85.2	-0.0398080531	10000000.0	5
20170118_123458	85.0	-0.0395186695	10000000.0	5
20170118_123508	85.2	-0.0394799691	10000000.0	5
20170118_123518	85.0	-0.0396981743	10000000.0	5
20170118_123528	85.2	-0.039593631	10000000.0	5
20170118_123537	85.0	-0.0391740028	10000000.0	5
20170118_123548	85.2	-0.0395087513	10000000.0	5
20170118_123557	85.2	-0.0393833908	10000000.0	5
20170118_123607	85.2	-0.0394326337	10000000.0	5
20170118_123617	85.4	-0.0393405277	10000000.0	5
20170118_123628	85.2	-0.0394513786	10000000.0	5
20170118_123638	85.4	-0.0393825527	10000000.0	5
20170118_123647	85.4	-0.0393147868	10000000.0	5
20170118_123658	85.6	-0.0398157871	10000000.0	5
20170118_123708	85.6	-0.0392786907	10000000.0	5
20170118_123717	85.6	-0.0397308762	10000000.0	5
20170118_123727	85.4	-0.0391247337	10000000.0	5
20170118_123737	85.8	-0.0394143779	10000000.0	5
20170118_123747	85.6	-0.0394693217	10000000.0	5
20170118_123757	85.8	-0.0395897617	10000000.0	5
20170118_123808	85.6	-0.0396621886	10000000.0	5
20170118_123818	85.6	-0.0397965184	10000000.0	5
20170118_123827	85.6	-0.0395998312	10000000.0	5
20170118_123837	85.6	-0.0394606079	10000000.0	5
20170118_123847	85.8	-0.0286412639	10000000.0	5
20170118_123857	85.8	-0.0397020622	10000000.0	5
20170118_123907	85.6	-0.0400536489	10000000.0	5
20170118_123918	85.8	-0.0396252544	10000000.0	5
20170118_123927	86.0	-0.0393281998	10000000.0	5
20170118_123937	85.8	-0.0392728276	10000000.0	5
20170118_123947	86.6	-0.0395072355	10000000.0	5
20170118_123957	85.8	-0.0396455788	10000000.0	5
20170118_124007	85.8	-0.039460422	10000000.0	5
20170118_124017	86.2	-0.0395160497	10000000.0	5
20170118_124027	86.0	-0.0395828529	10000000.0	5
20170118_124037	85.8	-0.0392166242	10000000.0	5
20170118_124047	86.0	-0.0392675029	10000000.0	5
20170118_124057	86.0	-0.0396798757	10000000.0	5
20170118_124107	85.8	-0.0392859948	10000000.0	5
20170118_124117	86.0	-0.0396901292	10000000.0	5
20170118_124127	85.8	-0.0396279949	10000000.0	5
20170118_124137	85.8	-0.039526567	10000000.0	5
20170118_124147	85.8	-0.0394964669	10000000.0	5
20170118_124157	85.8	-0.0396029716	10000000.0	5
20170118_124207	85.6	-0.0400829717	10000000.0	5
20170118_124217	85.6	-0.040086282	10000000.0	5
20170118_124227	85.8	-0.0397127748	10000000.0	5
20170118_124237	86.0	-0.0396424856	10000000.0	5
20170118_124247	85.6	-0.0396188762	10000000.0	5
20170118_124257	86.0	-0.0393241005	10000000.0	5
20170118_124308	86.0	-0.0395514224	10000000.0	5
20170118_124317	86.0	-0.0395655362	10000000.0	5
20170118_124327	85.8	-0.0395465346	10000000.0	5
20170118_124338	86.0	-0.0393615061	10000000.0	5
20170118_124348	85.8	-0.0391261976	10000000.0	5
20170118_124357	86.2	-0.0393754697	10000000.0	5
20170118_124407	86.0	-0.0395053189	10000000.0	5
20170118_124417	86.0	-9.9e+37	10000000.0	5
20170118_124427	85.4	-0.0397750153	10000000.0	5
20170118_124437	85.8	-0.0393930261	10000000.0	5
20170118_124447	85.8	-0.0394161754	10000000.0	5
20170118_124457	86.0	-0.0395450497	10000000.0	5
20170118_124507	86.6	-0.0391665532	10000000.0	5
20170118_124517	86.6	-0.0395067119	10000000.0	5
20170118_124527	86.6	-0.0395133183	10000000.0	5
20170118_124537	86.2	-0.0394811041	10000000.0	5
20170118_124548	86.4	-0.0392387903	10000000.0	5
20170118_124557	85.6	-0.0397840619	10000000.0	5
20170118_124607	87.3	-0.0397042908	10000000.0	5
20170118_124617	86.9	-0.0396241503	10000000.0	5
20170118_124627	86.4	-0.039725084	10000000.0	5
20170118_124637	85.6	-0.0394440184	10000000.0	5
20170118_124647	85.6	-0.0394852636	10000000.0	5
20170118_124657	85.8	-0.0393069588	10000000.0	5
20170118_124707	86.0	-0.0289801051	10000000.0	5
20170118_124717	86.4	-0.0399035708	10000000.0	5
20170118_124728	86.7	-0.0393505547	10000000.0	5
20170118_124738	86.4	-0.0394365957	10000000.0	5
20170118_124748	86.0	-0.0393586319	10000000.0	5
20170118_124757	86.0	-0.0393762351	10000000.0	5
20170118_124807	86.0	-0.0393516149	10000000.0	5
20170118_124817	86.0	-0.0397015605	10000000.0	5
20170118_124828	86.2	-0.0398380849	10000000.0	5
20170118_124838	86.4	-0.0398307182	10000000.0	5
20170118_124848	86.2	-0.0397920475	10000000.0	5
20170118_124858	86.2	-0.0394123851	10000000.0	5
20170118_124908	86.4	-0.0396552489	10000000.0	5
20170118_124918	86.7	-0.039296787	10000000.0	5
20170118_124928	87.3	-0.0388421349	10000000.0	5
20170118_124938	87.5	-0.0394241296	10000000.0	5
20170118_124948	87.3	-0.0395983298	10000000.0	5
20170118_124958	87.3	-0.0394179607	10000000.0	5
20170118_125008	86.4	-0.0396913725	10000000.0	5
20170118_125018	85.8	-0.0394062967	10000000.0	5
20170118_125028	85.6	-0.0394774152	10000000.0	5
20170118_125037	85.8	-0.0394792928	10000000.0	5
20170118_125048	85.6	-0.0395209179	10000000.0	5
20170118_125058	85.6	-0.0391267119	10000000.0	5
20170118_125108	85.2	-0.0394998629	10000000.0	5
20170118_125118	85.2	-0.0393639902	10000000.0	5
20170118_125128	85.4	-0.039501037	10000000.0	5
20170118_125137	85.4	-0.0392417399	10000000.0	5
20170118_125147	85.2	-0.0397767662	10000000.0	5
20170118_125157	85.2	-0.0399549245	10000000.0	5
20170118_125207	85.4	-0.0398821312	10000000.0	5
20170118_125217	85.6	-0.0394182354	10000000.0	5
20170118_125227	85.6	-0.0397044227	10000000.0	5
20170118_125237	85.6	-0.0399490972	10000000.0	5
20170118_125248	86.0	-0.039882292	10000000.0	5
20170118_125258	86.2	-0.0397056947	10000000.0	5
20170118_125307	86.2	-0.0293136829	10000000.0	5
20170118_125318	86.2	-0.039734751	10000000.0	5
20170118_125328	86.2	-0.0395230941	10000000.0	5
20170118_125338	86.4	-0.0393825191	10000000.0	5
20170118_125348	85.2	-0.039550953	10000000.0	5
20170118_125358	85.6	-0.0396376326	10000000.0	5
20170118_125408	85.6	-0.0394767595	10000000.0	5
20170118_125418	85.6	-0.0397262128	10000000.0	5
20170118_125427	85.6	-0.0396311914	10000000.0	5
20170118_125438	85.6	-0.0394460729	10000000.0	5
20170118_125448	85.4	-0.0394144641	10000000.0	5
20170118_125458	85.6	-0.0393509309	10000000.0	5
20170118_125508	85.8	-0.0399685298	10000000.0	5
20170118_125517	85.4	-0.0393584287	10000000.0	5
20170118_125527	85.6	-0.0399830822	10000000.0	5
20170118_125538	85.6	-0.0393604758	10000000.0	5
20170118_125548	85.4	-0.0398006168	10000000.0	5
20170118_125558	85.6	-0.0412659126	10000000.0	5
20170118_125608	85.6	-0.0394237547	10000000.0	5
20170118_125618	85.2	-0.0396983804	10000000.0	5
20170118_125628	85.4	-0.0393929739	10000000.0	5
20170118_125638	85.4	-0.0392837736	10000000.0	5
20170118_125648	85.8	-0.0393794249	10000000.0	5
20170118_125658	85.6	-0.0394613607	10000000.0	5
20170118_125708	86.0	-0.0393448429	10000000.0	5
20170118_125718	86.0	-0.039562602	10000000.0	5
20170118_125728	86.0	-0.0287297229	10000000.0	5
20170118_125738	86.0	-0.0399355199	10000000.0	5
20170118_125748	86.2	-0.0395427026	10000000.0	5
20170118_125758	86.6	-0.0287029246	10000000.0	5
20170118_125808	86.7	-0.0390122787	10000000.0	5
20170118_125818	86.2	-0.0392161331	10000000.0	5
20170118_125828	86.0	-0.0398411503	10000000.0	5
20170118_125838	86.2	-0.0395223943	10000000.0	5
20170118_125848	87.7	-0.0396968769	10000000.0	5
20170118_125858	87.1	-9.9e+37	10000000.0	5
20170118_125907	87.3	-0.0394091847	10000000.0	5
20170118_125917	86.9	-0.0393876064	10000000.0	5
20170118_125927	87.9	-0.0394127296	10000000.0	5
20170118_125937	87.7	-0.039680631	10000000.0	5
20170118_125947	87.5	-0.039302945	10000000.0	5
20170118_125957	87.7	-0.0394520702	10000000.0	5
20170118_130008	87.9	-0.0396918898	10000000.0	5
20170118_130018	87.9	-0.028693014	10000000.0	5
20170118_130028	87.9	-0.0394768123	10000000.0	5
20170118_130038	88.1	-0.0394056959	10000000.0	5
20170118_130048	87.9	-0.0421204978	10000000.0	5
20170118_130058	88.1	-0.0419725396	10000000.0	5
20170118_130108	88.1	-0.0419579178	10000000.0	5
20170118_130118	88.6	-0.0418839837	10000000.0	5
20170118_130128	88.6	-0.0419079252	10000000.0	5
20170118_130138	89.2	-0.0419335208	10000000.0	5
20170118_130148	89.6	-0.0415986987	10000000.0	5
20170118_130158	89.6	-0.042182654	10000000.0	5
20170118_130208	89.8	-0.0420244604	10000000.0	5
20170118_130218	89.8	-0.0421764582	10000000.0	5
20170118_130228	89.6	-0.0313632866	10000000.0	5
20170118_130238	89.6	-0.0421740507	10000000.0	5
20170118_130248	90.1	-0.0423407827	10000000.0	5
20170118_130258	90.1	-0.0421165105	10000000.0	5
20170118_130308	89.8	-0.0419594191	10000000.0	5
20170118_130318	90.3	-0.0420681003	10000000.0	5
20170118_130327	90.5	-0.0418905617	10000000.0	5
20170118_130338	90.1	-0.0420777143	10000000.0	5
20170118_130348	89.6	-0.042079902	10000000.0	5
20170118_130358	89.4	-0.0424878384	10000000.0	5
20170118_130408	90.3	-0.0424045538	10000000.0	5
20170118_130418	89.4	-0.0421876624	10000000.0	5
20170118_130428	89.6	-0.0419723788	10000000.0	5
20170118_130438	90.0	-0.0418042852	10000000.0	5
20170118_130447	90.0	-0.0419963345	10000000.0	5
20170118_130458	90.3	-0.0415197715	10000000.0	5
20170118_130507	90.0	-0.0422672084	10000000.0	5
20170118_130517	90.0	-0.0419448554	10000000.0	5
20170118_130527	90.0	-0.0420841614	10000000.0	5
20170118_130537	90.1	-0.0415950415	10000000.0	5
20170118_130547	89.4	-0.0419646279	10000000.0	5
20170118_130558	89.6	-0.0423369672	10000000.0	5
20170118_130608	90.0	-0.041981222	10000000.0	5
20170118_130618	89.8	-0.0419149862	10000000.0	5
20170118_130628	90.5	-0.0418603352	10000000.0	5
20170118_130638	90.7	-0.0418990357	10000000.0	5
20170118_130648	91.5	-0.0303210008	10000000.0	5
20170118_130658	90.7	-0.0422872665	10000000.0	5
20170118_130708	90.7	-0.042072502	10000000.0	5
20170118_130718	91.3	-0.0420655459	10000000.0	5
20170118_130728	90.9	-0.0420097891	10000000.0	5
20170118_130738	90.9	-0.0415209587	10000000.0	5
20170118_130748	90.7	-0.0427341511	10000000.0	5
20170118_130758	90.9	-0.0419840345	10000000.0	5
20170118_130807	90.7	-0.042310647	10000000.0	5
20170118_130818	90.5	-0.0425807713	10000000.0	5
20170118_130828	90.3	-0.0419384267	10000000.0	5
20170118_130838	90.5	-0.0422803007	10000000.0	5
20170118_130848	90.5	-0.0422211454	10000000.0	5
20170118_130858	90.7	-0.0418086359	10000000.0	5
20170118_130908	90.7	-0.0298010746	10000000.0	5
20170118_130918	90.3	-0.0421588919	10000000.0	5
20170118_130927	90.7	-0.042727554	10000000.0	5
20170118_130938	90.3	-0.0423462509	10000000.0	5
20170118_130948	90.5	-0.0424870073	10000000.0	5
20170118_130957	90.3	-0.0416244475	10000000.0	5
20170118_131007	90.5	-0.0423343752	10000000.0	5
20170118_131018	90.9	-0.0420975761	10000000.0	5
20170118_131027	91.3	-0.0422059495	10000000.0	5
20170118_131038	91.3	-0.0311645877	10000000.0	5
20170118_131048	91.5	-0.0421746047	10000000.0	5
20170118_131058	91.6	-0.0426271319	10000000.0	5
20170118_131108	91.8	-0.0427269891	10000000.0	5
20170118_131118	91.8	-0.0424772741	10000000.0	5
20170118_131128	91.8	-0.0431732427	10000000.0	5
20170118_131138	91.3	-0.0426725468	10000000.0	5
20170118_131148	91.5	-0.0427087723	10000000.0	5
20170118_131158	91.5	-0.0422105713	10000000.0	5
20170118_131208	91.5	-0.0421600158	10000000.0	5
20170118_131218	91.5	-0.0417071594	10000000.0	5
20170118_131228	91.5	-0.0422038665	10000000.0	5
20170118_131238	91.5	-0.0424476438	10000000.0	5
20170118_131247	91.6	-0.0421404773	10000000.0	5
20170118_131258	91.5	-0.0424828339	10000000.0	5
20170118_131308	91.5	-0.0419032949	10000000.0	5
20170118_131317	91.6	-0.0424867761	10000000.0	5
20170118_131328	91.8	-0.0425060628	10000000.0	5
20170118_131337	91.8	-0.0422073801	10000000.0	5
20170118_131347	92.0	-0.0420931783	10000000.0	5
20170118_131357	92.0	-0.0420778125	10000000.0	5
20170118_131407	92.2	-0.0422522386	10000000.0	5
20170118_131417	92.0	-0.0424149992	10000000.0	5
20170118_131427	92.2	-0.0423305533	10000000.0	5
20170118_131437	92.2	-0.0422651915	10000000.0	5
20170118_131448	92.2	-0.041888827	10000000.0	5
20170118_131458	92.4	-0.042183224	10000000.0	5
20170118_131508	92.4	-0.0422910563	10000000.0	5
20170118_131517	92.4	-0.0427112611	10000000.0	5
20170118_131527	92.6	-0.0424788546	10000000.0	5
20170118_131537	93.0	-0.0419248015	10000000.0	5
20170118_131547	93.5	-0.0421297755	10000000.0	5
20170118_131557	93.3	-0.0422423269	10000000.0	5
20170118_131607	92.2	-0.0423746396	10000000.0	5
20170118_131617	93.5	-0.0306755248	10000000.0	5
20170118_131627	93.0	-0.0422679757	10000000.0	5
20170118_131637	92.6	-0.0424519344	10000000.0	5
20170118_131647	93.0	-0.0424535926	10000000.0	5
20170118_131657	93.0	-0.042704553	10000000.0	5
20170118_131707	93.0	-0.0424312816	10000000.0	5
20170118_131717	94.1	-0.0423210905	10000000.0	5
20170118_131728	94.5	-0.0425060546	10000000.0	5
20170118_131737	94.1	-0.0422383379	10000000.0	5
20170118_131747	93.7	-0.042055405	10000000.0	5
20170118_131758	92.8	-0.0422233604	10000000.0	5
20170118_131807	93.5	-0.0427461261	10000000.0	5
20170118_131817	93.0	-0.0420794612	10000000.0	5
20170118_131827	92.6	-0.0421601216	10000000.0	5
20170118_131838	92.8	-0.0421632456	10000000.0	5
20170118_131848	92.2	-0.0424029414	10000000.0	5
20170118_131858	92.2	-0.0427571738	10000000.0	5
20170118_131908	92.6	-0.0426482269	10000000.0	5
20170118_131918	92.0	-0.0425476909	10000000.0	5
20170118_131927	92.2	-0.0423885526	10000000.0	5
20170118_131937	92.2	-0.0420377335	10000000.0	5
20170118_131947	91.8	-0.0308773472	10000000.0	5
20170118_131957	92.4	-0.0425723776	10000000.0	5
20170118_132007	92.2	-0.0426744645	10000000.0	5
20170118_132017	92.2	-0.0425689664	10000000.0	5
20170118_132027	92.2	-0.0424521755	10000000.0	5
20170118_132037	92.2	-0.0309913974	10000000.0	5
20170118_132047	92.2	-0.0422160336	10000000.0	5
20170118_132058	92.0	-0.0423946631	10000000.0	5
20170118_132107	92.2	-9.9e+37	10000000.0	5
20170118_132117	92.8	-0.0426258305	10000000.0	5
20170118_132127	92.8	-0.0308910797	10000000.0	5
20170118_132137	93.2	-0.0421596023	10000000.0	5
20170118_132147	92.4	-0.0425645718	10000000.0	5
20170118_132157	92.4	-0.0422550184	10000000.0	5
20170118_132207	92.4	-0.0422042612	10000000.0	5
20170118_132217	92.4	-0.0310435116	10000000.0	5
20170118_132227	92.6	-0.0424281944	10000000.0	5
20170118_132237	92.6	-0.0427565839	10000000.0	5
20170118_132247	92.6	-0.0426321205	10000000.0	5
20170118_132257	92.6	-0.042510825	10000000.0	5
20170118_132307	92.8	-0.0309343516	10000000.0	5
20170118_132317	92.8	-0.0424298221	10000000.0	5
20170118_132327	93.0	-0.0422241018	10000000.0	5
20170118_132337	93.0	-0.0424583669	10000000.0	5
20170118_132347	92.8	-0.0423883901	10000000.0	5
20170118_132357	93.2	-0.0309388369	10000000.0	5
20170118_132407	92.6	-0.0419760263	10000000.0	5
20170118_132417	92.6	-0.0427373975	10000000.0	5
20170118_132427	93.2	-0.042434075	10000000.0	5
20170118_132437	92.4	-0.0423588682	10000000.0	5
20170118_132447	92.4	-0.0310696299	10000000.0	5
20170118_132457	92.2	-0.0422069667	10000000.0	5
20170118_132507	92.2	-0.0421394301	10000000.0	5
20170118_132517	92.6	-0.0426086511	10000000.0	5
20170118_132527	92.8	-0.0425871192	10000000.0	5
20170118_132537	92.8	-0.0419716467	10000000.0	5
20170118_132547	92.6	-0.0419599708	10000000.0	5
20170118_132557	92.2	-0.042091525	10000000.0	5
20170118_132607	92.2	-0.042433484	10000000.0	5
20170118_132617	93.0	-0.042547468	10000000.0	5
20170118_132627	93.0	-0.0422782206	10000000.0	5
20170118_132637	93.0	-0.0419990983	10000000.0	5
20170118_132647	93.0	-0.0422529403	10000000.0	5
20170118_132657	93.0	-0.0419129752	10000000.0	5
20170118_132707	93.0	-0.0426173801	10000000.0	5
20170118_132717	93.2	-0.042290412	10000000.0	5
20170118_132727	93.2	-0.0421690776	10000000.0	5
20170118_132737	93.0	-0.0422309498	10000000.0	5
20170118_132747	93.2	-0.0422945478	10000000.0	5
20170118_132757	93.0	-0.0423272425	10000000.0	5
20170118_132807	93.0	-0.0422782091	10000000.0	5
20170118_132817	93.0	-0.0423715104	10000000.0	5
20170118_132827	93.3	-0.0421060099	10000000.0	5
20170118_132837	93.2	-0.042335084	10000000.0	5
20170118_132847	93.2	-0.0312769873	10000000.0	5
20170118_132857	93.2	-0.0420969337	10000000.0	5
20170118_132907	93.2	-0.0424291337	10000000.0	5
20170118_132917	93.2	-0.0423174918	10000000.0	5
20170118_132927	93.2	-0.0420585852	10000000.0	5
20170118_132937	93.3	-0.0422003366	10000000.0	5
20170118_132948	93.2	-0.0421553164	10000000.0	5
20170118_132957	93.0	-0.0423717417	10000000.0	5
20170118_133007	92.8	-0.0423028217	10000000.0	5
20170118_133017	93.0	-0.0421479757	10000000.0	5
20170118_133027	93.0	-0.0418729781	10000000.0	5
20170118_133037	92.8	-0.0427853526	10000000.0	5
20170118_133047	93.5	-0.0425898261	10000000.0	5
20170118_133057	93.0	-0.0426764297	10000000.0	5
20170118_133107	93.3	-0.0426353015	10000000.0	5
20170118_133117	93.0	-0.0418279978	10000000.0	5
20170118_133127	93.2	-0.0424368973	10000000.0	5
20170118_133137	93.0	-0.0424190928	10000000.0	5
20170118_133147	92.6	-0.0426793987	10000000.0	5
20170118_133157	92.8	-0.0423502755	10000000.0	5
20170118_133207	92.8	-0.04260503	10000000.0	5
20170118_133217	93.3	-0.0427988384	10000000.0	5
20170118_133227	93.2	-0.042561086	10000000.0	5
20170118_133237	93.2	-0.0427316765	10000000.0	5
20170118_133247	93.2	-0.042583763	10000000.0	5
20170118_133257	93.3	-0.0424645358	10000000.0	5
20170118_133307	93.2	-0.0425024161	10000000.0	5
20170118_133317	93.0	-0.0425106658	10000000.0	5
20170118_133327	92.8	-0.0425913605	10000000.0	5
20170118_133337	92.6	-0.0416906405	10000000.0	5
20170118_133347	92.4	-0.0421466276	10000000.0	5
20170118_133357	92.4	-0.0425317182	10000000.0	5
20170118_133407	92.2	-0.0421473838	10000000.0	5
20170118_133417	92.0	-0.042335568	10000000.0	5
20170118_133427	91.8	-0.0416921603	10000000.0	5
20170118_133437	91.5	-0.0420218886	10000000.0	5
20170118_133447	91.3	-0.0420596565	10000000.0	5
20170118_133457	91.5	-0.0422772851	10000000.0	5
20170118_133507	91.3	-0.0425188293	10000000.0	5
20170118_133517	90.9	-0.0423507128	10000000.0	5
20170118_133527	91.1	-0.0425672709	10000000.0	5
20170118_133537	91.1	-0.042271117	10000000.0	5
20170118_133547	90.7	-0.0422109868	10000000.0	5
20170118_133557	91.1	-0.0418577863	10000000.0	5
20170118_133607	91.1	-0.0420777717	10000000.0	5
20170118_133617	91.3	-0.0423620094	10000000.0	5
20170118_133627	91.3	-0.0425713308	10000000.0	5
20170118_133637	92.0	-0.0424972917	10000000.0	5
20170118_133647	92.4	-0.0423855966	10000000.0	5
20170118_133657	92.6	-0.041657818	10000000.0	5
20170118_133707	92.8	-0.0421640507	10000000.0	5
20170118_133717	92.8	-0.0421921086	10000000.0	5
20170118_133727	91.8	-0.042117602	10000000.0	5
20170118_133737	91.3	-0.0419738745	10000000.0	5
20170118_133747	90.9	-0.0416266091	10000000.0	5
20170118_133757	90.3	-0.0426106166	10000000.0	5
20170118_133807	91.3	-0.0424953539	10000000.0	5
20170118_133817	91.1	-0.0422174175	10000000.0	5
20170118_133827	91.1	-0.0419956361	10000000.0	5
20170118_133837	91.3	-0.0417400346	10000000.0	5
20170118_133847	91.3	-0.042258152	10000000.0	5
20170118_133857	91.6	-0.0424013308	10000000.0	5
20170118_133907	91.6	-0.0424032883	10000000.0	5
20170118_133917	91.5	-0.0311252243	10000000.0	5
20170118_133927	91.6	-0.0418072892	10000000.0	5
20170118_133938	91.6	-0.0420913425	10000000.0	5
20170118_133948	91.6	-0.0420616069	10000000.0	5
20170118_133957	91.6	-0.0417845467	10000000.0	5
20170118_134007	91.6	-0.0311023189	10000000.0	5
20170118_134017	91.6	-0.0422081862	10000000.0	5
20170118_134027	91.6	-0.0420374536	10000000.0	5
20170118_134037	91.8	-0.041984858	10000000.0	5
20170118_134047	91.6	-0.0422384724	10000000.0	5
20170118_134057	91.6	-0.0310810747	10000000.0	5
20170118_134107	92.0	-0.0420224345	10000000.0	5
20170118_134118	92.0	-0.0419438834	10000000.0	5
20170118_134127	92.2	-0.0419777885	10000000.0	5
20170118_134137	92.2	-0.04209878	10000000.0	5
20170118_134147	91.6	-0.0418048832	10000000.0	5
20170118_134157	91.5	-0.0422075349	10000000.0	5
20170118_134208	91.3	-0.04171126	10000000.0	5
20170118_134218	91.3	-0.0422546954	10000000.0	5
20170118_134228	91.5	-0.0419314746	10000000.0	5
20170118_134238	91.8	-0.041919933	10000000.0	5
20170118_134248	91.6	-0.030229168	10000000.0	5
20170118_134258	91.5	-0.0420871456	10000000.0	5
20170118_134308	91.5	-0.0424845892	10000000.0	5
20170118_134318	91.3	-0.0311788848	10000000.0	5
20170118_134328	92.2	-0.0420823473	10000000.0	5
20170118_134338	92.6	-0.0422874448	10000000.0	5
20170118_134348	92.8	-0.0418338322	10000000.0	5
20170118_134358	93.0	-0.0418364723	10000000.0	5
20170118_134408	93.0	-0.0419727956	10000000.0	5
20170118_134418	93.2	-0.042172797	10000000.0	5
20170118_134428	93.0	-0.0421560542	10000000.0	5
20170118_134438	92.8	-0.0420879994	10000000.0	5
20170118_134448	93.3	-0.0421509425	10000000.0	5
20170118_134458	93.0	-0.0414318063	10000000.0	5
20170118_134508	92.0	-0.0419945446	10000000.0	5
20170118_134518	91.3	-0.0420466699	10000000.0	5
20170118_134528	91.6	-0.0421731372	10000000.0	5
20170118_134538	91.5	-0.029938366	10000000.0	5
20170118_134548	91.1	-0.0418272187	10000000.0	5
20170118_134558	91.1	-0.0424344299	10000000.0	5
20170118_134608	91.1	-0.0300904294	10000000.0	5
20170118_134618	91.1	-0.0418543506	10000000.0	5
20170118_134628	90.9	-0.0423028174	10000000.0	5
20170118_134638	90.7	-0.0418876496	10000000.0	5
20170118_134648	91.1	-0.0419027796	10000000.0	5
20170118_134658	91.1	-0.0412952108	10000000.0	5
20170118_134708	90.9	-0.0420124018	10000000.0	5
20170118_134718	90.7	-0.0417586643	10000000.0	5
20170118_134728	90.3	-0.0416728344	10000000.0	5
20170118_134737	89.8	-0.0419795215	10000000.0	5
20170118_134748	89.6	-0.0414464572	10000000.0	5
20170118_134758	89.8	-0.0417246808	10000000.0	5
20170118_134808	89.6	-0.0420414886	10000000.0	5
20170118_134818	89.6	-0.0379113132	10000000.0	5
20170118_134828	89.2	-0.0416211757	10000000.0	5
20170118_134838	88.8	-0.0414263373	10000000.0	5
20170118_134847	88.8	-0.0415420855	10000000.0	5
20170118_134858	88.4	-0.0419948552	10000000.0	5
20170118_134907	88.3	-0.0418776151	10000000.0	5
20170118_134917	87.9	-0.0301598445	10000000.0	5
20170118_134927	87.5	-0.0416724855	10000000.0	5
20170118_134937	87.1	-0.041743404	10000000.0	5
20170118_134948	86.9	-0.0418282654	10000000.0	5
20170118_134958	86.7	-0.0421416506	10000000.0	5
20170118_135008	86.4	-0.0416799621	10000000.0	5
20170118_135018	86.6	-0.0417384924	10000000.0	5
20170118_135028	86.6	-0.0414965761	10000000.0	5
20170118_135038	86.4	-0.0413306999	10000000.0	5
20170118_135048	87.7	-0.0410534795	10000000.0	5
20170118_135058	86.0	-0.0108016987	10000000.0	5
20170118_135107	85.6	-0.0421729932	10000000.0	5
20170118_135118	85.6	-0.0417552857	10000000.0	5
20170118_135128	85.4	-0.0344550435	10000000.0	5
20170118_135137	85.6	-0.0424329682	10000000.0	5
20170118_135148	85.6	-0.0417919088	10000000.0	5
20170118_135157	85.8	-0.0422892021	10000000.0	5
20170118_135207	86.2	-0.0416870212	10000000.0	5
20170118_135218	85.4	-0.0422049181	10000000.0	5
20170118_135228	85.8	-0.0420592769	10000000.0	5
20170118_135238	85.8	-0.0418756445	10000000.0	5
20170118_135248	85.8	-0.0420464904	10000000.0	5
20170118_135258	86.0	-0.0420158608	10000000.0	5
20170118_135308	86.0	-0.0413668778	10000000.0	5
20170118_135318	85.4	-0.0423195145	10000000.0	5
20170118_135328	86.0	-0.0415036287	10000000.0	5
20170118_135338	72.4	-0.0423081102	10000000.0	5
20170118_135348	77.1	-0.037514348	10000000.0	5
20170118_135358	80.3	-0.0420320863	10000000.0	5
20170118_135408	81.8	-0.041817756	10000000.0	5
20170118_135417	83.3	-0.0418579948	10000000.0	5
20170118_135428	83.9	-0.0419823995	10000000.0	5
20170118_135438	84.3	-0.0412508203	10000000.0	5
20170118_135447	84.5	-0.0417714504	10000000.0	5
20170118_135457	84.7	-0.0420160639	10000000.0	5
20170118_135507	84.9	-0.0418261243	10000000.0	5
20170118_135517	85.0	-0.0325998319	10000000.0	5
20170118_135527	85.0	-0.0415088538	10000000.0	5
20170118_135538	85.2	-0.0417413589	10000000.0	5
20170118_135548	85.2	-0.0418137607	10000000.0	5
20170118_135557	85.4	-0.0302211383	10000000.0	5
20170118_135608	85.6	-0.0421283769	10000000.0	5
20170118_135618	85.4	-0.0416304021	10000000.0	5
20170118_135628	85.6	-0.0422517946	10000000.0	5
20170118_135638	85.6	-0.0420016597	10000000.0	5
20170118_135647	85.4	-0.0418888229	10000000.0	5
20170118_135657	85.4	-0.0416718753	10000000.0	5
20170118_135707	85.4	-0.0417217364	10000000.0	5
20170118_135718	85.4	-0.0417418873	10000000.0	5
20170118_135728	85.4	-0.0413225272	10000000.0	5
20170118_135738	85.4	-0.0423465811	10000000.0	5
20170118_135748	85.6	-0.0418169193	10000000.0	5
20170118_135758	85.6	-0.0415642296	10000000.0	5
20170118_135808	85.8	-0.0418020024	10000000.0	5
20170118_135818	86.0	-0.0418060663	10000000.0	5
20170118_135828	86.2	-0.0418098251	10000000.0	5
20170118_135838	86.0	-0.04188702	10000000.0	5
20170118_135848	86.0	-0.0414888529	10000000.0	5
20170118_135858	85.8	-0.0413376139	10000000.0	5
20170118_135908	85.8	-0.0420704332	10000000.0	5
20170118_135918	85.8	-0.0418163874	10000000.0	5
20170118_135928	86.0	-0.042002096	10000000.0	5
20170118_135938	86.0	-0.0411510671	10000000.0	5
20170118_135948	85.8	-0.0420686228	10000000.0	5
20170118_135958	86.0	-0.0419754891	10000000.0	5
20170118_140008	85.8	-0.0416011846	10000000.0	5
20170118_140018	85.8	-0.0419120853	10000000.0	5
20170118_140028	85.8	-0.0419712336	10000000.0	5
20170118_140038	86.0	-0.0422173728	10000000.0	5
20170118_140048	86.2	-0.0421366126	10000000.0	5
20170118_140058	86.4	-0.041742795	10000000.0	5
20170118_140108	86.2	-0.0300135845	10000000.0	5
20170118_140118	86.2	-0.0421244415	10000000.0	5
20170118_140128	86.0	-0.0423056369	10000000.0	5
20170118_140138	86.0	-0.0418884349	10000000.0	5
20170118_140148	86.0	-0.0423367867	10000000.0	5
20170118_140158	86.0	-0.0420435648	10000000.0	5
20170118_140208	86.0	-0.0422480223	10000000.0	5
20170118_140217	85.8	-0.0419424132	10000000.0	5
20170118_140227	86.0	-0.0421920747	10000000.0	5
20170118_140238	86.2	-0.0417906514	10000000.0	5
20170118_140247	85.8	-0.0423461518	10000000.0	5
20170118_140258	86.0	-0.0421882602	10000000.0	5
20170118_140307	86.0	-0.0417056254	10000000.0	5
20170118_140317	86.0	-0.0414469738	10000000.0	5
20170118_140327	86.0	-0.042008236	10000000.0	5
20170118_140337	85.8	-0.0423722818	10000000.0	5
20170118_140347	85.8	-0.0422700305	10000000.0	5
20170118_140357	86.2	-0.0461862259	10000000.0	5
20170118_140407	86.2	-0.0419209213	10000000.0	5
20170118_140417	86.2	-0.0417860398	10000000.0	5
20170118_140427	86.0	-0.042224475	10000000.0	5
20170118_140437	86.2	-0.0417213462	10000000.0	5
20170118_140447	86.4	-0.0418513758	10000000.0	5
20170118_140457	86.2	-0.041841349	10000000.0	5
20170118_140507	86.2	-0.041875784	10000000.0	5
20170118_140517	86.2	-0.0417835898	10000000.0	5
20170118_140527	86.4	-0.0412530423	10000000.0	5
20170118_140537	86.2	-0.0418266167	10000000.0	5
20170118_140547	86.4	-0.0418692304	10000000.0	5
20170118_140557	86.4	-0.0420280495	10000000.0	5
20170118_140607	86.4	-0.0454502356	10000000.0	5
20170118_140617	86.4	-0.042017749	10000000.0	5
20170118_140627	86.4	-0.0421907586	10000000.0	5
20170118_140637	86.4	-0.0420019864	10000000.0	5
20170118_140647	86.4	-0.0420047162	10000000.0	5
20170118_140657	86.6	-0.0418550456	10000000.0	5
20170118_140707	86.6	-0.0421908747	10000000.0	5
20170118_140717	86.4	-0.0417487069	10000000.0	5
20170118_140727	86.6	-0.0420270612	10000000.0	5
20170118_140737	86.6	-0.0418167358	10000000.0	5
20170118_140747	86.6	-0.0424029144	10000000.0	5
20170118_140757	86.4	-0.0423055796	10000000.0	5
20170118_140807	86.6	-0.0416381628	10000000.0	5
20170118_140817	86.6	-0.0300744835	10000000.0	5
20170118_140827	86.4	-0.0420385343	10000000.0	5
20170118_140837	86.6	-0.0421655746	10000000.0	5
20170118_140847	86.6	-0.0418813121	10000000.0	5
20170118_140857	86.6	-0.0420769271	10000000.0	5
20170118_140907	86.4	-0.0416320988	10000000.0	5
20170118_140917	86.6	-0.0419976707	10000000.0	5
20170118_140927	86.4	-0.0420432732	10000000.0	5
20170118_140937	86.4	-0.0419944068	10000000.0	5
20170118_140947	86.6	-0.0420723443	10000000.0	5
20170118_140957	86.7	-0.0423289683	10000000.0	5
20170118_141007	86.2	-0.0423639938	10000000.0	5
20170118_141017	86.2	-0.0409325864	10000000.0	5
20170118_141027	86.2	-0.0420490247	10000000.0	5
20170118_141037	86.4	-0.0419319262	10000000.0	5
20170118_141047	86.4	-0.0416474993	10000000.0	5
20170118_141057	86.2	-0.0418105029	10000000.0	5
20170118_141107	86.2	-0.0416505944	10000000.0	5
20170118_141117	86.0	-0.0417699693	10000000.0	5
20170118_141127	86.2	-0.0420970939	10000000.0	5
20170118_141137	86.2	-0.0423193829	10000000.0	5
20170118_141147	86.4	-0.0423510396	10000000.0	5
20170118_141157	86.2	-0.0424234663	10000000.0	5
20170118_141207	86.0	-0.0420724636	10000000.0	5
20170118_141217	86.6	-0.0416102878	10000000.0	5
20170118_141227	86.7	-0.0420097367	10000000.0	5
20170118_141237	86.6	-0.0417563337	10000000.0	5
20170118_141247	86.0	-0.0420630632	10000000.0	5
20170118_141257	86.0	-0.0417593222	10000000.0	5
20170118_141307	86.0	-0.0418210351	10000000.0	5
20170118_141317	86.2	-0.0421366906	10000000.0	5
20170118_141327	86.7	-0.0416822495	10000000.0	5
20170118_141337	86.4	-0.0416328486	10000000.0	5
20170118_141347	86.4	-0.0417729118	10000000.0	5
20170118_141357	86.2	-0.041658993	10000000.0	5
20170118_141407	86.6	-0.0416467273	10000000.0	5
20170118_141417	86.2	-0.041871263	10000000.0	5
20170118_141427	86.4	-0.0416330506	10000000.0	5
20170118_141437	86.7	-0.0418524191	10000000.0	5
20170118_141447	86.7	-0.0422858886	10000000.0	5
20170118_141457	86.7	-0.0417776606	10000000.0	5
20170118_141507	86.6	-0.041472022	10000000.0	5
20170118_141517	86.4	-0.0418013498	10000000.0	5
20170118_141527	86.2	-0.0417614827	10000000.0	5
20170118_141537	86.4	-0.0420905904	10000000.0	5
20170118_141547	86.2	-0.0300030712	10000000.0	5
20170118_141557	86.7	-0.0420014934	10000000.0	5
20170118_141607	86.6	-0.0419197436	10000000.0	5
20170118_141617	86.4	-0.0418362786	10000000.0	5
20170118_141627	86.6	-0.041984244	10000000.0	5
20170118_141637	86.6	-0.0415410227	10000000.0	5
20170118_141647	86.9	-0.0421624994	10000000.0	5
20170118_141657	86.6	-0.0421962265	10000000.0	5
20170118_141707	86.6	-0.042090131	10000000.0	5
20170118_141717	86.4	-0.0423369729	10000000.0	5
20170118_141727	86.4	-0.0421931503	10000000.0	5
20170118_141737	86.6	-0.0423164727	10000000.0	5
20170118_141748	86.4	-0.0420610917	10000000.0	5
20170118_141757	86.2	-0.0420362139	10000000.0	5
20170118_141807	86.9	-0.0420819553	10000000.0	5
20170118_141817	86.6	-0.0422077514	10000000.0	5
20170118_141827	87.1	-0.0422117713	10000000.0	5
20170118_141837	86.7	-0.0421346472	10000000.0	5
20170118_141847	86.6	-0.0421046488	10000000.0	5
20170118_141857	86.7	-0.0419952613	10000000.0	5
20170118_141907	86.7	-0.0421325193	10000000.0	5
20170118_141917	86.7	-0.0420285814	10000000.0	5
20170118_141927	87.1	-0.0418367935	10000000.0	5
20170118_141937	86.6	-0.0418441503	10000000.0	5
20170118_141947	86.7	-0.0419778292	10000000.0	5
20170118_141957	86.9	-0.042188653	10000000.0	5
20170118_142007	86.7	-0.0417787778	10000000.0	5
20170118_142017	86.9	-0.0418832843	10000000.0	5
20170118_142027	86.7	-0.0417374825	10000000.0	5
20170118_142037	87.1	-0.0425144979	10000000.0	5
20170118_142047	87.1	-0.0423223074	10000000.0	5
20170118_142057	86.7	-0.0419794293	10000000.0	5
20170118_142108	87.1	-0.0421941652	10000000.0	5
20170118_142117	86.7	-0.0418777036	10000000.0	5
20170118_142127	86.4	-0.0418980565	10000000.0	5
20170118_142137	86.7	-0.0419922077	10000000.0	5
20170118_142147	86.6	-0.041933667	10000000.0	5
20170118_142157	87.1	-0.0422434187	10000000.0	5
20170118_142207	87.1	-0.0423635905	10000000.0	5
20170118_142217	86.9	-0.0424849142	10000000.0	5
20170118_142227	86.4	-0.0423024802	10000000.0	5
20170118_142237	86.4	-0.0424645914	10000000.0	5
20170118_142247	86.6	-0.0424086556	10000000.0	5
20170118_142257	86.9	-0.0423700343	10000000.0	5
20170118_142307	86.7	-0.04211498	10000000.0	5
20170118_142317	86.7	-0.0422192946	10000000.0	5
20170118_142327	86.6	-0.0419409549	10000000.0	5
20170118_142337	86.6	-0.0424798176	10000000.0	5
20170118_142347	86.7	-0.0420294825	10000000.0	5
20170118_142357	86.7	-0.0421711687	10000000.0	5
20170118_142407	87.3	-0.0416663	10000000.0	5
20170118_142417	87.1	-0.0420106941	10000000.0	5
20170118_142427	87.1	-0.0421431341	10000000.0	5
20170118_142438	86.9	-0.0423351986	10000000.0	5
20170118_142448	87.3	-0.0421416028	10000000.0	5
20170118_142458	88.3	-0.042485158	10000000.0	5
20170118_142507	86.7	-0.0426021265	10000000.0	5
20170118_142518	86.9	-0.0422815706	10000000.0	5
20170118_142528	87.3	-0.0420110157	10000000.0	5
20170118_142538	87.1	-0.0424302007	10000000.0	5
20170118_142548	86.9	-0.0426907237	10000000.0	5
20170118_142557	87.1	-0.042065868	10000000.0	5
20170118_142607	86.9	-0.0419353935	10000000.0	5
20170118_142618	87.1	-0.0418965009	10000000.0	5
20170118_142627	86.9	-0.0419652823	10000000.0	5
20170118_142637	87.1	-0.0418062137	10000000.0	5
20170118_142647	86.9	-0.0420573803	10000000.0	5
20170118_142657	86.9	-0.0419090635	10000000.0	5
20170118_142707	86.9	-0.04236925	10000000.0	5
20170118_142718	86.9	-0.0421839892	10000000.0	5
20170118_142728	86.7	-0.0420732874	10000000.0	5
20170118_142738	86.6	-0.0422402966	10000000.0	5
20170118_142748	87.1	-0.0426017955	10000000.0	5
20170118_142757	86.6	-0.0424221204	10000000.0	5
20170118_142808	86.4	-0.0414901064	10000000.0	5
20170118_142817	86.6	-0.0418570405	10000000.0	5
20170118_142827	86.4	-0.042050245	10000000.0	5
20170118_142837	86.4	-0.0419578247	10000000.0	5
20170118_142847	86.4	-0.0422468271	10000000.0	5
