20170124_144443	46.7	1.31317065e-06	1000000.0	2
20170124_144453	47.3	0.000122121659	1000000.0	2
20170124_144503	47.7	-6.26573554e-06	1000000.0	2
20170124_144513	48.3	-9.82902391e-05	1000000.0	2
20170124_144523	48.6	6.50313789e-05	1000000.0	2
20170124_144533	48.8	-1.35756977e-05	1000000.0	2
20170124_144543	49.6	9.9e+37	1000000.0	2
20170124_144553	50.0	9.94200627e-05	1000000.0	2
20170124_144603	50.3	0.000126617087	1000000.0	2
20170124_144613	50.9	-9.93998627e-05	1000000.0	2
20170124_144623	51.5	0.000114552325	1000000.0	2
20170124_144633	52.0	2.31862422e-05	1000000.0	2
20170124_144643	52.4	-0.000140030626	1000000.0	2
20170124_144653	52.8	0.000109473635	1000000.0	2
20170124_144703	53.2	-0.000130039844	1000000.0	2
20170124_144713	53.7	0.000124450203	1000000.0	2
20170124_144723	54.1	-0.000132257352	1000000.0	2
20170124_144733	54.5	-5.2565983e-05	1000000.0	2
20170124_144743	55.0	0.000138060706	1000000.0	2
20170124_144753	55.4	-0.000101733927	1000000.0	2
20170124_144803	55.8	5.88984982e-05	1000000.0	2
20170124_144813	56.2	3.15434702e-05	1000000.0	2
20170124_144823	56.4	-0.000136120903	1000000.0	2
20170124_144833	57.1	-2.18985963e-05	1000000.0	2
20170124_144843	57.3	-2.21347082e-05	1000000.0	2
20170124_144853	57.9	2.07887506e-05	1000000.0	2
20170124_144903	58.1	-3.82120015e-05	1000000.0	2
20170124_144913	58.4	-8.89481897e-07	1000000.0	2
20170124_144923	59.0	0.000118357737	1000000.0	2
20170124_144933	59.4	-0.000149555703	1000000.0	2
20170124_144943	60.0	-0.0001170171	1000000.0	2
20170124_144953	60.3	0.000150394673	1000000.0	2
20170124_145003	60.5	0.00013037496	1000000.0	2
20170124_145013	61.1	9.89376566e-05	1000000.0	2
20170124_145023	61.5	0.000126894195	1000000.0	2
20170124_145033	61.6	2.22419138e-05	1000000.0	2
20170124_145043	62.2	9.37441888e-05	1000000.0	2
20170124_145053	62.4	8.92877598e-05	1000000.0	2
20170124_145103	62.6	0.000131980224	1000000.0	2
20170124_145113	63.0	-0.000134798396	1000000.0	2
20170124_145123	63.5	9.83750711e-05	1000000.0	2
20170124_145133	63.9	0.000147421398	1000000.0	2
20170124_145143	64.1	6.71746933e-05	1000000.0	2
20170124_145153	64.5	-6.49364006e-05	1000000.0	2
20170124_145203	64.5	-0.000102351213	1000000.0	2
20170124_145213	65.2	-8.96810635e-05	1000000.0	2
20170124_145223	65.4	0.000146519773	1000000.0	2
20170124_145233	65.6	8.27039483e-05	1000000.0	2
20170124_145243	66.0	1.58646929e-05	1000000.0	2
20170124_145253	66.6	0.000144579392	1000000.0	2
20170124_145303	66.6	3.64164281e-06	1000000.0	2
20170124_145313	66.9	0.000122897101	1000000.0	2
20170124_145323	67.3	9.99866063e-05	1000000.0	2
20170124_145333	67.5	-2.41228692e-06	1000000.0	2
20170124_145343	67.9	6.91680765e-05	1000000.0	2
20170124_145353	68.1	-0.000148294693	1000000.0	2
20170124_145403	68.4	-9.69778377e-05	1000000.0	2
20170124_145413	68.6	5.11508714e-05	1000000.0	2
20170124_145423	68.8	-0.000124378014	1000000.0	2
20170124_145433	69.4	-1.22697732e-05	1000000.0	2
20170124_145443	69.0	-0.00015704514	1000000.0	2
20170124_145453	69.2	-0.000154430291	1000000.0	2
20170124_145503	69.6	0.00010841688	1000000.0	2
20170124_145513	70.0	0.000132636759	1000000.0	2
20170124_145523	70.1	0.000116605898	1000000.0	2
20170124_145533	70.5	0.000141392646	1000000.0	2
20170124_145543	71.1	-0.000130655585	1000000.0	2
20170124_145553	71.1	6.01523388e-05	1000000.0	2
20170124_145603	71.6	-5.18681972e-05	1000000.0	2
20170124_145613	71.6	-0.000143000218	1000000.0	2
20170124_145623	71.6	8.63625056e-05	1000000.0	2
20170124_145633	72.2	-0.000136122489	1000000.0	2
20170124_145643	71.5	-0.000150829347	1000000.0	2
20170124_145653	72.2	0.000149927001	1000000.0	2
20170124_145703	72.2	-0.000142263049	1000000.0	2
20170124_145713	72.8	0.000149259419	1000000.0	2
20170124_145723	72.8	-0.000119364584	1000000.0	2
20170124_145733	73.0	-3.72483192e-05	1000000.0	2
20170124_145743	73.2	0.000126667588	1000000.0	2
20170124_145753	73.3	0.000118500997	1000000.0	2
20170124_145803	73.7	0.000130238161	1000000.0	2
20170124_145813	74.1	8.49679015e-05	1000000.0	2
20170124_145823	74.3	2.40304235e-05	1000000.0	2
20170124_145833	75.0	-5.79432752e-05	1000000.0	2
20170124_145843	74.5	0.000115138466	1000000.0	2
20170124_145853	74.5	9.37850832e-05	1000000.0	2
20170124_145903	74.9	0.000141971841	1000000.0	2
20170124_145913	75.0	5.89933496e-07	1000000.0	2
20170124_145923	75.2	2.68802419e-05	1000000.0	2
20170124_145933	75.6	7.04783576e-05	1000000.0	2
20170124_145943	75.6	0.000145433087	1000000.0	2
20170124_145953	75.8	2.00161629e-05	1000000.0	2
20170124_150003	76.0	-6.24347016e-05	1000000.0	2
20170124_150013	76.2	-1.19248175e-05	1000000.0	2
20170124_150023	76.6	8.5433386e-05	1000000.0	2
20170124_150033	76.7	0.000138553936	1000000.0	2
20170124_150043	76.9	0.000136952172	1000000.0	2
20170124_150053	77.1	-0.000118466081	1000000.0	2
20170124_150103	77.5	5.08165793e-05	1000000.0	2
20170124_150113	77.5	2.137262e-05	1000000.0	2
20170124_150123	77.5	-0.000116976748	1000000.0	2
20170124_150133	77.3	-0.000146717264	1000000.0	2
20170124_150143	77.7	-3.96428967e-05	1000000.0	2
20170124_150153	78.1	9.9e+37	1000000.0	2
20170124_150203	78.3	4.77823112e-05	1000000.0	2
20170124_150213	78.1	-0.000123175336	1000000.0	2
20170124_150223	78.1	9.10493219e-05	1000000.0	2
20170124_150233	78.4	0.000128005104	1000000.0	2
20170124_150243	78.6	-0.000107110922	1000000.0	2
20170124_150253	79.0	-6.97306287e-05	1000000.0	2
20170124_150303	79.2	0.000104742742	1000000.0	2
20170124_150313	79.2	-7.49785578e-06	1000000.0	2
20170124_150323	78.6	-0.000104535053	1000000.0	2
20170124_150333	79.2	-0.000125557938	1000000.0	2
20170124_150343	79.4	-0.000116602586	1000000.0	2
20170124_150353	79.2	5.06269743e-05	1000000.0	2
20170124_150403	79.4	-0.000148253024	1000000.0	2
20170124_150413	79.4	-0.000104562079	1000000.0	2
20170124_150423	79.8	-0.000135990714	1000000.0	2
20170124_150433	80.1	2.26310643e-05	1000000.0	2
20170124_150443	80.1	0.0001311536	1000000.0	2
20170124_150453	80.1	0.00014520401	1000000.0	2
20170124_150503	80.7	0.000131012788	1000000.0	2
20170124_150513	80.5	-0.000100283346	1000000.0	2
20170124_150523	80.7	-0.000132051896	1000000.0	2
20170124_150533	80.5	-5.55288242e-05	1000000.0	2
20170124_150543	80.9	-0.000151035863	1000000.0	2
20170124_150553	81.1	6.29416423e-05	1000000.0	2
20170124_150603	81.1	-8.96471784e-05	1000000.0	2
20170124_150613	81.1	0.000143913995	1000000.0	2
20170124_150623	81.5	6.83418456e-05	1000000.0	2
20170124_150633	81.5	0.000149984249	1000000.0	2
20170124_150643	80.3	3.18994047e-05	1000000.0	2
20170124_150653	80.3	-0.00010729953	1000000.0	2
20170124_150703	80.7	-0.000132432246	1000000.0	2
20170124_150713	80.5	7.9080808e-05	1000000.0	2
20170124_150723	80.7	6.89620597e-05	1000000.0	2
20170124_150733	80.9	0.000118882274	1000000.0	2
20170124_150743	80.5	8.06601306e-05	1000000.0	2
20170124_150753	81.1	0.000144919564	1000000.0	2
20170124_150803	80.9	-6.37127651e-05	1000000.0	2
20170124_150813	81.3	2.27979387e-05	1000000.0	2
20170124_150823	81.3	0.000103766106	1000000.0	2
20170124_150833	81.5	-0.000141243433	1000000.0	2
20170124_150843	81.5	0.000115466503	1000000.0	2
20170124_150853	81.5	-0.000149208154	1000000.0	2
20170124_150903	81.8	5.43177644e-05	1000000.0	2
20170124_150913	81.5	-0.000124748076	1000000.0	2
20170124_150923	81.6	-0.000133831295	1000000.0	2
20170124_150933	81.8	0.000147546502	1000000.0	2
20170124_150943	81.6	2.9802544e-05	1000000.0	2
20170124_150953	81.8	2.21491123e-05	1000000.0	2
20170124_151003	82.0	-5.23640952e-05	1000000.0	2
20170124_151013	82.2	6.11334003e-05	1000000.0	2
20170124_151023	82.4	0.000145196585	1000000.0	2
20170124_151033	82.2	-6.24165435e-05	1000000.0	2
20170124_151043	82.6	0.000148223673	1000000.0	2
20170124_151053	82.4	0.000128817589	1000000.0	2
20170124_151103	82.4	-1.50262308e-05	1000000.0	2
20170124_151113	82.2	-2.16697651e-05	1000000.0	2
20170124_151123	82.6	-0.00011947347	1000000.0	2
20170124_151133	82.4	0.000136385706	1000000.0	2
20170124_151143	82.2	6.92250137e-05	1000000.0	2
20170124_151153	82.4	-0.000111446097	1000000.0	2
20170124_151203	82.4	-7.07022622e-05	1000000.0	2
