20170214_111954	24.2	-4.69599367e-05	1000000.0	2
20170214_112004	24.2	-0.00026528137	1000000.0	2
20170214_112014	24.0	-0.000147704865	1000000.0	2
20170214_112024	24.2	-0.000182383459	1000000.0	2
20170214_112034	24.0	-0.000206336625	1000000.0	2
20170214_112044	24.0	-9.34079372e-05	1000000.0	2
20170214_112054	23.8	0.00020484518	1000000.0	2
20170214_112104	24.0	0.000122378759	1000000.0	2
20170214_112114	23.8	-7.60790762e-05	1000000.0	2
20170214_112124	24.0	-0.000198541802	1000000.0	2
20170214_112134	24.0	-0.000301070572	1000000.0	2
20170214_112144	23.8	0.00061364015	1000000.0	2
20170214_112154	24.0	0.000160408792	1000000.0	2
20170214_112204	23.8	5.42007186e-06	1000000.0	2
20170214_112214	24.0	0.000306878929	1000000.0	2
20170214_112224	24.0	4.2679012e-05	1000000.0	2
20170214_112234	24.0	1.57941609e-05	1000000.0	2
20170214_112244	23.8	2.59140795e-05	1000000.0	2
20170214_112254	24.0	-0.000120440345	1000000.0	2
20170214_112304	23.8	-0.000166379055	1000000.0	2
20170214_112314	24.0	-0.000160765847	1000000.0	2
20170214_112324	23.8	-0.000111447786	1000000.0	2
20170214_112334	24.0	7.43102959e-05	1000000.0	2
20170214_112344	23.8	-0.000109628352	1000000.0	2
20170214_112354	23.8	-8.81410784e-05	1000000.0	2
20170214_112404	23.8	2.234826e-07	1000000.0	2
20170214_112414	23.8	-4.57846771e-05	1000000.0	2
20170214_112424	23.8	-9.99686902e-05	1000000.0	2
20170214_112434	24.0	0.000118608637	1000000.0	2
20170214_112444	24.0	-2.99474681e-05	1000000.0	2
20170214_112454	23.8	-8.0474945e-05	1000000.0	2
20170214_112504	24.0	1.44545892e-05	1000000.0	2
20170214_112514	24.0	0.000161663388	1000000.0	2
20170214_112524	24.0	-7.46630287e-05	1000000.0	2
20170214_112534	24.0	-0.000122349016	1000000.0	2
20170214_112544	23.8	0.000132887301	1000000.0	2
20170214_112554	24.0	3.67294579e-05	1000000.0	2
20170214_112604	23.8	-9.1314288e-05	1000000.0	2
20170214_112614	23.8	0.00010039287	1000000.0	2
20170214_112624	23.8	-0.00016567263	1000000.0	2
20170214_112634	24.0	4.69268088e-05	1000000.0	2
20170214_112644	24.2	0.000119401434	1000000.0	2
20170214_112654	24.8	0.000153266481	1000000.0	2
20170214_112704	25.7	-4.81954331e-05	1000000.0	2
20170214_112714	26.5	3.40946374e-05	1000000.0	2
20170214_112724	27.3	-5.46162639e-05	1000000.0	2
20170214_112734	28.2	-0.000182892334	1000000.0	2
20170214_112744	28.8	0.000194681755	1000000.0	2
20170214_112754	29.4	-0.000135199813	1000000.0	2
20170214_112804	30.0	-0.000153285798	1000000.0	2
20170214_112814	30.5	8.71892045e-05	1000000.0	2
20170214_112824	31.1	9.69913571e-05	1000000.0	2
20170214_112834	31.9	-0.000178510644	1000000.0	2
20170214_112844	32.6	6.47322314e-05	1000000.0	2
20170214_112854	33.0	-0.000108493964	1000000.0	2
20170214_112904	34.0	-0.000138011105	1000000.0	2
20170214_112914	34.6	6.80193484e-05	1000000.0	2
20170214_112924	35.1	0.000260323618	1000000.0	2
20170214_112934	36.1	0.000162527882	1000000.0	2
20170214_112944	36.9	-0.000179067618	1000000.0	2
20170214_112954	37.6	-1.56226695e-05	1000000.0	2
20170214_113004	38.4	7.65640515e-05	1000000.0	2
20170214_113014	39.4	-3.00460149e-05	1000000.0	2
20170214_113024	40.0	0.000109140063	1000000.0	2
20170214_113034	40.5	-0.000349474521	1000000.0	2
20170214_113044	41.1	-5.3905285e-05	1000000.0	2
20170214_113054	42.0	-0.000151161216	1000000.0	2
20170214_113104	42.4	0.000106641845	1000000.0	2
20170214_113114	43.2	1.36689085e-05	1000000.0	2
20170214_113124	43.9	9.87448726e-05	1000000.0	2
20170214_113134	44.5	8.23600961e-05	1000000.0	2
20170214_113144	45.0	6.13780747e-05	1000000.0	2
20170214_113154	45.8	-0.000146902132	1000000.0	2
20170214_113204	46.4	-3.91410064e-05	1000000.0	2
20170214_113214	46.9	-6.78337752e-05	1000000.0	2
20170214_113224	47.3	4.02479731e-05	1000000.0	2
20170214_113234	48.1	-6.17421984e-05	1000000.0	2
20170214_113244	48.6	0.00014826919	1000000.0	2
20170214_113254	49.2	-6.48191217e-05	1000000.0	2
20170214_113304	49.8	0.00010812342	1000000.0	2
20170214_113314	50.3	0.000144571377	1000000.0	2
20170214_113324	50.9	-0.000165726783	1000000.0	2
20170214_113334	51.5	-0.000168378421	1000000.0	2
20170214_113344	51.8	-0.000165656556	1000000.0	2
20170214_113354	52.6	-0.000127095301	1000000.0	2
20170214_113404	53.0	2.29599998e-05	1000000.0	2
20170214_113414	53.7	2.99133657e-05	1000000.0	2
20170214_113424	53.9	-0.000125630724	1000000.0	2
20170214_113434	54.5	-0.000140686803	1000000.0	2
20170214_113444	55.0	-0.000141218503	1000000.0	2
20170214_113454	55.6	2.09996766e-05	1000000.0	2
20170214_113504	56.0	-0.000110002938	1000000.0	2
20170214_113514	56.4	-0.000154589648	1000000.0	2
20170214_113524	57.1	-8.73095999e-05	1000000.0	2
20170214_113534	57.5	0.000148108918	1000000.0	2
20170214_113544	57.9	-7.37999826e-05	1000000.0	2
20170214_113554	58.3	9.94438853e-05	1000000.0	2
20170214_113604	58.8	-0.00016653711	1000000.0	2
20170214_113614	59.2	-9.14896035e-05	1000000.0	2
20170214_113624	59.6	-3.74392974e-05	1000000.0	2
20170214_113634	60.1	0.000171879663	1000000.0	2
20170214_113644	60.5	0.000102741969	1000000.0	2
20170214_113654	60.7	-0.000124294659	1000000.0	2
20170214_113704	61.5	1.65460097e-05	1000000.0	2
20170214_113714	61.6	5.45387527e-05	1000000.0	2
20170214_113724	62.2	0.000100670133	1000000.0	2
20170214_113734	62.8	6.66895363e-05	1000000.0	2
20170214_113744	63.2	0.000112031909	1000000.0	2
20170214_113754	63.3	-4.27161826e-05	1000000.0	2
20170214_113804	63.7	-0.000180224907	1000000.0	2
20170214_113814	64.3	-0.000148332436	1000000.0	2
20170214_113824	64.5	-1.733052e-05	1000000.0	2
20170214_113834	65.0	-0.000119423535	1000000.0	2
20170214_113844	65.4	3.08099218e-05	1000000.0	2
20170214_113854	65.8	-0.000157963905	1000000.0	2
20170214_113904	66.2	-0.000185834047	1000000.0	2
20170214_113914	66.6	0.000126815186	1000000.0	2
20170214_113924	66.7	-6.40022162e-05	1000000.0	2
20170214_113934	67.3	-0.000145137385	1000000.0	2
20170214_113944	67.5	0.000159887163	1000000.0	2
20170214_113954	67.7	2.38098724e-05	1000000.0	2
20170214_114004	68.3	-0.000300737717	1000000.0	2
20170214_114014	68.8	-9.06043365e-05	1000000.0	2
20170214_114024	69.0	3.78450937e-05	1000000.0	2
20170214_114034	69.4	-0.000111881894	1000000.0	2
20170214_114044	69.8	1.83728733e-05	1000000.0	2
20170214_114054	69.8	6.07996047e-05	1000000.0	2
20170214_114104	70.3	0.000154906632	1000000.0	2
20170214_114114	70.3	-0.000151584095	1000000.0	2
20170214_114124	70.9	-0.000100785414	1000000.0	2
20170214_114134	71.1	0.000147329562	1000000.0	2
20170214_114144	71.3	-0.000133982126	1000000.0	2
20170214_114154	71.6	-5.61722745e-05	1000000.0	2
20170214_114204	71.8	5.55221492e-05	1000000.0	2
20170214_114214	72.2	-4.52193582e-05	1000000.0	2
20170214_114224	73.0	0.000177512356	1000000.0	2
20170214_114234	73.0	0.000188372587	1000000.0	2
20170214_114244	73.2	-0.000106291241	1000000.0	2
20170214_114254	73.5	5.51562827e-05	1000000.0	2
20170214_114304	73.7	-0.000103736576	1000000.0	2
20170214_114314	74.1	-0.000162677644	1000000.0	2
20170214_114324	74.3	0.000112214768	1000000.0	2
20170214_114334	74.3	3.55043565e-05	1000000.0	2
20170214_114344	74.7	0.000173002426	1000000.0	2
20170214_114354	75.2	6.37245788e-05	1000000.0	2
20170214_114404	75.2	0.00019169939	1000000.0	2
20170214_114414	75.4	3.03425175e-05	1000000.0	2
20170214_114424	75.4	-0.000140734857	1000000.0	2
20170214_114434	76.0	0.000168960666	1000000.0	2
20170214_114444	76.2	6.86984627e-05	1000000.0	2
20170214_114454	76.4	-0.000153945665	1000000.0	2
20170214_114504	76.4	-0.000157393408	1000000.0	2
20170214_114514	77.1	-0.000123196591	1000000.0	2
20170214_114524	77.3	-0.000162967892	1000000.0	2
20170214_114534	77.7	-1.52217936e-05	1000000.0	2
20170214_114544	77.5	0.000135723751	1000000.0	2
20170214_114554	77.9	-0.000154761374	1000000.0	2
20170214_114604	77.9	0.000167491121	1000000.0	2
20170214_114614	77.9	0.000151871323	1000000.0	2
20170214_114624	78.4	0.000109519744	1000000.0	2
20170214_114634	78.4	-1.25641834e-05	1000000.0	2
20170214_114644	78.6	0.000117814986	1000000.0	2
20170214_114654	78.8	0.00010252396	1000000.0	2
20170214_114704	79.0	0.000102082852	1000000.0	2
20170214_114714	79.2	1.09380994e-05	1000000.0	2
20170214_114724	79.4	4.52510583e-06	1000000.0	2
20170214_114734	79.2	1.4100956e-05	1000000.0	2
20170214_114744	79.4	-0.000139299048	1000000.0	2
20170214_114754	79.4	-8.29246488e-05	1000000.0	2
20170214_114804	80.0	-2.6293931e-05	1000000.0	2
20170214_114814	79.2	1.81473089e-05	1000000.0	2
20170214_114824	80.1	-7.63899523e-05	1000000.0	2
20170214_114834	80.1	-9.54787536e-05	1000000.0	2
20170214_114844	80.1	5.85907333e-05	1000000.0	2
20170214_114854	80.5	0.000141874116	1000000.0	2
20170214_114904	80.1	-0.000106016306	1000000.0	2
20170214_114914	80.5	-2.06114632e-05	1000000.0	2
20170214_114924	80.7	-0.000121232568	1000000.0	2
20170214_114934	80.7	0.000156075775	1000000.0	2
20170214_114944	80.9	-4.75302202e-05	1000000.0	2
20170214_114954	80.3	-3.2379784e-05	1000000.0	2
20170214_115004	80.1	-0.000129318376	1000000.0	2
20170214_115014	80.1	3.90159458e-05	1000000.0	2
20170214_115024	80.3	-0.000178084954	1000000.0	2
20170214_115034	80.5	-1.23400207e-05	1000000.0	2
20170214_115044	80.5	-5.79880764e-05	1000000.0	2
20170214_115054	80.7	0.000158586483	1000000.0	2
20170214_115104	81.1	-1.59022401e-05	1000000.0	2
20170214_115114	81.3	-6.03259834e-05	1000000.0	2
20170214_115124	81.3	-0.000125448292	1000000.0	2
20170214_115134	81.6	0.000174051026	1000000.0	2
20170214_115144	81.6	0.000158336846	1000000.0	2
20170214_115154	81.8	3.63134977e-05	1000000.0	2
20170214_115204	82.0	0.000112595444	1000000.0	2
20170214_115214	82.0	-3.21827521e-06	1000000.0	2
20170214_115224	82.0	-0.000137667768	1000000.0	2
20170214_115234	81.5	-0.00014166769	1000000.0	2
20170214_115244	81.8	0.000162182612	1000000.0	2
20170214_115254	82.0	-0.000100164685	1000000.0	2
20170214_115304	82.2	-4.03503567e-05	1000000.0	2
20170214_115314	82.4	-0.000130616533	1000000.0	2
20170214_115324	82.6	0.000166236515	1000000.0	2
20170214_115334	82.6	0.000166963079	1000000.0	2
20170214_115344	82.8	1.47001213e-05	1000000.0	2
20170214_115354	82.8	-7.17488223e-05	1000000.0	2
20170214_115404	83.2	-0.000102982632	1000000.0	2
20170214_115414	83.3	9.9e+37	1000000.0	2
20170214_115424	83.3	5.14673668e-05	1000000.0	2
20170214_115434	83.3	0.00012907734	1000000.0	2
20170214_115444	83.7	-2.00705646e-05	1000000.0	2
20170214_115454	83.7	-9.72015611e-05	1000000.0	2
20170214_115504	83.7	-6.63174736e-05	1000000.0	2
20170214_115514	84.1	-0.000101865582	1000000.0	2
20170214_115524	84.1	-0.000156344657	1000000.0	2
20170214_115534	83.9	0.000160215689	1000000.0	2
20170214_115544	83.5	-6.14469117e-05	1000000.0	2
20170214_115554	84.3	3.17648294e-05	1000000.0	2
20170214_115604	84.3	-8.6902488e-05	1000000.0	2
20170214_115614	84.5	-4.58162631e-05	1000000.0	2
20170214_115624	84.9	-3.11588069e-05	1000000.0	2
20170214_115634	84.9	9.5593925e-05	1000000.0	2
20170214_115644	85.0	-0.000168057738	1000000.0	2
20170214_115654	85.0	0.000151245362	1000000.0	2
20170214_115704	84.9	6.29256143e-05	1000000.0	2
20170214_115714	85.0	-9.38017948e-05	1000000.0	2
20170214_115724	85.2	-6.34173821e-05	1000000.0	2
20170214_115734	85.2	1.14835336e-05	1000000.0	2
20170214_115744	84.7	0.000143110274	1000000.0	2
20170214_115754	85.2	4.28473568e-05	1000000.0	2
20170214_115804	84.9	0.000156930968	1000000.0	2
20170214_115814	85.6	-0.000131309074	1000000.0	2
20170214_115824	85.6	-0.000128581044	1000000.0	2
20170214_115834	85.4	0.000160702411	1000000.0	2
20170214_115844	85.8	-9.70123702e-05	1000000.0	2
20170214_115854	85.8	-9.58872658e-05	1000000.0	2
20170214_115904	85.8	-1.99456675e-05	1000000.0	2
20170214_115914	85.8	3.23894109e-05	1000000.0	2
20170214_115924	86.0	-8.81562108e-05	1000000.0	2
20170214_115934	86.0	-6.51581785e-05	1000000.0	2
20170214_115944	86.4	0.000107969887	1000000.0	2
20170214_115954	86.4	-0.000161486383	1000000.0	2
20170214_120004	86.6	-0.000133935092	1000000.0	2
20170214_120014	86.6	0.000110466989	1000000.0	2
20170214_120024	86.7	2.12483358e-05	1000000.0	2
20170214_120034	86.7	-0.000158801644	1000000.0	2
20170214_120044	86.7	0.000169524656	1000000.0	2
20170214_120054	86.7	6.95431348e-05	1000000.0	2
20170214_120104	86.9	0.000102375376	1000000.0	2
20170214_120114	86.9	-0.000160918653	1000000.0	2
20170214_120124	87.1	8.9925417e-05	1000000.0	2
20170214_120134	86.9	-0.000145363537	1000000.0	2
20170214_120144	86.6	0.000103456328	1000000.0	2
20170214_120154	86.6	0.000126458482	1000000.0	2
20170214_120204	86.7	-0.000126866936	1000000.0	2
20170214_120214	86.7	0.000104509255	1000000.0	2
20170214_120224	86.4	-2.61402361e-05	1000000.0	2
20170214_120234	86.4	0.000131222318	1000000.0	2
20170214_120244	86.2	-4.04960745e-05	1000000.0	2
20170214_120254	86.0	-0.000157737099	1000000.0	2
20170214_120304	86.7	-0.000121819452	1000000.0	2
20170214_120314	86.2	9.60156437e-05	1000000.0	2
20170214_120324	86.2	-0.000167364969	1000000.0	2
20170214_120334	87.1	0.000164990258	1000000.0	2
20170214_120344	87.3	0.000141101706	1000000.0	2
20170214_120354	87.3	1.84139848e-05	1000000.0	2
20170214_120404	88.1	0.000136498068	1000000.0	2
20170214_120414	87.1	-5.99853971e-05	1000000.0	2
20170214_120424	87.5	-0.000145840369	1000000.0	2
20170214_120434	87.1	-0.000174242847	1000000.0	2
20170214_120444	87.1	9.12604194e-06	1000000.0	2
20170214_120454	87.5	-0.000144765634	1000000.0	2
20170214_120504	87.9	-1.27257457e-05	1000000.0	2
20170214_120514	87.7	-0.000152791197	1000000.0	2
20170214_120524	88.3	-2.41205359e-05	1000000.0	2
20170214_120534	87.9	-0.000156700471	1000000.0	2
20170214_120544	87.9	-0.000158878069	1000000.0	2
20170214_120554	87.3	0.000143012267	1000000.0	2
20170214_120604	88.3	-0.000109477256	1000000.0	2
20170214_120614	87.9	0.000162487743	1000000.0	2
20170214_120624	87.5	4.45577299e-05	1000000.0	2
20170214_120634	87.7	9.37101729e-05	1000000.0	2
20170214_120644	87.9	-9.98697793e-05	1000000.0	2
20170214_120654	88.3	-3.21223498e-05	1000000.0	2
20170214_120704	87.9	-5.28703199e-05	1000000.0	2
20170214_120714	87.3	-6.83937471e-05	1000000.0	2
20170214_120724	87.7	-0.000160918469	1000000.0	2
20170214_120734	87.9	0.000180378504	1000000.0	2
20170214_120744	87.9	-0.000154701205	1000000.0	2
20170214_120754	87.1	-1.09513157e-05	1000000.0	2
20170214_120804	86.7	-0.000147162064	1000000.0	2
20170214_120814	87.7	0.000148674308	1000000.0	2
20170214_120824	87.5	-8.84321377e-05	1000000.0	2
20170214_120834	88.1	0.000158699179	1000000.0	2
20170214_120844	87.7	-5.84524677e-05	1000000.0	2
20170214_120854	87.5	0.000150132015	1000000.0	2
20170214_120904	87.7	-0.00014891212	1000000.0	2
20170214_120914	87.7	5.72625513e-05	1000000.0	2
20170214_120924	87.9	7.38306806e-05	1000000.0	2
20170214_120934	87.5	-6.81083193e-05	1000000.0	2
20170214_120944	87.7	-7.62835485e-05	1000000.0	2
20170214_120954	88.1	0.000161184755	1000000.0	2
20170214_121004	88.3	-0.000149527333	1000000.0	2
20170214_121014	88.1	8.62802304e-05	1000000.0	2
20170214_121024	88.4	-0.000162905293	1000000.0	2
20170214_121034	88.6	-7.59353111e-05	1000000.0	2
20170214_121044	89.0	-7.8176808e-05	1000000.0	2
20170214_121054	89.0	6.7303652e-05	1000000.0	2
20170214_121104	89.2	0.00014661256	1000000.0	2
20170214_121114	88.3	-4.29535673e-05	1000000.0	2
20170214_121124	88.8	0.000161027174	1000000.0	2
20170214_121134	88.6	0.000110367361	1000000.0	2
20170214_121144	88.8	-0.000143378581	1000000.0	2
20170214_121154	88.4	-0.000146453669	1000000.0	2
20170214_121204	88.4	4.84730239e-05	1000000.0	2
20170214_121214	88.3	-0.000133848359	1000000.0	2
20170214_121224	88.8	0.000108764739	1000000.0	2
20170214_121234	89.0	-0.000112716066	1000000.0	2
20170214_121244	88.6	-6.15645175e-05	1000000.0	2
20170214_121254	88.4	-3.10516029e-05	1000000.0	2
20170214_121304	88.8	-0.000121294967	1000000.0	2
20170214_121314	88.6	-0.000149542984	1000000.0	2
20170214_121324	88.3	-0.000141872016	1000000.0	2
20170214_121334	88.1	1.43948956e-05	1000000.0	2
20170214_121344	88.1	-3.11652463e-05	1000000.0	2
20170214_121354	88.1	1.26731191e-05	1000000.0	2
20170214_121404	87.9	9.92331534e-05	1000000.0	2
20170214_121414	88.3	0.000156574514	1000000.0	2
20170214_121424	88.3	-5.06287434e-05	1000000.0	2
20170214_121434	88.3	6.44402166e-05	1000000.0	2
20170214_121444	88.1	0.000125569745	1000000.0	2
20170214_121454	88.3	2.46090359e-05	1000000.0	2
20170214_121504	88.4	7.13053055e-05	1000000.0	2
20170214_121514	88.6	-0.000123156389	1000000.0	2
20170214_121524	88.1	0.000133626945	1000000.0	2
20170214_121534	88.4	-0.000117093165	1000000.0	2
20170214_121544	88.3	0.000162899247	1000000.0	2
20170214_121554	88.6	-0.000161756716	1000000.0	2
20170214_121604	88.8	0.000138066668	1000000.0	2
20170214_121614	88.4	0.000150815355	1000000.0	2
20170214_121624	88.3	0.000115155771	1000000.0	2
20170214_121634	88.4	-0.000141239904	1000000.0	2
20170214_121644	88.4	8.5467433e-05	1000000.0	2
20170214_121654	88.3	-0.000155282005	1000000.0	2
20170214_121704	88.4	0.000143931349	1000000.0	2
20170214_121714	88.4	0.000125354533	1000000.0	2
20170214_121724	88.6	6.08409509e-05	1000000.0	2
20170214_121734	88.6	-4.11246755e-05	1000000.0	2
20170214_121744	88.8	-0.000154773642	1000000.0	2
20170214_121754	89.2	-9.66091006e-05	1000000.0	2
20170214_121804	88.8	-7.27033101e-06	1000000.0	2
20170214_121814	89.0	0.000137460084	1000000.0	2
20170214_121824	88.8	0.00014690431	1000000.0	2
20170214_121834	89.4	0.000164209749	1000000.0	2
20170214_121844	89.4	0.000120718508	1000000.0	2
20170214_121854	88.8	-1.2526244e-05	1000000.0	2
20170214_121904	88.8	3.21466298e-05	1000000.0	2
20170214_121914	89.0	-6.18327021e-05	1000000.0	2
20170214_121924	89.4	4.85730359e-05	1000000.0	2
20170214_121934	89.2	-0.000120104599	1000000.0	2
20170214_121944	88.8	-4.40164941e-05	1000000.0	2
20170214_121954	89.6	-3.61431188e-05	1000000.0	2
20170214_122004	89.2	-2.29200458e-05	1000000.0	2
20170214_122014	89.4	-6.10389121e-05	1000000.0	2
20170214_122024	89.6	0.000134967165	1000000.0	2
20170214_122034	89.6	0.000148829481	1000000.0	2
20170214_122044	89.8	-6.47634081e-05	1000000.0	2
20170214_122054	89.6	9.9e+37	1000000.0	2
20170214_122104	89.8	0.000106073343	1000000.0	2
20170214_122114	89.6	0.000116746245	1000000.0	2
20170214_122124	89.6	0.000162958563	1000000.0	2
20170214_122134	88.6	0.00014658696	1000000.0	2
20170214_122144	88.4	5.21962431e-05	1000000.0	2
20170214_122154	88.6	0.000166557986	1000000.0	2
20170214_122204	88.1	-3.42872992e-05	1000000.0	2
20170214_122214	88.1	0.000120572206	1000000.0	2
20170214_122224	88.4	0.000107149202	1000000.0	2
20170214_122234	88.6	9.58726555e-06	1000000.0	2
20170214_122244	88.8	-0.000155632115	1000000.0	2
20170214_122254	89.0	0.000127962653	1000000.0	2
20170214_122304	89.4	-4.82451053e-05	1000000.0	2
20170214_122314	88.6	-0.000162524036	1000000.0	2
20170214_122324	88.8	-3.74856571e-05	1000000.0	2
20170214_122334	89.2	-0.000127847689	1000000.0	2
20170214_122344	89.2	-7.20318715e-05	1000000.0	2
20170214_122354	88.8	-0.00014810189	1000000.0	2
20170214_122404	88.8	2.84342737e-05	1000000.0	2
20170214_122414	89.4	0.000162209005	1000000.0	2
20170214_122424	88.6	-8.11369975e-05	1000000.0	2
20170214_122434	89.8	-9.9e+37	1000000.0	2
20170214_122444	89.8	3.32461524e-05	1000000.0	2
20170214_122454	89.4	-1.89756387e-05	1000000.0	2
20170214_122504	89.6	2.11499589e-05	1000000.0	2
20170214_122514	89.8	-4.04761246e-06	1000000.0	2
20170214_122524	89.6	-0.000149972202	1000000.0	2
20170214_122534	90.0	-0.000186039319	1000000.0	2
20170214_122544	89.8	-4.13521521e-05	1000000.0	2
20170214_122554	90.0	0.000135663573	1000000.0	2
20170214_122604	90.0	0.000302402971	1000000.0	2
20170214_122614	90.0	9.79806321e-05	1000000.0	2
20170214_122624	90.1	5.90893352e-05	1000000.0	2
20170214_122634	90.1	-7.56419756e-05	1000000.0	2
20170214_122644	90.1	0.000146654054	1000000.0	2
20170214_122654	90.1	3.09640162e-05	1000000.0	2
20170214_122704	90.0	-6.47816592e-05	1000000.0	2
20170214_122714	89.6	9.98503894e-05	1000000.0	2
20170214_122724	89.6	0.000129925099	1000000.0	2
20170214_122734	90.0	0.000187292075	1000000.0	2
20170214_122744	89.0	-3.70557165e-05	1000000.0	2
20170214_122754	89.0	9.61214128e-05	1000000.0	2
20170214_122804	89.0	-0.000173667991	1000000.0	2
20170214_122814	89.0	0.000116693735	1000000.0	2
20170214_122824	89.2	0.000131930711	1000000.0	2
20170214_122834	89.2	0.000157062989	1000000.0	2
20170214_122844	89.6	-0.000134913886	1000000.0	2
20170214_122854	89.4	0.000128235465	1000000.0	2
20170214_122904	89.2	-1.11092421e-05	1000000.0	2
20170214_122914	89.4	0.000179940471	1000000.0	2
20170214_122924	89.2	8.70846377e-05	1000000.0	2
20170214_122934	89.2	-0.000173762257	1000000.0	2
20170214_122944	89.2	-0.000162482912	1000000.0	2
20170214_122954	89.2	-0.000152078179	1000000.0	2
20170214_123004	89.0	-0.000104243183	1000000.0	2
20170214_123014	89.2	0.000154352172	1000000.0	2
20170214_123024	89.8	1.79688745e-05	1000000.0	2
20170214_123034	89.4	-1.26703448e-05	1000000.0	2
20170214_123044	89.6	-0.000166374163	1000000.0	2
20170214_123054	89.8	-0.000115045199	1000000.0	2
20170214_123104	89.8	6.9809314e-05	1000000.0	2
20170214_123114	90.0	0.000148929304	1000000.0	2
20170214_123124	89.8	0.000162954576	1000000.0	2
20170214_123134	89.8	0.000133182053	1000000.0	2
20170214_123144	90.0	8.81159966e-05	1000000.0	2
20170214_123154	89.8	8.15854626e-05	1000000.0	2
20170214_123204	90.0	0.000176696455	1000000.0	2
20170214_123214	90.0	-1.04407815e-05	1000000.0	2
20170214_123224	90.1	-1.96030221e-05	1000000.0	2
20170214_123234	90.5	0.000150981997	1000000.0	2
20170214_123244	90.7	-6.9902455e-05	1000000.0	2
20170214_123254	90.3	-0.00015259365	1000000.0	2
20170214_123304	89.6	8.46384097e-05	1000000.0	2
20170214_123314	89.6	0.00013473742	1000000.0	2
20170214_123324	88.8	-4.99576372e-05	1000000.0	2
20170214_123334	88.4	-0.000149943643	1000000.0	2
20170214_123344	89.0	0.000153539212	1000000.0	2
20170214_123354	89.0	-9.57077295e-05	1000000.0	2
20170214_123404	89.4	6.19021009e-05	1000000.0	2
20170214_123414	89.4	3.22057417e-05	1000000.0	2
20170214_123424	89.4	0.000163093502	1000000.0	2
20170214_123434	89.8	-1.73623138e-05	1000000.0	2
20170214_123444	89.8	1.14697767e-05	1000000.0	2
20170214_123454	89.8	-1.84527395e-05	1000000.0	2
20170214_123504	90.0	0.000120755076	1000000.0	2
20170214_123514	90.0	-8.72367732e-05	1000000.0	2
20170214_123524	90.1	1.06246615e-06	1000000.0	2
20170214_123534	90.3	4.18005067e-06	1000000.0	2
20170214_123544	90.5	-1.92459244e-05	1000000.0	2
20170214_123554	90.3	-2.23559861e-05	1000000.0	2
20170214_123604	90.5	-6.17215651e-05	1000000.0	2
20170214_123614	90.5	1.22687964e-05	1000000.0	2
20170214_123624	90.9	0.000164321978	1000000.0	2
20170214_123634	90.7	5.8013644e-05	1000000.0	2
20170214_123644	90.7	-0.000107611891	1000000.0	2
20170214_123654	90.7	-0.000146449363	1000000.0	2
20170214_123704	91.1	-0.000127309411	1000000.0	2
20170214_123714	91.5	-1.56763411e-05	1000000.0	2
20170214_123724	90.9	-0.000156965544	1000000.0	2
20170214_123734	91.1	-0.000101332396	1000000.0	2
20170214_123744	91.1	5.01207447e-06	1000000.0	2
20170214_123754	90.9	1.28709998e-05	1000000.0	2
20170214_123804	90.9	0.000145307491	1000000.0	2
20170214_123814	90.7	6.73806047e-05	1000000.0	2
20170214_123824	91.1	0.00015742216	1000000.0	2
20170214_123834	90.9	8.47949476e-05	1000000.0	2
20170214_123844	91.5	-3.38178862e-06	1000000.0	2
20170214_123854	91.3	-0.000103067564	1000000.0	2
20170214_123904	91.3	0.000129601502	1000000.0	2
20170214_123914	91.1	0.000120176062	1000000.0	2
20170214_123924	91.5	-0.000169942037	1000000.0	2
20170214_123934	91.3	-7.12450204e-05	1000000.0	2
20170214_123944	91.3	-0.000100841075	1000000.0	2
20170214_123954	91.5	-0.000133523886	1000000.0	2
20170214_124004	91.3	-5.97458891e-05	1000000.0	2
20170214_124014	91.5	1.52041004e-05	1000000.0	2
20170214_124024	91.3	1.86419939e-05	1000000.0	2
20170214_124034	91.5	-0.000265662793	1000000.0	2
20170214_124044	91.3	1.9039663e-05	1000000.0	2
20170214_124054	91.5	-5.65791708e-05	1000000.0	2
20170214_124104	91.5	-0.000100739832	1000000.0	2
20170214_124114	91.1	6.70038624e-06	1000000.0	2
20170214_124124	90.5	-0.000174755056	1000000.0	2
20170214_124134	90.3	-0.000144597212	1000000.0	2
20170214_124144	90.3	-0.000133799335	1000000.0	2
20170214_124154	90.7	2.21589145e-05	1000000.0	2
20170214_124204	90.3	9.3197573e-05	1000000.0	2
20170214_124214	90.1	-0.00010314805	1000000.0	2
20170214_124224	90.5	0.000147466293	1000000.0	2
20170214_124234	90.5	0.000134104269	1000000.0	2
20170214_124244	90.5	0.000165181759	1000000.0	2
20170214_124254	90.7	6.30448368e-05	1000000.0	2
20170214_124304	90.7	0.000131405662	1000000.0	2
20170214_124314	90.7	4.79608819e-05	1000000.0	2
20170214_124324	90.5	-0.000170512992	1000000.0	2
20170214_124334	90.9	-4.3867882e-05	1000000.0	2
20170214_124344	90.7	-9.34315115e-05	1000000.0	2
20170214_124354	90.7	6.93055999e-05	1000000.0	2
20170214_124404	90.9	6.33166387e-05	1000000.0	2
20170214_124414	90.9	-0.00017040572	1000000.0	2
20170214_124424	90.9	-8.50386453e-05	1000000.0	2
20170214_124434	90.1	4.5459095e-05	1000000.0	2
20170214_124444	90.3	-0.000110847563	1000000.0	2
20170214_124454	90.1	0.000160193859	1000000.0	2
20170214_124504	90.3	6.14188298e-05	1000000.0	2
20170214_124514	90.1	0.000180570725	1000000.0	2
20170214_124524	89.2	1.61981342e-05	1000000.0	2
20170214_124534	88.6	9.9e+37	1000000.0	2
20170214_124544	88.4	-3.3199625e-05	1000000.0	2
20170214_124554	88.6	-2.24227085e-05	1000000.0	2
20170214_124604	88.6	4.39627606e-05	1000000.0	2
20170214_124614	88.8	0.000124350174	1000000.0	2
20170214_124624	88.8	-0.000138053333	1000000.0	2
20170214_124634	88.6	0.000173723922	1000000.0	2
20170214_124644	88.8	3.54080333e-05	1000000.0	2
20170214_124654	88.6	-0.000152659371	1000000.0	2
20170214_124704	89.0	0.000160350396	1000000.0	2
20170214_124714	88.6	-5.14559679e-05	1000000.0	2
20170214_124724	88.8	-0.000108658135	1000000.0	2
20170214_124734	88.6	0.000124943559	1000000.0	2
20170214_124744	89.0	-0.000150301735	1000000.0	2
20170214_124754	88.6	-0.000152469209	1000000.0	2
20170214_124804	89.0	-0.000158928899	1000000.0	2
20170214_124814	88.8	-0.000164196628	1000000.0	2
20170214_124824	88.8	0.000172046487	1000000.0	2
20170214_124834	89.2	-4.07606158e-05	1000000.0	2
20170214_124844	88.8	-0.000132495493	1000000.0	2
20170214_124854	89.2	0.000104237163	1000000.0	2
20170214_124904	88.8	-4.76434023e-05	1000000.0	2
20170214_124914	88.8	1.27181678e-05	1000000.0	2
20170214_124924	89.2	2.99057996e-05	1000000.0	2
20170214_124934	89.0	-0.000164210475	1000000.0	2
20170214_124944	89.0	0.000121568736	1000000.0	2
20170214_124954	89.0	8.81780159e-05	1000000.0	2
20170214_125004	89.0	-0.000106767299	1000000.0	2
20170214_125014	89.2	-0.000641583976	1000000.0	2
20170214_125024	89.0	-0.000700451749	1000000.0	2
20170214_125034	89.2	1.67907528e-05	1000000.0	2
20170214_125044	89.2	5.09483534e-05	1000000.0	2
20170214_125054	90.0	-9.83063949e-05	1000000.0	2
20170214_125104	89.8	0.000156226378	1000000.0	2
20170214_125114	90.0	1.33658423e-05	1000000.0	2
20170214_125124	89.4	-0.000157316021	1000000.0	2
20170214_125134	89.0	-0.000273763289	1000000.0	2
20170214_125144	89.2	0.000130130522	1000000.0	2
20170214_125154	89.2	-1.23341891e-05	1000000.0	2
20170214_125204	89.4	-0.000108925191	1000000.0	2
20170214_125214	89.2	9.9e+37	1000000.0	2
20170214_125224	89.0	0.000184709527	1000000.0	2
20170214_125234	89.6	0.000143905197	1000000.0	2
20170214_125244	89.8	5.65749126e-05	1000000.0	2
20170214_125254	90.0	-1.89248619e-05	1000000.0	2
20170214_125304	89.8	-0.000166786527	1000000.0	2
20170214_125314	90.1	5.96039489e-05	1000000.0	2
20170214_125324	89.8	-0.000122805984	1000000.0	2
20170214_125334	90.1	4.95293251e-05	1000000.0	2
20170214_125344	89.6	0.000135257649	1000000.0	2
20170214_125354	89.8	6.461308e-05	1000000.0	2
20170214_125404	90.0	5.9095565e-06	1000000.0	2
20170214_125414	89.8	9.32352166e-05	1000000.0	2
20170214_125424	90.0	7.23505177e-05	1000000.0	2
20170214_125434	90.0	-0.000165854983	1000000.0	2
20170214_125444	90.0	0.000171079554	1000000.0	2
20170214_125454	90.0	-3.25233887e-05	1000000.0	2
20170214_125504	90.0	8.86412848e-05	1000000.0	2
20170214_125514	90.1	0.000151049007	1000000.0	2
20170214_125524	90.1	-0.000105741465	1000000.0	2
20170214_125534	90.1	-0.00011941879	1000000.0	2
20170214_125544	90.3	-0.000174219212	1000000.0	2
20170214_125554	90.3	1.76748102e-05	1000000.0	2
20170214_125604	90.3	-6.74413582e-05	1000000.0	2
20170214_125614	90.3	0.000158852614	1000000.0	2
20170214_125624	90.5	9.07753889e-05	1000000.0	2
20170214_125634	90.5	2.9991683e-05	1000000.0	2
20170214_125644	90.7	2.56054591e-05	1000000.0	2
20170214_125654	91.3	-1.14436025e-05	1000000.0	2
20170214_125704	90.9	-2.79584101e-05	1000000.0	2
20170214_125714	91.3	0.000161975051	1000000.0	2
20170214_125724	91.6	6.01483102e-05	1000000.0	2
20170214_125734	91.1	0.000109571788	1000000.0	2
20170214_125744	91.3	0.000167223434	1000000.0	2
20170214_125754	91.1	2.90657241e-05	1000000.0	2
20170214_125804	91.3	5.69787111e-05	1000000.0	2
20170214_125814	91.3	-0.000111446998	1000000.0	2
20170214_125824	91.6	-4.42214754e-05	1000000.0	2
20170214_125834	91.3	-0.000124482091	1000000.0	2
20170214_125844	91.1	-0.000133929768	1000000.0	2
20170214_125854	91.3	1.36484624e-05	1000000.0	2
20170214_125904	91.3	-8.66767256e-05	1000000.0	2
20170214_125914	91.5	-0.000177492908	1000000.0	2
20170214_125924	91.6	-0.00015248701	1000000.0	2
20170214_125934	91.6	0.000153054383	1000000.0	2
20170214_125944	91.5	7.26386229e-05	1000000.0	2
20170214_125954	91.3	0.00013184824	1000000.0	2
20170214_130004	91.1	-0.000433759639	1000000.0	2
20170214_130014	90.9	-0.000151517595	1000000.0	2
20170214_130024	91.1	-0.00016460929	1000000.0	2
20170214_130034	91.1	-0.000208827267	1000000.0	2
20170214_130044	91.3	-0.00014446571	1000000.0	2
20170214_130054	91.5	0.000181983893	1000000.0	2
20170214_130104	91.3	-0.000146332889	1000000.0	2
20170214_130114	91.3	-0.000244313894	1000000.0	2
20170214_130124	91.6	3.28379294e-05	1000000.0	2
20170214_130134	91.5	8.26187433e-05	1000000.0	2
20170214_130144	91.6	-1.38833296e-05	1000000.0	2
20170214_130154	91.5	3.158941e-05	1000000.0	2
20170214_130204	91.8	0.000123289022	1000000.0	2
20170214_130214	91.8	-0.000104140111	1000000.0	2
20170214_130224	91.8	0.000167111618	1000000.0	2
20170214_130234	91.8	-0.000163089735	1000000.0	2
20170214_130244	91.5	0.000164574426	1000000.0	2
20170214_130254	91.8	0.000172595836	1000000.0	2
20170214_130304	91.5	1.99528081e-05	1000000.0	2
20170214_130314	91.5	-0.00013710909	1000000.0	2
20170214_130324	91.5	-0.000162395712	1000000.0	2
20170214_130334	91.5	9.53830883e-05	1000000.0	2
20170214_130344	90.9	-0.00012484687	1000000.0	2
20170214_130354	90.5	8.71176343e-05	1000000.0	2
20170214_130402	90.7	-8.22335671e-05	1000000.0	2
20170214_130412	90.7	-8.99201482e-05	1000000.0	2
20170214_130422	90.7	0.000164801184	1000000.0	2
20170214_130432	90.7	0.000115095089	1000000.0	2
20170214_130442	90.7	9.0029543e-06	1000000.0	2
20170214_130452	90.5	-0.000134786154	1000000.0	2
20170214_130502	90.5	-0.000133916542	1000000.0	2
20170214_130512	90.7	-0.000105006904	1000000.0	2
20170214_130522	90.9	0.000114623838	1000000.0	2
20170214_130532	90.9	0.000153701032	1000000.0	2
20170214_130542	90.7	0.000104618213	1000000.0	2
20170214_130552	90.7	8.47402656e-05	1000000.0	2
20170214_130602	90.5	-6.17589951e-05	1000000.0	2
20170214_130612	90.5	0.000138780274	1000000.0	2
20170214_130622	90.7	-1.69218818e-05	1000000.0	2
20170214_130632	90.7	-0.000144603782	1000000.0	2
20170214_130642	90.9	4.0600676e-05	1000000.0	2
20170214_130652	90.7	5.34330252e-06	1000000.0	2
20170214_130702	90.7	0.00015394445	1000000.0	2
20170214_130712	90.7	5.18968611e-05	1000000.0	2
20170214_130722	90.7	-8.24774976e-05	1000000.0	2
20170214_130732	90.9	-6.00643515e-05	1000000.0	2
20170214_130742	90.7	-0.000120427417	1000000.0	2
20170214_130752	90.9	-0.000113976235	1000000.0	2
20170214_130802	90.5	0.000115261325	1000000.0	2
20170214_130812	90.7	0.000108068938	1000000.0	2
20170214_130822	90.7	-7.80312669e-06	1000000.0	2
20170214_130832	90.7	-0.000541766849	1000000.0	2
20170214_130842	90.5	1.5690219e-05	1000000.0	2
20170214_130852	90.5	-0.000158223173	1000000.0	2
20170214_130902	90.0	0.000450838015	1000000.0	2
20170214_130912	89.8	0.000536229661	1000000.0	2
20170214_130922	89.4	9.42698566e-05	1000000.0	2
20170214_130932	89.6	-0.00152145276	1000000.0	2
20170214_130942	90.1	-0.000382041408	1000000.0	2
20170214_130952	90.0	2.89652403e-05	1000000.0	2
20170214_131002	90.3	3.33177518e-05	1000000.0	2
20170214_131012	89.8	-2.30401451e-05	1000000.0	2
20170214_131022	90.1	0.00029702603	1000000.0	2
20170214_131032	90.0	-0.000778341414	1000000.0	2
20170214_131042	90.0	0.000351482889	1000000.0	2
20170214_131052	90.1	-1.81859031e-05	1000000.0	2
20170214_131103	90.3	-0.00412902366	1000000.0	2
20170214_131112	89.8	0.000343132521	1000000.0	2
20170214_131122	89.4	0.000362238424	1000000.0	2
20170214_131132	89.2	5.30693446e-05	1000000.0	2
20170214_131142	89.4	-5.46227045e-05	1000000.0	2
20170214_131152	89.4	3.19181933e-05	1000000.0	2
20170214_131202	89.6	0.000165264582	1000000.0	2
20170214_131212	89.6	0.000162838376	1000000.0	2
20170214_131222	89.4	-0.00125690021	1000000.0	2
20170214_131232	89.8	0.000534654823	1000000.0	2
20170214_131242	89.6	0.000457769476	1000000.0	2
20170214_131252	90.0	0.000438837909	1000000.0	2
20170214_131302	90.0	0.000105151049	1000000.0	2
20170214_131312	90.3	-6.97795982e-05	1000000.0	2
20170214_131322	90.1	0.000183384657	1000000.0	2
20170214_131332	90.1	-0.000327254669	1000000.0	2
20170214_131342	90.3	0.00079376969	1000000.0	2
20170214_131352	90.1	-0.00134877724	1000000.0	2
20170214_131402	90.3	0.00189255464	1000000.0	2
20170214_131412	90.1	7.14689001e-05	1000000.0	2
20170214_131423	90.3	0.000272906369	1000000.0	2
20170214_131434	90.5	0.000105304903	1000000.0	2
20170214_131444	90.7	5.57444084e-05	1000000.0	2
20170214_131454	91.1	0.000124119868	1000000.0	2
20170214_131504	90.3	0.000210284986	1000000.0	2
20170214_131514	90.7	-1.56031618e-05	1000000.0	2
20170214_131524	90.9	-0.000137211818	1000000.0	2
20170214_131534	90.1	0.000131605301	1000000.0	2
20170214_131544	90.3	0.000105327161	1000000.0	2
20170214_131554	90.3	0.000149857289	1000000.0	2
20170214_131604	90.3	-3.02563913e-05	1000000.0	2
20170214_131614	90.5	-8.2524241e-05	1000000.0	2
20170214_131624	89.8	4.60931732e-05	1000000.0	2
20170214_131634	89.8	0.000154855385	1000000.0	2
20170214_131644	89.8	1.9089268e-05	1000000.0	2
20170214_131654	90.0	2.71138832e-05	1000000.0	2
20170214_131704	90.0	0.000136134452	1000000.0	2
20170214_131714	89.8	9.96481668e-05	1000000.0	2
20170214_131724	90.0	9.90830126e-05	1000000.0	2
20170214_131734	90.0	0.000144720478	1000000.0	2
20170214_131744	90.3	0.000170198765	1000000.0	2
20170214_131754	90.3	-3.14785147e-05	1000000.0	2
20170214_131804	90.1	8.50874119e-05	1000000.0	2
20170214_131814	90.3	0.00016596288	1000000.0	2
20170214_131824	90.5	0.000163615876	1000000.0	2
20170214_131834	90.5	0.000160965788	1000000.0	2
20170214_131844	90.5	2.79418909e-05	1000000.0	2
20170214_131854	90.7	-4.02996065e-05	1000000.0	2
20170214_131904	90.9	-0.000105011332	1000000.0	2
20170214_131914	90.9	-3.90480981e-05	1000000.0	2
20170214_131924	91.1	-0.000148379015	1000000.0	2
20170214_131934	90.9	1.91608716e-05	1000000.0	2
20170214_131944	90.7	0.0001722791	1000000.0	2
20170214_131954	91.3	-0.000129223885	1000000.0	2
20170214_132004	90.7	-3.83068666e-05	1000000.0	2
20170214_132014	90.7	-6.75511205e-05	1000000.0	2
20170214_132024	90.5	-4.14757944e-05	1000000.0	2
20170214_132034	90.5	-0.000150887235	1000000.0	2
20170214_132044	90.7	-0.000126201096	1000000.0	2
20170214_132054	90.9	-0.000130759923	1000000.0	2
20170214_132104	91.1	7.64629796e-05	1000000.0	2
20170214_132114	91.5	-6.80916558e-05	1000000.0	2
20170214_132124	91.5	1.53757556e-05	1000000.0	2
20170214_132134	91.5	2.83421438e-05	1000000.0	2
20170214_132144	91.5	0.000144702383	1000000.0	2
20170214_132154	91.6	9.931942e-05	1000000.0	2
20170214_132204	91.6	0.000117027533	1000000.0	2
20170214_132214	90.9	0.000160560908	1000000.0	2
20170214_132224	90.9	0.000138637241	1000000.0	2
20170214_132234	91.1	-3.32343235e-05	1000000.0	2
20170214_132244	90.9	-0.000151148906	1000000.0	2
20170214_132254	91.6	-0.000102439429	1000000.0	2
20170214_132304	91.3	-0.000151028019	1000000.0	2
20170214_132314	91.5	8.0202673e-05	1000000.0	2
20170214_132324	91.5	-0.000104884027	1000000.0	2
20170214_132334	91.1	0.00010225247	1000000.0	2
20170214_132344	90.9	8.66807473e-05	1000000.0	2
20170214_132354	90.7	-5.92036924e-05	1000000.0	2
20170214_132404	91.5	0.000169968392	1000000.0	2
20170214_132414	91.3	8.56763462e-05	1000000.0	2
20170214_132424	91.6	-0.000167663683	1000000.0	2
20170214_132434	91.1	0.000125996583	1000000.0	2
20170214_132444	90.0	0.000125345499	1000000.0	2
20170214_132454	90.3	-0.000162359393	1000000.0	2
20170214_132504	90.5	6.23807369e-05	1000000.0	2
20170214_132514	90.5	0.000145731795	1000000.0	2
20170214_132524	90.3	0.000150225587	1000000.0	2
20170214_132534	90.3	-1.79416139e-05	1000000.0	2
20170214_132544	90.7	5.78032486e-05	1000000.0	2
20170214_132554	90.9	-5.94389065e-05	1000000.0	2
20170214_132604	91.3	4.57711697e-05	1000000.0	2
20170214_132614	90.7	-1.02544642e-05	1000000.0	2
20170214_132624	90.7	-0.000159167755	1000000.0	2
20170214_132634	90.7	-0.00015464734	1000000.0	2
20170214_132644	90.9	9.59287632e-05	1000000.0	2
20170214_132654	91.3	0.000160338759	1000000.0	2
20170214_132704	90.5	-0.000132816006	1000000.0	2
20170214_132714	91.3	-0.00010456573	1000000.0	2
20170214_132724	90.7	-0.000179039625	1000000.0	2
20170214_132734	91.5	0.000123684204	1000000.0	2
20170214_132744	91.5	-6.4574043e-05	1000000.0	2
20170214_132754	91.6	-6.2931347e-05	1000000.0	2
20170214_132804	91.8	-1.64791197e-05	1000000.0	2
20170214_132814	91.8	-4.5918188e-05	1000000.0	2
20170214_132824	91.8	-9.84256427e-05	1000000.0	2
20170214_132834	91.8	-5.65389197e-05	1000000.0	2
20170214_132844	91.1	-0.000137298057	1000000.0	2
20170214_132854	90.3	-0.000152551553	1000000.0	2
20170214_132904	89.4	-0.00017888356	1000000.0	2
20170214_132914	89.2	-0.000109948225	1000000.0	2
20170214_132924	90.1	0.000157531214	1000000.0	2
20170214_132934	89.0	8.0283677e-05	1000000.0	2
20170214_132944	88.8	-0.000142536846	1000000.0	2
20170214_132954	89.8	0.000134711687	1000000.0	2
20170214_133004	88.8	-7.80654382e-05	1000000.0	2
20170214_133014	88.8	-0.000111100329	1000000.0	2
20170214_133024	88.8	3.39419482e-05	1000000.0	2
20170214_133034	89.0	0.000108292314	1000000.0	2
20170214_133044	89.0	6.66502774e-05	1000000.0	2
20170214_133054	89.0	7.36202731e-05	1000000.0	2
20170214_133104	89.2	-8.99279993e-05	1000000.0	2
20170214_133114	89.2	-0.00013839042	1000000.0	2
20170214_133124	89.4	-0.000170447078	1000000.0	2
20170214_133134	89.4	-6.78545202e-05	1000000.0	2
20170214_133144	89.4	0.000171182709	1000000.0	2
20170214_133154	89.6	0.000107551842	1000000.0	2
20170214_133204	89.6	-0.000142660339	1000000.0	2
20170214_133214	89.8	4.07673261e-05	1000000.0	2
20170214_133224	89.8	5.84113102e-05	1000000.0	2
20170214_133234	90.0	6.70695389e-05	1000000.0	2
20170214_133244	90.0	0.000164656761	1000000.0	2
20170214_133254	90.1	1.74364006e-05	1000000.0	2
20170214_133304	90.1	-0.000142886207	1000000.0	2
20170214_133314	90.1	-0.000147364706	1000000.0	2
20170214_133324	90.1	-0.000135471811	1000000.0	2
20170214_133334	90.0	-4.96627878e-05	1000000.0	2
20170214_133344	90.1	0.000172497268	1000000.0	2
20170214_133354	90.1	4.52992377e-05	1000000.0	2
20170214_133404	90.0	-0.000111216346	1000000.0	2
20170214_133414	88.6	-8.52875168e-05	1000000.0	2
20170214_133424	88.8	4.59094737e-05	1000000.0	2
20170214_133434	88.8	0.0001457353	1000000.0	2
20170214_133444	89.2	0.000165276497	1000000.0	2
20170214_133454	89.2	0.000164831615	1000000.0	2
20170214_133504	89.2	0.000174713276	1000000.0	2
20170214_133514	89.2	7.68684079e-05	1000000.0	2
20170214_133524	89.4	-6.56348315e-05	1000000.0	2
20170214_133534	89.4	-0.000154096679	1000000.0	2
20170214_133544	89.6	-0.000117393589	1000000.0	2
20170214_133554	89.4	0.000158438627	1000000.0	2
20170214_133604	89.8	-0.000165846865	1000000.0	2
20170214_133614	89.6	-0.000128529931	1000000.0	2
20170214_133624	89.8	2.03100784e-05	1000000.0	2
20170214_133634	89.6	0.000108031376	1000000.0	2
20170214_133644	89.6	-6.47713816e-05	1000000.0	2
20170214_133654	89.8	-0.000143247998	1000000.0	2
20170214_133704	89.8	-2.98009323e-05	1000000.0	2
20170214_133714	90.0	-0.000175246164	1000000.0	2
20170214_133724	90.0	1.23385535e-05	1000000.0	2
20170214_133734	90.1	6.5975446e-05	1000000.0	2
20170214_133744	90.1	0.000151065918	1000000.0	2
20170214_133754	91.1	-0.000179711016	1000000.0	2
20170214_133804	90.7	0.00018233315	1000000.0	2
20170214_133814	90.9	0.000160191342	1000000.0	2
20170214_133824	90.9	0.00011399423	1000000.0	2
20170214_133834	91.1	-0.000190142532	1000000.0	2
20170214_133844	90.1	-1.41429776e-05	1000000.0	2
20170214_133854	90.0	0.000171568698	1000000.0	2
20170214_133904	90.0	7.2403807e-05	1000000.0	2
20170214_133914	90.1	6.87429996e-05	1000000.0	2
20170214_133924	90.1	-0.000146810665	1000000.0	2
20170214_133934	90.1	-2.13622708e-05	1000000.0	2
20170214_133944	90.3	-4.2041971e-05	1000000.0	2
20170214_133954	90.3	0.000128902336	1000000.0	2
20170214_134004	90.3	0.000140848405	1000000.0	2
20170214_134014	90.5	-0.000166913389	1000000.0	2
20170214_134024	90.7	-7.04107078e-05	1000000.0	2
20170214_134034	90.3	7.06871773e-05	1000000.0	2
20170214_134044	90.7	-3.74865598e-05	1000000.0	2
20170214_134054	90.9	-0.000151574499	1000000.0	2
20170214_134104	90.9	-0.000161776337	1000000.0	2
20170214_134114	91.1	-0.000165093644	1000000.0	2
20170214_134124	91.3	9.33581875e-05	1000000.0	2
20170214_134134	91.1	-0.000185239349	1000000.0	2
20170214_134144	91.3	0.000147725945	1000000.0	2
20170214_134154	91.5	2.2633503e-05	1000000.0	2
20170214_134204	91.3	9.31406051e-05	1000000.0	2
20170214_134214	91.1	-9.25472532e-05	1000000.0	2
20170214_134224	90.9	-4.21723904e-05	1000000.0	2
20170214_134234	91.1	0.000180937782	1000000.0	2
20170214_134244	90.9	4.53774655e-05	1000000.0	2
20170214_134254	91.1	0.000149828528	1000000.0	2
20170214_134304	91.1	8.77197743e-06	1000000.0	2
20170214_134314	91.3	0.000104754475	1000000.0	2
20170214_134324	90.9	0.000354714199	1000000.0	2
20170214_134334	90.7	0.000186945949	1000000.0	2
20170214_134344	90.7	4.91209782e-05	1000000.0	2
20170214_134354	90.9	-4.2539326e-05	1000000.0	2
20170214_134404	90.9	-0.000173814052	1000000.0	2
20170214_134414	90.9	-9.13998186e-05	1000000.0	2
20170214_134424	90.7	0.00017528267	1000000.0	2
20170214_134434	91.5	-0.000177832014	1000000.0	2
20170214_134444	91.3	-0.000152419514	1000000.0	2
20170214_134454	91.3	0.000117002121	1000000.0	2
20170214_134504	91.3	0.00023706093	1000000.0	2
20170214_134514	91.8	4.6002296e-05	1000000.0	2
20170214_134524	91.3	4.19513051e-05	1000000.0	2
20170214_134534	91.3	-1.45698807e-05	1000000.0	2
20170214_134544	91.5	-2.81959446e-05	1000000.0	2
20170214_134554	91.1	-0.000123616529	1000000.0	2
20170214_134604	90.9	-3.65865973e-05	1000000.0	2
20170214_134614	90.9	-0.000159228229	1000000.0	2
20170214_134624	90.7	-1.48635189e-05	1000000.0	2
20170214_134634	90.9	1.8991717e-05	1000000.0	2
20170214_134644	90.9	-1.50596334e-05	1000000.0	2
20170214_134654	91.5	-0.000100248874	1000000.0	2
20170214_134704	91.1	-0.000137372324	1000000.0	2
20170214_134714	91.5	0.000151306897	1000000.0	2
20170214_134724	90.9	0.000163112534	1000000.0	2
20170214_134734	90.5	-0.000162657398	1000000.0	2
20170214_134744	90.0	-0.000171697073	1000000.0	2
20170214_134754	90.0	-0.00015635012	1000000.0	2
20170214_134804	90.9	-0.000173602219	1000000.0	2
20170214_134814	90.7	4.04141056e-05	1000000.0	2
20170214_134824	90.9	-1.98965863e-05	1000000.0	2
20170214_134834	90.7	9.98498399e-05	1000000.0	2
20170214_134844	90.9	-0.000131417785	1000000.0	2
20170214_134854	91.3	6.34429826e-05	1000000.0	2
20170214_134904	91.1	0.000173732867	1000000.0	2
20170214_134914	90.7	0.000170562281	1000000.0	2
20170214_134924	91.3	-0.000161191342	1000000.0	2
20170214_134934	91.5	-6.41092944e-05	1000000.0	2
20170214_134944	91.5	-0.000113413276	1000000.0	2
20170214_134954	91.8	0.000165902122	1000000.0	2
20170214_135004	91.6	0.000102460252	1000000.0	2
20170214_135014	91.8	-4.87152756e-05	1000000.0	2
20170214_135024	91.8	-0.000171218929	1000000.0	2
20170214_135034	91.6	-0.000159866635	1000000.0	2
20170214_135044	92.0	-0.000120110932	1000000.0	2
20170214_135054	91.8	-0.000127438434	1000000.0	2
20170214_135104	91.6	-0.000148415207	1000000.0	2
20170214_135114	91.8	8.16285451e-05	1000000.0	2
20170214_135124	91.8	0.000165971091	1000000.0	2
20170214_135134	90.9	-1.10573658e-05	1000000.0	2
20170214_135144	90.7	6.38156425e-05	1000000.0	2
20170214_135154	90.7	-1.97998173e-05	1000000.0	2
20170214_135204	90.7	1.73414681e-06	1000000.0	2
20170214_135214	90.7	0.000153840284	1000000.0	2
20170214_135224	89.4	0.000163577339	1000000.0	2
20170214_135234	90.7	0.000175556719	1000000.0	2
20170214_135244	90.5	0.000133151036	1000000.0	2
20170214_135254	90.5	8.93509447e-05	1000000.0	2
20170214_135304	90.7	-0.000101410219	1000000.0	2
20170214_135314	90.7	-0.000132452544	1000000.0	2
20170214_135324	90.9	0.000161159509	1000000.0	2
20170214_135334	90.9	0.000178490378	1000000.0	2
20170214_135344	91.1	0.000127373657	1000000.0	2
20170214_135354	91.1	-8.53810638e-05	1000000.0	2
20170214_135404	91.3	-0.000146979961	1000000.0	2
20170214_135414	91.5	-6.86936574e-05	1000000.0	2
20170214_135424	91.5	-6.88669778e-05	1000000.0	2
20170214_135434	91.6	8.85445947e-05	1000000.0	2
20170214_135444	91.6	0.00016003861	1000000.0	2
20170214_135454	90.7	9.42817234e-05	1000000.0	2
20170214_135504	91.1	-9.3610826e-06	1000000.0	2
20170214_135514	90.7	0.00164879359	1000000.0	2
20170214_135524	91.3	-0.00017666392	1000000.0	2
20170214_135534	91.5	-0.00015766375	1000000.0	2
20170214_135544	90.3	-0.000108854633	1000000.0	2
20170214_135554	90.5	-0.000131373161	1000000.0	2
20170214_135604	90.0	-7.57637217e-05	1000000.0	2
20170214_135614	90.0	-0.000148652102	1000000.0	2
20170214_135624	89.2	-9.57764129e-05	1000000.0	2
20170214_135634	90.0	-4.37315783e-05	1000000.0	2
20170214_135644	90.3	0.000137833505	1000000.0	2
20170214_135654	89.8	1.0945417e-05	1000000.0	2
20170214_135704	90.3	0.000495348646	1000000.0	2
20170214_135714	89.8	8.67363399e-05	1000000.0	2
20170214_135724	89.4	-0.000305367209	1000000.0	2
20170214_135734	90.1	8.83530054e-05	1000000.0	2
20170214_135744	90.3	-0.000106934967	1000000.0	2
20170214_135754	90.5	7.41004203e-05	1000000.0	2
20170214_135804	90.1	0.000103156407	1000000.0	2
20170214_135814	90.3	0.000172933437	1000000.0	2
20170214_135824	90.5	0.00016971605	1000000.0	2
20170214_135834	90.7	-1.44020006e-05	1000000.0	2
20170214_135844	90.7	-0.000132001267	1000000.0	2
20170214_135854	90.7	0.000129779308	1000000.0	2
20170214_135904	90.9	0.000167976106	1000000.0	2
20170214_135914	91.1	8.88500953e-05	1000000.0	2
20170214_135924	91.1	5.27573974e-05	1000000.0	2
20170214_135934	91.1	-0.000172794821	1000000.0	2
20170214_135944	90.9	0.000161869937	1000000.0	2
20170214_135954	91.3	0.000168842085	1000000.0	2
20170214_140004	91.5	0.000159899835	1000000.0	2
20170214_140014	91.1	-0.000172173696	1000000.0	2
20170214_140024	90.9	0.00114166181	1000000.0	2
20170214_140034	91.1	-9.44345075e-05	1000000.0	2
20170214_140044	91.5	0.000130164241	1000000.0	2
20170214_140054	90.9	-3.37533438e-06	1000000.0	2
20170214_140104	91.1	-0.00044068085	1000000.0	2
20170214_140114	91.1	-0.000172452133	1000000.0	2
20170214_140124	91.3	0.00015160923	1000000.0	2
20170214_140134	91.5	3.82438132e-05	1000000.0	2
20170214_140144	91.3	4.74562167e-05	1000000.0	2
20170214_140154	91.5	1.47045773e-05	1000000.0	2
20170214_140204	91.3	5.58939272e-05	1000000.0	2
20170214_140214	91.3	5.52678205e-05	1000000.0	2
20170214_140224	91.5	0.000114299822	1000000.0	2
20170214_140234	91.5	2.82903136e-05	1000000.0	2
20170214_140244	91.5	3.18839038e-05	1000000.0	2
20170214_140254	91.5	-1.5460214e-05	1000000.0	2
20170214_140304	91.5	0.000152014285	1000000.0	2
20170214_140314	91.5	0.000138116646	1000000.0	2
20170214_140324	91.5	7.86976873e-05	1000000.0	2
20170214_140334	91.3	-6.08036644e-05	1000000.0	2
20170214_140344	91.3	8.29083027e-05	1000000.0	2
20170214_140354	91.5	0.000142555773	1000000.0	2
20170214_140404	91.5	0.000105927668	1000000.0	2
20170214_140414	91.5	-4.61793605e-05	1000000.0	2
20170214_140424	91.5	-0.000119245253	1000000.0	2
20170214_140434	91.5	-0.00012766449	1000000.0	2
20170214_140444	91.5	0.000109782647	1000000.0	2
20170214_140454	91.5	-5.92665411e-05	1000000.0	2
20170214_140504	91.5	0.000161650725	1000000.0	2
20170214_140514	91.6	0.000106844609	1000000.0	2
20170214_140524	91.6	-0.000162050235	1000000.0	2
20170214_140534	91.6	-0.000195747157	1000000.0	2
20170214_140544	91.6	-0.000204473735	1000000.0	2
20170214_140554	91.8	-0.0018981041	1000000.0	2
20170214_140604	91.6	0.000916664417	1000000.0	2
20170214_140614	91.8	9.10167985e-05	1000000.0	2
20170214_140624	91.8	-2.81599413e-05	1000000.0	2
20170214_140634	91.1	4.59694948e-05	1000000.0	2
20170214_140644	91.5	-0.000121901948	1000000.0	2
20170214_140654	91.5	-0.000168751951	1000000.0	2
20170214_140704	90.5	6.68748047e-05	1000000.0	2
20170214_140714	90.9	-0.000143578702	1000000.0	2
20170214_140724	90.5	-0.000341624236	1000000.0	2
20170214_140734	90.7	-0.000158737131	1000000.0	2
20170214_140744	90.1	0.000116544064	1000000.0	2
20170214_140754	90.7	0.000125275148	1000000.0	2
20170214_140804	90.7	3.93232199e-05	1000000.0	2
20170214_140814	90.9	0.000134529442	1000000.0	2
20170214_140824	90.9	0.000129264621	1000000.0	2
20170214_140834	91.1	5.66230809e-05	1000000.0	2
20170214_140844	91.1	3.34203116e-05	1000000.0	2
20170214_140854	91.1	9.4272957e-06	1000000.0	2
20170214_140904	91.3	-8.73652779e-05	1000000.0	2
20170214_140914	90.9	-0.0001696873	1000000.0	2
20170214_140924	91.3	0.000108284942	1000000.0	2
20170214_140934	90.5	0.000107759825	1000000.0	2
20170214_140944	91.1	-0.000115003621	1000000.0	2
20170214_140954	90.7	-4.5563893e-05	1000000.0	2
20170214_141004	90.5	-3.76615418e-05	1000000.0	2
20170214_141014	90.9	9.9e+37	1000000.0	2
20170214_141024	90.7	-1.155234e-05	1000000.0	2
20170214_141034	91.1	0.000143568113	1000000.0	2
20170214_141044	91.1	0.000155712897	1000000.0	2
20170214_141054	91.1	-5.67546829e-05	1000000.0	2
20170214_141104	90.7	6.76344517e-05	1000000.0	2
20170214_141114	90.9	0.000160042265	1000000.0	2
20170214_141124	90.9	3.94886201e-06	1000000.0	2
20170214_141134	91.1	0.000130897221	1000000.0	2
20170214_141144	91.3	-5.05632259e-05	1000000.0	2
20170214_141154	91.3	-0.000169023472	1000000.0	2
20170214_141204	91.3	-0.000164492567	1000000.0	2
20170214_141214	91.1	-0.000146244823	1000000.0	2
20170214_141224	91.1	1.9222775e-05	1000000.0	2
20170214_141234	90.9	1.17011887e-05	1000000.0	2
20170214_141244	91.1	-0.000115760658	1000000.0	2
20170214_141254	91.3	-0.000174334605	1000000.0	2
20170214_141304	91.1	-0.000157435398	1000000.0	2
20170214_141314	90.9	9.19319087e-06	1000000.0	2
20170214_141324	91.8	-0.000103137537	1000000.0	2
20170214_141334	90.7	8.98410428e-05	1000000.0	2
20170214_141344	91.3	5.30700354e-05	1000000.0	2
20170214_141354	90.9	-0.000156058299	1000000.0	2
20170214_141404	91.5	-8.17860202e-05	1000000.0	2
20170214_141414	91.1	-0.000119655553	1000000.0	2
20170214_141424	91.3	-0.000110214741	1000000.0	2
20170214_141434	91.5	-1.3286021e-05	1000000.0	2
20170214_141444	90.1	8.23323413e-05	1000000.0	2
20170214_141454	90.3	3.99300226e-05	1000000.0	2
20170214_141504	90.1	-0.000160417002	1000000.0	2
20170214_141514	90.1	-3.29223994e-05	1000000.0	2
20170214_141524	90.1	-5.30581943e-05	1000000.0	2
20170214_141534	89.4	0.000154540482	1000000.0	2
20170214_141544	89.4	-4.19162664e-05	1000000.0	2
20170214_141554	89.4	0.000167841122	1000000.0	2
20170214_141604	89.4	1.00492171e-05	1000000.0	2
20170214_141614	89.6	-0.000141860881	1000000.0	2
20170214_141624	89.4	-0.000164717368	1000000.0	2
20170214_141634	89.4	3.33170586e-05	1000000.0	2
20170214_141644	89.6	3.38882716e-05	1000000.0	2
20170214_141654	89.6	-1.29712734e-05	1000000.0	2
20170214_141704	89.6	-0.000161697896	1000000.0	2
20170214_141714	89.4	8.02263474e-05	1000000.0	2
20170214_141724	89.0	-0.000155113755	1000000.0	2
20170214_141734	89.4	0.000134318521	1000000.0	2
20170214_141744	89.6	3.2179709e-05	1000000.0	2
20170214_141754	89.2	-0.000153566628	1000000.0	2
20170214_141804	89.6	-3.88914885e-05	1000000.0	2
20170214_141814	89.0	-4.00595588e-05	1000000.0	2
20170214_141824	89.2	0.000135044073	1000000.0	2
20170214_141834	89.6	0.000140356359	1000000.0	2
20170214_141844	90.1	-8.45981203e-05	1000000.0	2
20170214_141854	89.8	-5.97124167e-05	1000000.0	2
20170214_141904	90.5	4.13735209e-05	1000000.0	2
20170214_141914	89.6	-0.000103364416	1000000.0	2
20170214_141924	89.2	-0.000156749522	1000000.0	2
20170214_141934	89.6	0.000143140397	1000000.0	2
20170214_141944	89.2	-4.11470179e-05	1000000.0	2
20170214_141954	89.6	-0.00017067036	1000000.0	2
20170214_142004	89.2	1.14862703e-05	1000000.0	2
20170214_142014	89.4	5.21784291e-05	1000000.0	2
20170214_142024	89.6	7.18632381e-05	1000000.0	2
20170214_142034	89.4	8.65246255e-05	1000000.0	2
20170214_142044	89.4	-3.82397703e-05	1000000.0	2
20170214_142054	89.6	-3.46881069e-05	1000000.0	2
20170214_142104	89.6	6.30399636e-05	1000000.0	2
20170214_142114	89.6	-0.000129050606	1000000.0	2
20170214_142124	89.6	1.01788101e-05	1000000.0	2
20170214_142134	89.8	0.000146223187	1000000.0	2
20170214_142144	89.8	0.000130580976	1000000.0	2
20170214_142154	89.8	-1.82737645e-05	1000000.0	2
20170214_142204	90.0	0.000151317764	1000000.0	2
20170214_142214	90.1	-0.000137757539	1000000.0	2
20170214_142224	90.1	0.000121926603	1000000.0	2
20170214_142234	90.0	0.000147307216	1000000.0	2
20170214_142244	90.0	-7.47609536e-06	1000000.0	2
20170214_142254	90.0	-8.69778539e-05	1000000.0	2
20170214_142304	90.0	-0.000102309106	1000000.0	2
20170214_142314	90.1	-4.02992359e-05	1000000.0	2
20170214_142324	90.1	-9.58568898e-05	1000000.0	2
20170214_142334	90.0	1.96919033e-06	1000000.0	2
20170214_142344	90.0	0.000171269378	1000000.0	2
20170214_142354	90.1	0.000188081061	1000000.0	2
20170214_142404	90.0	-7.38332374e-05	1000000.0	2
20170214_142414	90.0	-0.000174170005	1000000.0	2
20170214_142424	90.1	9.57866184e-05	1000000.0	2
20170214_142434	89.8	-0.000170119786	1000000.0	2
20170214_142444	89.8	1.73675962e-05	1000000.0	2
20170214_142454	90.0	2.03748008e-05	1000000.0	2
20170214_142504	90.1	-3.04421403e-05	1000000.0	2
20170214_142514	90.0	-0.000131456557	1000000.0	2
20170214_142524	90.1	4.21651637e-05	1000000.0	2
20170214_142534	89.6	9.21210399e-05	1000000.0	2
20170214_142544	89.8	0.000163131551	1000000.0	2
20170214_142554	90.0	-1.3350121e-05	1000000.0	2
20170214_142604	90.0	8.84242823e-05	1000000.0	2
20170214_142614	90.1	6.18137475e-05	1000000.0	2
20170214_142624	90.5	8.66115622e-06	1000000.0	2
20170214_142634	90.5	5.90575905e-05	1000000.0	2
20170214_142644	90.5	0.000397568949	1000000.0	2
20170214_142654	90.0	3.17859448e-05	1000000.0	2
20170214_142704	89.8	0.000392884707	1000000.0	2
20170214_142714	90.9	0.000147648683	1000000.0	2
20170214_142724	90.3	0.00142414893	1000000.0	2
20170214_142734	90.0	8.60110363e-05	1000000.0	2
20170214_142744	90.1	0.000103875195	1000000.0	2
20170214_142754	91.3	0.000148058234	1000000.0	2
20170214_142804	91.1	-2.1731578e-05	1000000.0	2
20170214_142814	91.3	0.000543808542	1000000.0	2
20170214_142824	91.5	-7.6107287e-05	1000000.0	2
20170214_142834	91.8	-0.00113918426	1000000.0	2
20170214_142844	91.8	-0.000136525065	1000000.0	2
20170214_142854	91.8	0.000114943811	1000000.0	2
20170214_142904	92.0	5.0137587e-05	1000000.0	2
20170214_142914	91.5	5.82337517e-05	1000000.0	2
20170214_142924	92.0	-6.30966866e-05	1000000.0	2
20170214_142934	92.4	0.000123351819	1000000.0	2
20170214_142944	92.2	-4.51788667e-05	1000000.0	2
20170214_142954	92.6	-1.96984122e-05	1000000.0	2
20170214_143004	92.6	-0.000137049049	1000000.0	2
20170214_143014	92.4	2.73519734e-05	1000000.0	2
20170214_143024	92.4	0.000103862966	1000000.0	2
20170214_143034	92.6	0.000164518387	1000000.0	2
20170214_143044	92.6	1.824161e-05	1000000.0	2
20170214_143054	92.0	0.000153065819	1000000.0	2
20170214_143104	91.8	-1.25000901e-05	1000000.0	2
20170214_143114	92.0	5.91327352e-05	1000000.0	2
20170214_143124	92.0	-0.000102289982	1000000.0	2
20170214_143134	92.0	-5.77313889e-05	1000000.0	2
20170214_143144	92.2	6.13080758e-05	1000000.0	2
20170214_143154	92.2	-4.77570609e-05	1000000.0	2
20170214_143204	92.2	0.000119094395	1000000.0	2
20170214_143214	91.6	0.00016322214	1000000.0	2
20170214_143224	92.2	-9.84696814e-05	1000000.0	2
20170214_143234	92.4	-0.00016551879	1000000.0	2
20170214_143244	92.4	-0.00012613364	1000000.0	2
20170214_143254	92.6	0.000119604755	1000000.0	2
20170214_143304	92.8	-3.49447768e-05	1000000.0	2
20170214_143314	92.6	8.66156547e-05	1000000.0	2
20170214_143324	92.6	1.22319996e-05	1000000.0	2
20170214_143334	92.6	-0.000153896392	1000000.0	2
20170214_143344	92.6	-0.000140003419	1000000.0	2
20170214_143354	92.6	-1.14042002e-05	1000000.0	2
20170214_143404	92.2	-0.000296845379	1000000.0	2
20170214_143414	92.2	2.976338e-05	1000000.0	2
20170214_143424	92.2	-0.000179230643	1000000.0	2
20170214_143434	92.0	-0.000151785347	1000000.0	2
20170214_143444	91.8	-0.000100301756	1000000.0	2
20170214_143454	91.6	2.26373509e-05	1000000.0	2
20170214_143504	91.5	-0.000166538181	1000000.0	2
20170214_143514	91.6	-0.000152001425	1000000.0	2
20170214_143524	91.6	-0.000120076383	1000000.0	2
20170214_143534	91.6	1.49152794e-05	1000000.0	2
20170214_143544	91.6	0.000105837988	1000000.0	2
20170214_143554	91.6	8.54399378e-05	1000000.0	2
20170214_143604	91.6	6.57735647e-05	1000000.0	2
20170214_143614	91.6	-1.44632861e-05	1000000.0	2
20170214_143624	91.6	7.77636095e-05	1000000.0	2
20170214_143634	91.6	-3.96873654e-05	1000000.0	2
20170214_143644	91.6	-0.000112570078	1000000.0	2
20170214_143654	91.6	4.17919514e-05	1000000.0	2
20170214_143704	91.8	-0.000168990527	1000000.0	2
20170214_143714	91.6	4.24329353e-05	1000000.0	2
20170214_143724	91.8	8.30812122e-05	1000000.0	2
20170214_143734	91.6	0.000142137635	1000000.0	2
20170214_143744	91.6	0.00169884641	1000000.0	2
20170214_143754	90.7	-3.83285819e-05	1000000.0	2
20170214_143804	90.7	1.07782045e-05	1000000.0	2
20170214_143814	90.0	0.000126010459	1000000.0	2
20170214_143824	90.3	-5.38303089e-05	1000000.0	2
20170214_143834	90.3	0.00017790584	1000000.0	2
20170214_143844	90.0	-7.86335655e-05	1000000.0	2
20170214_143854	90.0	7.37078015e-05	1000000.0	2
20170214_143904	90.1	3.74215237e-05	1000000.0	2
20170214_143914	90.0	1.83343116e-07	1000000.0	2
20170214_143924	90.3	-0.000119960474	1000000.0	2
20170214_143934	90.3	9.9e+37	1000000.0	2
20170214_143944	90.1	0.000163143692	1000000.0	2
20170214_143954	90.1	0.000128274174	1000000.0	2
20170214_144004	90.5	7.71671662e-05	1000000.0	2
20170214_144014	90.1	0.000108905463	1000000.0	2
20170214_144024	90.3	8.61465662e-05	1000000.0	2
20170214_144034	90.9	-4.28829754e-05	1000000.0	2
20170214_144044	90.9	-9.0140489e-05	1000000.0	2
20170214_144054	90.7	-0.000109615693	1000000.0	2
20170214_144104	90.1	-0.000168408661	1000000.0	2
20170214_144114	90.3	-0.000105438245	1000000.0	2
20170214_144124	90.3	9.97454366e-05	1000000.0	2
20170214_144134	90.3	-0.00012281826	1000000.0	2
20170214_144144	90.5	-0.000180917986	1000000.0	2
20170214_144154	90.5	-0.000163891837	1000000.0	2
20170214_144204	90.7	-0.000142704074	1000000.0	2
20170214_144214	90.7	9.9e+37	1000000.0	2
20170214_144224	90.9	-0.000125231514	1000000.0	2
20170214_144234	90.5	-0.000149763694	1000000.0	2
20170214_144244	90.5	-1.90240963e-05	1000000.0	2
20170214_144254	90.0	0.000189584323	1000000.0	2
20170214_144304	89.4	4.30632734e-05	1000000.0	2
20170214_144314	90.0	0.000133327451	1000000.0	2
20170214_144324	90.1	-9.12531364e-06	1000000.0	2
20170214_144334	89.8	-0.000164667936	1000000.0	2
20170214_144344	90.0	-9.31142143e-05	1000000.0	2
20170214_144354	90.0	-0.000133847596	1000000.0	2
20170214_144404	90.0	-0.000155397679	1000000.0	2
20170214_144414	90.1	-9.88810021e-05	1000000.0	2
20170214_144424	90.0	-8.78619158e-05	1000000.0	2
20170214_144434	90.1	9.40829468e-05	1000000.0	2
20170214_144444	90.0	0.000171341644	1000000.0	2
20170214_144454	89.8	5.88323939e-05	1000000.0	2
20170214_144504	89.8	5.97083972e-05	1000000.0	2
20170214_144514	89.8	-0.000144912324	1000000.0	2
20170214_144524	89.8	-8.81699868e-05	1000000.0	2
20170214_144534	89.8	-0.000172608155	1000000.0	2
20170214_144544	89.8	0.000171179499	1000000.0	2
20170214_144554	90.0	0.000132832089	1000000.0	2
20170214_144604	89.8	1.4567844e-05	1000000.0	2
20170214_144614	89.8	9.9e+37	1000000.0	2
20170214_144624	90.0	5.49743793e-05	1000000.0	2
20170214_144634	90.0	0.000107163603	1000000.0	2
20170214_144644	90.0	0.000168598167	1000000.0	2
20170214_144654	89.8	-0.00012724619	1000000.0	2
20170214_144704	89.2	-0.00016994209	1000000.0	2
20170214_144714	89.6	3.40675704e-05	1000000.0	2
20170214_144724	89.4	-0.000200738162	1000000.0	2
20170214_144734	88.8	-0.000129908437	1000000.0	2
20170214_144744	89.2	-0.000101209677	1000000.0	2
20170214_144754	89.0	0.000139007888	1000000.0	2
20170214_144804	89.2	0.000160040094	1000000.0	2
20170214_144814	88.8	0.000121140303	1000000.0	2
20170214_144824	89.2	0.000138428656	1000000.0	2
20170214_144834	89.4	-1.04302622e-05	1000000.0	2
20170214_144844	89.6	-0.000129608794	1000000.0	2
20170214_144854	89.6	-0.000168052992	1000000.0	2
20170214_144904	89.8	-0.000155270871	1000000.0	2
20170214_144914	89.6	7.41175601e-05	1000000.0	2
20170214_144924	90.1	-0.000174069775	1000000.0	2
20170214_144934	90.0	0.000102216206	1000000.0	2
20170214_144944	90.1	-0.000160302196	1000000.0	2
20170214_144954	89.8	-9.14302849e-05	1000000.0	2
20170214_145004	90.5	-0.000147107276	1000000.0	2
20170214_145014	90.5	-8.98234836e-05	1000000.0	2
20170214_145024	90.3	-7.73556318e-05	1000000.0	2
20170214_145034	90.7	-0.000148641987	1000000.0	2
20170214_145044	90.7	-0.000158531007	1000000.0	2
20170214_145054	90.7	-6.43673765e-05	1000000.0	2
20170214_145104	90.9	-0.000150015104	1000000.0	2
20170214_145114	90.7	3.37331298e-05	1000000.0	2
20170214_145124	90.9	0.000157638613	1000000.0	2
20170214_145134	91.1	-8.52537366e-05	1000000.0	2
20170214_145144	91.1	-0.000152567946	1000000.0	2
20170214_145154	91.3	-6.93291632e-05	1000000.0	2
20170214_145204	91.5	-0.000112256984	1000000.0	2
20170214_145214	91.3	-5.6501493e-05	1000000.0	2
20170214_145224	91.3	1.95535804e-05	1000000.0	2
20170214_145234	91.5	-4.30768635e-05	1000000.0	2
20170214_145244	91.6	-5.76858514e-05	1000000.0	2
20170214_145254	91.3	-4.61549011e-05	1000000.0	2
20170214_145304	91.3	-0.000150831705	1000000.0	2
20170214_145314	91.3	-8.614869e-05	1000000.0	2
20170214_145324	90.0	4.57098027e-05	1000000.0	2
20170214_145334	91.1	1.67950695e-05	1000000.0	2
20170214_145344	91.3	6.0812693e-05	1000000.0	2
20170214_145354	91.1	5.91167677e-05	1000000.0	2
20170214_145404	91.1	-0.000120746659	1000000.0	2
20170214_145414	91.3	-0.000168771482	1000000.0	2
20170214_145424	91.5	-0.00016802731	1000000.0	2
20170214_145434	91.3	-6.17184932e-05	1000000.0	2
20170214_145444	91.1	-0.00011378086	1000000.0	2
20170214_145454	91.1	-4.32940892e-05	1000000.0	2
20170214_145504	91.3	-0.000175712061	1000000.0	2
20170214_145514	91.1	-0.000150528232	1000000.0	2
20170214_145524	90.9	-0.000127586787	1000000.0	2
20170214_145534	90.5	-0.000184890301	1000000.0	2
20170214_145544	90.3	-0.000178986583	1000000.0	2
20170214_145554	90.5	6.6675186e-06	1000000.0	2
20170214_145604	90.7	-8.42712455e-05	1000000.0	2
20170214_145614	90.9	9.68157355e-06	1000000.0	2
20170214_145624	90.9	0.000156618024	1000000.0	2
20170214_145634	90.9	-0.000164350898	1000000.0	2
20170214_145644	91.1	1.79805395e-05	1000000.0	2
20170214_145654	91.5	3.1588602e-05	1000000.0	2
20170214_145704	91.5	-0.000167738391	1000000.0	2
20170214_145714	91.5	0.000101673977	1000000.0	2
20170214_145723	91.3	6.22395533e-05	1000000.0	2
20170214_145733	91.3	-4.59548574e-05	1000000.0	2
20170214_145743	91.1	5.85656818e-05	1000000.0	2
20170214_145753	91.1	-0.000117057044	1000000.0	2
20170214_145803	91.1	0.000184021714	1000000.0	2
20170214_145813	91.3	4.247117e-05	1000000.0	2
20170214_145823	91.1	-0.000149655591	1000000.0	2
20170214_145833	91.3	-9.62509615e-05	1000000.0	2
20170214_145843	91.3	-0.000148113727	1000000.0	2
20170214_145853	91.1	-0.000145633597	1000000.0	2
20170214_145903	91.5	-0.000173740462	1000000.0	2
20170214_145913	91.3	-1.93444086e-05	1000000.0	2
20170214_145923	91.1	5.28922754e-08	1000000.0	2
20170214_145933	91.1	-3.62066509e-05	1000000.0	2
20170214_145943	91.3	0.000400130478	1000000.0	2
20170214_145954	90.9	7.22237083e-05	1000000.0	2
20170214_150003	91.5	1.32171303e-05	1000000.0	2
20170214_150013	91.5	-0.000151157525	1000000.0	2
20170214_150023	91.5	-0.000107132224	1000000.0	2
20170214_150033	91.5	-6.19556868e-05	1000000.0	2
20170214_150043	91.6	0.000131972599	1000000.0	2
20170214_150053	91.6	-0.000173428373	1000000.0	2
20170214_150103	91.8	0.000111927859	1000000.0	2
20170214_150113	91.8	0.000173256187	1000000.0	2
20170214_150123	91.5	0.00016033675	1000000.0	2
20170214_150133	91.6	0.000107919166	1000000.0	2
20170214_150143	91.5	-7.61449287e-05	1000000.0	2
20170214_150153	91.1	-1.90094323e-05	1000000.0	2
20170214_150203	91.1	7.08486389e-05	1000000.0	2
20170214_150213	91.3	-9.43768785e-05	1000000.0	2
20170214_150223	91.1	-0.000147980056	1000000.0	2
20170214_150233	91.1	-0.000163804065	1000000.0	2
20170214_150243	91.3	-1.25462455e-05	1000000.0	2
20170214_150253	91.3	-1.54785675e-05	1000000.0	2
20170214_150303	91.3	0.000179316741	1000000.0	2
20170214_150313	91.3	9.73691101e-05	1000000.0	2
20170214_150323	91.1	-0.000123740897	1000000.0	2
20170214_150333	91.1	-9.04079513e-05	1000000.0	2
20170214_150344	90.9	-0.000129646755	1000000.0	2
20170214_150353	90.9	2.1994067e-05	1000000.0	2
20170214_150403	90.5	-3.41169687e-05	1000000.0	2
20170214_150413	90.7	0.000125590597	1000000.0	2
20170214_150423	90.7	0.000145196091	1000000.0	2
20170214_150433	90.5	-0.000157450195	1000000.0	2
20170214_150443	90.5	-6.11502805e-05	1000000.0	2
20170214_150453	91.1	4.27867819e-05	1000000.0	2
20170214_150503	91.1	8.5718933e-05	1000000.0	2
20170214_150513	90.9	0.000157898508	1000000.0	2
20170214_150523	91.1	0.000147550918	1000000.0	2
20170214_150533	91.6	0.000167490013	1000000.0	2
20170214_150544	91.6	0.000157212528	1000000.0	2
20170214_150553	91.5	-1.39752531e-05	1000000.0	2
20170214_150603	91.3	-9.79851744e-06	1000000.0	2
20170214_150613	91.6	8.72488023e-05	1000000.0	2
20170214_150623	92.0	0.000110167235	1000000.0	2
20170214_150633	91.6	5.79519599e-05	1000000.0	2
20170214_150643	91.6	5.58571642e-06	1000000.0	2
20170214_150653	91.6	-0.000147327256	1000000.0	2
20170214_150703	92.2	1.26681744e-05	1000000.0	2
20170214_150713	90.9	0.000133123716	1000000.0	2
20170214_150723	90.9	9.98484661e-05	1000000.0	2
20170214_150733	91.1	8.97983693e-05	1000000.0	2
20170214_150743	91.1	0.000136586993	1000000.0	2
20170214_150753	90.5	0.000156549393	1000000.0	2
20170214_150803	90.5	0.000115440368	1000000.0	2
20170214_150813	90.5	-4.22509449e-05	1000000.0	2
20170214_150823	90.0	-9.97584189e-05	1000000.0	2
20170214_150833	90.1	-0.000131223474	1000000.0	2
20170214_150843	90.1	-0.000154821756	1000000.0	2
20170214_150853	90.0	-0.000143852132	1000000.0	2
20170214_150903	90.1	4.69581665e-05	1000000.0	2
20170214_150913	90.0	7.16709052e-05	1000000.0	2
20170214_150923	90.3	0.000145502854	1000000.0	2
20170214_150933	91.1	0.000172626749	1000000.0	2
20170214_150943	90.5	3.10268621e-05	1000000.0	2
20170214_150953	90.9	5.13323372e-05	1000000.0	2
20170214_151003	91.1	0.000101894319	1000000.0	2
20170214_151013	91.5	7.98569284e-05	1000000.0	2
20170214_151023	91.1	3.90586256e-05	1000000.0	2
20170214_151033	90.7	-1.34896054e-05	1000000.0	2
20170214_151043	91.3	6.07164939e-05	1000000.0	2
20170214_151053	90.7	1.33745068e-05	1000000.0	2
20170214_151103	90.7	-0.000200068101	1000000.0	2
20170214_151113	90.7	0.000118436629	1000000.0	2
20170214_151123	91.5	4.22971553e-05	1000000.0	2
20170214_151133	91.6	7.66117098e-06	1000000.0	2
20170214_151143	91.3	4.43034552e-05	1000000.0	2
20170214_151153	90.7	1.31562952e-05	1000000.0	2
20170214_151203	90.3	0.000136684013	1000000.0	2
20170214_151214	90.5	2.68997381e-05	1000000.0	2
20170214_151224	90.1	-1.52148739e-05	1000000.0	2
20170214_151234	90.1	0.000122953323	1000000.0	2
20170214_151244	90.3	-5.34910525e-05	1000000.0	2
20170214_151254	90.3	0.000152720283	1000000.0	2
20170214_151304	90.5	0.000137611288	1000000.0	2
20170214_151314	90.3	-0.000152507226	1000000.0	2
20170214_151324	90.3	0.000163099369	1000000.0	2
20170214_151334	90.0	4.56198877e-05	1000000.0	2
20170214_151344	90.1	4.51102328e-05	1000000.0	2
20170214_151354	90.1	-0.000155379242	1000000.0	2
20170214_151404	90.0	0.00014052409	1000000.0	2
20170214_151414	90.1	-0.000123352865	1000000.0	2
20170214_151424	90.3	-3.85827283e-05	1000000.0	2
20170214_151434	90.1	-0.00015483326	1000000.0	2
20170214_151444	90.1	0.000166311006	1000000.0	2
20170214_151454	89.0	-0.000273834031	1000000.0	2
20170214_151504	89.0	-8.57268405e-06	1000000.0	2
20170214_151514	89.2	-0.00015930336	1000000.0	2
20170214_151524	89.4	0.000120567383	1000000.0	2
20170214_151534	89.4	-7.69216134e-05	1000000.0	2
20170214_151544	89.4	4.05215723e-05	1000000.0	2
20170214_151554	89.6	-0.000123754476	1000000.0	2
20170214_151604	89.6	-0.000147467836	1000000.0	2
20170214_151614	89.6	-3.73267346e-05	1000000.0	2
20170214_151624	89.4	0.000159593124	1000000.0	2
20170214_151634	89.6	-0.000123971025	1000000.0	2
20170214_151644	89.8	6.28454696e-05	1000000.0	2
20170214_151654	89.8	9.18604565e-05	1000000.0	2
20170214_151704	90.0	4.0857563e-05	1000000.0	2
20170214_151714	90.0	8.00516816e-05	1000000.0	2
20170214_151724	90.1	1.86374894e-05	1000000.0	2
20170214_151734	90.1	-0.000154038355	1000000.0	2
20170214_151744	90.0	3.75134524e-05	1000000.0	2
20170214_151754	90.3	6.20663028e-05	1000000.0	2
20170214_151804	89.8	-0.000159129861	1000000.0	2
20170214_151814	90.5	-6.46512679e-05	1000000.0	2
20170214_151824	90.7	0.000145954744	1000000.0	2
20170214_151834	90.5	-7.79867036e-05	1000000.0	2
20170214_151844	90.9	6.42899663e-05	1000000.0	2
20170214_151854	90.7	0.000113765431	1000000.0	2
20170214_151904	90.9	3.35951604e-05	1000000.0	2
20170214_151914	90.7	-0.000126653254	1000000.0	2
20170214_151924	90.7	0.000140411693	1000000.0	2
20170214_151934	90.9	4.19756188e-05	1000000.0	2
20170214_151944	90.9	4.05592491e-05	1000000.0	2
20170214_151954	90.7	1.58867818e-05	1000000.0	2
20170214_152004	90.7	-0.000138531228	1000000.0	2
20170214_152014	90.9	-3.55653905e-05	1000000.0	2
20170214_152024	89.8	-4.26044141e-05	1000000.0	2
20170214_152034	89.6	5.04286128e-05	1000000.0	2
20170214_152044	89.6	-4.46617027e-05	1000000.0	2
20170214_152054	89.8	1.42464381e-05	1000000.0	2
20170214_152104	90.0	-0.000158128846	1000000.0	2
20170214_152114	90.0	0.000114734517	1000000.0	2
20170214_152124	89.8	-0.000109779634	1000000.0	2
20170214_152134	90.0	-7.76109221e-05	1000000.0	2
20170214_152144	90.0	-0.000145109993	1000000.0	2
20170214_152154	89.8	-5.45098844e-05	1000000.0	2
20170214_152204	89.8	3.14573648e-05	1000000.0	2
20170214_152214	89.6	9.03493525e-05	1000000.0	2
20170214_152224	90.0	-6.08643163e-05	1000000.0	2
20170214_152234	90.0	0.000158473339	1000000.0	2
20170214_152244	90.0	9.75585619e-05	1000000.0	2
20170214_152254	90.3	0.000111191906	1000000.0	2
20170214_152304	90.3	-0.000142033322	1000000.0	2
20170214_152314	90.7	4.27913279e-05	1000000.0	2
20170214_152324	90.5	5.63619016e-05	1000000.0	2
20170214_152334	90.5	-3.68036039e-05	1000000.0	2
20170214_152344	90.7	0.000149498299	1000000.0	2
20170214_152354	90.0	-0.000147996991	1000000.0	2
20170214_152404	91.5	-2.28898954e-05	1000000.0	2
20170214_152414	92.2	2.55238677e-05	1000000.0	2
20170214_152424	92.2	-8.27363479e-05	1000000.0	2
20170214_152434	92.6	-0.000143728337	1000000.0	2
20170214_152444	92.2	9.7954664e-05	1000000.0	2
20170214_152454	91.8	-8.56669592e-05	1000000.0	2
20170214_152504	90.9	-1.52186946e-05	1000000.0	2
20170214_152514	92.2	-2.84946881e-05	1000000.0	2
20170214_152524	92.0	-9.86965238e-05	1000000.0	2
20170214_152534	92.4	-9.40647038e-05	1000000.0	2
20170214_152544	91.8	-0.000137733532	1000000.0	2
20170214_152554	92.0	1.51700755e-05	1000000.0	2
20170214_152604	92.2	5.16022985e-07	1000000.0	2
20170214_152614	92.2	0.000113328595	1000000.0	2
20170214_152624	92.2	1.40507794e-05	1000000.0	2
20170214_152634	92.2	-0.000138100806	1000000.0	2
20170214_152644	92.2	0.000101692694	1000000.0	2
20170214_152654	92.2	-0.000162204563	1000000.0	2
20170214_152704	92.2	8.20889242e-05	1000000.0	2
20170214_152714	92.4	-0.000106151504	1000000.0	2
20170214_152724	92.4	-9.56714182e-05	1000000.0	2
20170214_152734	92.2	-4.68666267e-05	1000000.0	2
20170214_152744	92.4	1.06884083e-05	1000000.0	2
20170214_152754	92.2	9.30184602e-05	1000000.0	2
20170214_152804	92.4	1.72082286e-05	1000000.0	2
20170214_152814	92.4	-7.94100479e-05	1000000.0	2
20170214_152824	92.4	-0.00013102221	1000000.0	2
20170214_152834	92.2	7.88872078e-05	1000000.0	2
20170214_152844	92.4	-3.48258456e-05	1000000.0	2
20170214_152854	92.4	-6.68334227e-05	1000000.0	2
20170214_152904	92.4	-0.000167366263	1000000.0	2
20170214_152914	91.8	1.31121734e-05	1000000.0	2
20170214_152924	91.8	-7.8864518e-05	1000000.0	2
20170214_152934	92.2	1.81720944e-05	1000000.0	2
20170214_152944	92.0	0.000162070603	1000000.0	2
20170214_152954	92.0	8.01716468e-05	1000000.0	2
20170214_153004	92.0	-3.93745007e-05	1000000.0	2
20170214_153014	92.4	-3.47758056e-05	1000000.0	2
20170214_153024	92.2	-7.2316338e-05	1000000.0	2
20170214_153034	92.4	-0.000147647289	1000000.0	2
20170214_153044	92.0	-6.40369548e-05	1000000.0	2
20170214_153054	92.0	-8.95319603e-05	1000000.0	2
20170214_153104	91.8	4.04977721e-05	1000000.0	2
20170214_153114	92.2	-8.72305521e-06	1000000.0	2
20170214_153124	92.0	-0.000171747201	1000000.0	2
20170214_153134	92.0	-9.8126233e-05	1000000.0	2
20170214_153144	92.0	7.81672226e-05	1000000.0	2
20170214_153154	92.2	0.00011727666	1000000.0	2
20170214_153204	92.0	-0.000146049983	1000000.0	2
20170214_153214	92.2	-8.78867183e-05	1000000.0	2
20170214_153224	92.0	9.3814137e-05	1000000.0	2
20170214_153234	92.0	0.000147205718	1000000.0	2
20170214_153244	92.4	0.000492083558	1000000.0	2
20170214_153254	92.2	-2.80452671e-05	1000000.0	2
20170214_153304	91.5	5.63732735e-05	1000000.0	2
20170214_153314	91.1	0.000160499484	1000000.0	2
20170214_153324	90.9	5.9371146e-05	1000000.0	2
20170214_153334	91.1	5.9822596e-05	1000000.0	2
20170214_153344	90.9	-1.51006728e-05	1000000.0	2
20170214_153354	90.9	9.54365999e-05	1000000.0	2
20170214_153404	91.1	6.06662635e-05	1000000.0	2
20170214_153414	90.3	-6.29026081e-05	1000000.0	2
20170214_153424	90.5	-0.000148026085	1000000.0	2
20170214_153434	90.7	9.82487507e-05	1000000.0	2
20170214_153444	91.5	9.9e+37	1000000.0	2
20170214_153454	91.3	-3.69634358e-05	1000000.0	2
20170214_153504	91.3	-8.56781751e-05	1000000.0	2
20170214_153514	91.3	-6.16696053e-05	1000000.0	2
20170214_153524	90.9	0.000170179298	1000000.0	2
20170214_153534	90.9	3.52093505e-05	1000000.0	2
20170214_153543	91.3	1.84321355e-05	1000000.0	2
20170214_153553	91.5	-0.000100155806	1000000.0	2
20170214_153603	90.1	0.00014189918	1000000.0	2
20170214_153613	90.5	3.66292986e-05	1000000.0	2
20170214_153623	90.7	2.78249911e-05	1000000.0	2
20170214_153633	90.5	-0.000145985573	1000000.0	2
20170214_153643	90.9	-0.000141084099	1000000.0	2
20170214_153653	90.0	0.000119610891	1000000.0	2
20170214_153703	90.1	5.60941202e-05	1000000.0	2
20170214_153713	90.1	0.000127531809	1000000.0	2
20170214_153723	90.1	0.000130075276	1000000.0	2
20170214_153733	91.5	-0.000104034137	1000000.0	2
20170214_153743	90.5	-0.000106110578	1000000.0	2
20170214_153753	89.8	-0.000142610722	1000000.0	2
20170214_153803	89.4	4.29979588e-05	1000000.0	2
20170214_153813	90.0	0.000153251108	1000000.0	2
20170214_153823	90.1	8.62222515e-05	1000000.0	2
20170214_153833	89.6	0.000156788286	1000000.0	2
20170214_153843	89.8	0.000156804453	1000000.0	2
20170214_153853	89.8	0.000116934869	1000000.0	2
20170214_153903	90.0	0.000122739021	1000000.0	2
20170214_153913	90.0	1.63765998e-05	1000000.0	2
20170214_153924	90.0	-0.000151865723	1000000.0	2
20170214_153934	90.0	-5.79113443e-05	1000000.0	2
20170214_153944	90.1	-1.45182797e-05	1000000.0	2
20170214_153954	90.0	-1.41330439e-05	1000000.0	2
20170214_154004	90.0	-1.79223431e-05	1000000.0	2
20170214_154014	90.1	-5.1790911e-05	1000000.0	2
20170214_154024	90.1	0.000106323064	1000000.0	2
20170214_154034	90.0	-0.00015672432	1000000.0	2
20170214_154044	90.1	1.68843317e-05	1000000.0	2
20170214_154054	90.1	-6.20429002e-05	1000000.0	2
20170214_154104	90.1	-4.01826663e-05	1000000.0	2
20170214_154114	90.3	0.000152944947	1000000.0	2
20170214_154124	90.3	0.000167823659	1000000.0	2
20170214_154134	90.5	3.5627808e-05	1000000.0	2
20170214_154144	90.7	0.000155832151	1000000.0	2
20170214_154154	90.5	-0.000129343199	1000000.0	2
20170214_154204	90.7	1.49719555e-05	1000000.0	2
20170214_154214	90.7	0.000159538048	1000000.0	2
20170214_154224	90.7	0.000120999242	1000000.0	2
20170214_154234	90.9	-3.75862888e-05	1000000.0	2
20170214_154244	90.9	-5.7777627e-05	1000000.0	2
20170214_154254	90.9	0.000159139359	1000000.0	2
20170214_154304	91.1	8.67090367e-05	1000000.0	2
20170214_154314	91.1	0.000107768066	1000000.0	2
20170214_154324	91.3	7.427316e-06	1000000.0	2
20170214_154334	91.3	-3.46013741e-05	1000000.0	2
20170214_154344	91.5	-0.000160466551	1000000.0	2
20170214_154354	91.3	0.000107913453	1000000.0	2
20170214_154404	91.3	-0.00010177488	1000000.0	2
20170214_154414	91.5	-0.000131880555	1000000.0	2
20170214_154424	91.5	1.59660541e-05	1000000.0	2
20170214_154434	91.3	4.89032625e-05	1000000.0	2
20170214_154444	91.3	-0.000113532143	1000000.0	2
20170214_154454	91.5	2.33461429e-05	1000000.0	2
20170214_154504	91.5	-5.65616145e-05	1000000.0	2
20170214_154514	90.3	0.000146458354	1000000.0	2
20170214_154524	90.5	-0.000124655144	1000000.0	2
20170214_154534	90.7	0.000140014621	1000000.0	2
20170214_154544	90.7	4.24254576e-05	1000000.0	2
20170214_154554	90.3	-9.69620912e-05	1000000.0	2
20170214_154604	90.7	-7.0212516e-05	1000000.0	2
20170214_154614	90.1	-4.28067215e-05	1000000.0	2
20170214_154624	90.3	-3.55309075e-05	1000000.0	2
20170214_154634	90.3	-0.000165353114	1000000.0	2
20170214_154644	90.9	0.00012423656	1000000.0	2
20170214_154654	90.0	-1.36897928e-05	1000000.0	2
20170214_154704	90.1	0.000161679374	1000000.0	2
20170214_154714	90.3	4.10989083e-05	1000000.0	2
20170214_154724	90.1	0.000161378772	1000000.0	2
20170214_154734	90.5	-0.000168221123	1000000.0	2
20170214_154744	90.5	0.000132086759	1000000.0	2
20170214_154754	90.7	2.80400713e-05	1000000.0	2
20170214_154804	90.7	-0.000144063104	1000000.0	2
20170214_154814	92.2	8.29262478e-05	1000000.0	2
20170214_154824	92.2	-0.0001252139	1000000.0	2
20170214_154834	92.4	0.000140651953	1000000.0	2
20170214_154844	92.2	5.82317026e-05	1000000.0	2
20170214_154854	92.0	-1.43496144e-05	1000000.0	2
20170214_154904	91.8	-0.000116457941	1000000.0	2
20170214_154914	92.6	-0.000153314525	1000000.0	2
20170214_154924	92.4	7.58635906e-05	1000000.0	2
20170214_154934	92.2	-0.000118424536	1000000.0	2
20170214_154944	92.2	9.50925103e-05	1000000.0	2
20170214_154954	92.0	-0.000110581873	1000000.0	2
20170214_155004	91.1	0.000153859155	1000000.0	2
20170214_155014	91.6	-6.09135549e-06	1000000.0	2
20170214_155024	91.3	3.75983244e-05	1000000.0	2
20170214_155034	91.5	-0.000142505091	1000000.0	2
20170214_155044	91.5	8.0178188e-05	1000000.0	2
20170214_155054	91.5	3.20706868e-05	1000000.0	2
20170214_155104	91.8	-0.00014467326	1000000.0	2
20170214_155114	91.6	0.000134774106	1000000.0	2
20170214_155124	91.5	-9.1967513e-05	1000000.0	2
20170214_155134	91.6	-3.6191736e-05	1000000.0	2
20170214_155144	91.8	4.06186692e-05	1000000.0	2
20170214_155154	91.8	0.000127302966	1000000.0	2
20170214_155204	91.8	-0.000112830729	1000000.0	2
20170214_155214	91.8	-8.08105495e-05	1000000.0	2
20170214_155224	92.0	1.51911247e-05	1000000.0	2
20170214_155234	92.0	-4.25736569e-06	1000000.0	2
20170214_155244	92.0	-9.48006975e-05	1000000.0	2
20170214_155254	91.6	0.000143479789	1000000.0	2
20170214_155304	91.8	0.000156072906	1000000.0	2
20170214_155314	91.8	-0.000135450812	1000000.0	2
20170214_155324	92.0	-5.96887764e-05	1000000.0	2
20170214_155334	92.0	0.000108938976	1000000.0	2
20170214_155344	91.8	0.000157207538	1000000.0	2
20170214_155354	92.2	-0.000148761749	1000000.0	2
20170214_155404	91.6	0.000105957246	1000000.0	2
20170214_155414	91.3	-8.74631767e-05	1000000.0	2
20170214_155424	91.8	-1.75674061e-05	1000000.0	2
20170214_155434	92.0	0.000104485248	1000000.0	2
20170214_155444	91.6	-0.000173784852	1000000.0	2
20170214_155454	91.3	0.000158877837	1000000.0	2
20170214_155504	91.3	-4.12357742e-05	1000000.0	2
20170214_155514	91.6	1.66554673e-05	1000000.0	2
20170214_155524	91.8	0.00012188864	1000000.0	2
20170214_155534	91.5	-0.000106196693	1000000.0	2
20170214_155544	91.5	0.000166669848	1000000.0	2
20170214_155554	91.8	-6.79868506e-05	1000000.0	2
20170214_155604	91.8	0.000142651705	1000000.0	2
20170214_155614	91.8	-7.09462403e-05	1000000.0	2
20170214_155624	91.8	3.84774469e-05	1000000.0	2
20170214_155634	91.6	-0.000111168765	1000000.0	2
20170214_155644	91.6	0.00013850155	1000000.0	2
20170214_155654	91.8	-1.0844927e-05	1000000.0	2
20170214_155704	91.6	0.000157598833	1000000.0	2
20170214_155714	91.6	1.20401771e-05	1000000.0	2
20170214_155724	91.5	0.000128080412	1000000.0	2
20170214_155734	91.5	-0.000118219681	1000000.0	2
20170214_155744	91.6	0.000144399222	1000000.0	2
20170214_155754	91.6	-0.000135031906	1000000.0	2
20170214_155804	91.8	-7.83397687e-05	1000000.0	2
20170214_155814	91.8	-0.000143390374	1000000.0	2
20170214_155824	91.8	0.000115425041	1000000.0	2
20170214_155834	92.0	-0.000145180578	1000000.0	2
20170214_155844	91.6	6.18509513e-05	1000000.0	2
20170214_155854	91.5	0.000164451102	1000000.0	2
20170214_155904	91.8	0.000168559442	1000000.0	2
20170214_155914	91.8	8.19142606e-05	1000000.0	2
20170214_155924	92.0	1.24854018e-05	1000000.0	2
20170214_155934	92.0	1.22025603e-05	1000000.0	2
20170214_155944	92.0	-0.000131365171	1000000.0	2
20170214_155954	92.0	1.60634255e-05	1000000.0	2
20170214_160004	92.0	7.38692225e-06	1000000.0	2
20170214_160014	91.8	-8.20920015e-05	1000000.0	2
20170214_160024	91.8	-0.000122936649	1000000.0	2
20170214_160034	92.0	-0.000159659853	1000000.0	2
20170214_160044	92.0	-4.38746034e-05	1000000.0	2
20170214_160054	92.0	-0.000161245008	1000000.0	2
20170214_160104	91.8	4.8627403e-05	1000000.0	2
20170214_160114	90.5	4.39414379e-05	1000000.0	2
20170214_160124	90.1	-0.000145056917	1000000.0	2
20170214_160134	90.1	-3.99230137e-05	1000000.0	2
20170214_160144	91.3	-0.000165011586	1000000.0	2
20170214_160154	90.1	-0.000116838729	1000000.0	2
20170214_160204	90.1	1.7518759e-05	1000000.0	2
20170214_160214	90.0	-0.000137826584	1000000.0	2
20170214_160224	90.3	-9.11130064e-05	1000000.0	2
20170214_160234	90.3	-7.50148907e-05	1000000.0	2
20170214_160244	90.3	4.16034123e-05	1000000.0	2
20170214_160254	90.3	3.53909556e-05	1000000.0	2
20170214_160304	90.5	1.0023142e-05	1000000.0	2
20170214_160314	90.3	9.68554503e-05	1000000.0	2
20170214_160324	90.5	-0.000163317058	1000000.0	2
20170214_160334	90.5	-0.00010278294	1000000.0	2
20170214_160344	90.3	-1.01047338e-05	1000000.0	2
20170214_160354	90.3	-4.16686188e-05	1000000.0	2
20170214_160404	90.5	4.09461454e-05	1000000.0	2
20170214_160414	90.3	-7.58052639e-05	1000000.0	2
20170214_160424	90.3	-5.58362704e-05	1000000.0	2
20170214_160434	90.3	-0.000119743049	1000000.0	2
20170214_160444	90.3	0.000169390214	1000000.0	2
20170214_160454	90.3	-0.000154625962	1000000.0	2
20170214_160504	90.3	-0.000156693331	1000000.0	2
20170214_160514	90.3	-3.51613648e-05	1000000.0	2
20170214_160524	90.0	-0.00017340035	1000000.0	2
20170214_160534	90.0	0.000160835659	1000000.0	2
20170214_160544	90.1	-0.00014617604	1000000.0	2
20170214_160554	90.3	-0.000172415502	1000000.0	2
20170214_160604	90.3	-0.000154513534	1000000.0	2
20170214_160614	90.3	-1.45409421e-05	1000000.0	2
20170214_160624	90.5	3.6398256e-05	1000000.0	2
20170214_160634	90.5	1.85195893e-05	1000000.0	2
20170214_160644	90.7	0.000125779204	1000000.0	2
20170214_160654	90.9	-6.88547507e-05	1000000.0	2
20170214_160704	91.3	3.06576324e-05	1000000.0	2
20170214_160714	91.8	-0.000140241906	1000000.0	2
20170214_160724	91.5	-0.000114868535	1000000.0	2
20170214_160734	91.8	-4.13600202e-05	1000000.0	2
20170214_160744	91.5	-0.000162678433	1000000.0	2
20170214_160754	91.6	-0.000145863492	1000000.0	2
20170214_160804	91.8	2.29691862e-05	1000000.0	2
20170214_160814	91.6	6.13896778e-05	1000000.0	2
20170214_160824	91.5	0.000129489478	1000000.0	2
20170214_160834	91.6	9.9e+37	1000000.0	2
20170214_160844	91.3	-0.000115186874	1000000.0	2
20170214_160854	91.3	-6.76909404e-05	1000000.0	2
20170214_160904	91.3	-0.000123231678	1000000.0	2
20170214_160914	89.8	5.81685327e-05	1000000.0	2
20170214_160924	90.5	-0.000137691751	1000000.0	2
20170214_160934	90.1	0.000113287792	1000000.0	2
20170214_160944	90.3	0.000127826644	1000000.0	2
20170214_160954	90.9	-4.18990089e-05	1000000.0	2
20170214_161004	91.1	0.000175609389	1000000.0	2
20170214_161014	91.1	-0.000178093845	1000000.0	2
20170214_161024	92.2	-0.0001296737	1000000.0	2
20170214_161034	91.6	-6.01474707e-05	1000000.0	2
20170214_161044	91.8	-8.37924929e-05	1000000.0	2
20170214_161054	92.2	-0.000134406415	1000000.0	2
20170214_161104	92.4	-0.000135376768	1000000.0	2
20170214_161114	92.6	0.000127496386	1000000.0	2
20170214_161124	92.0	0.000154275673	1000000.0	2
20170214_161134	92.4	-0.000181378814	1000000.0	2
20170214_161144	92.6	-0.000164258052	1000000.0	2
20170214_161154	92.4	9.9e+37	1000000.0	2
20170214_161204	92.8	0.000158235038	1000000.0	2
20170214_161214	92.2	0.000157666256	1000000.0	2
20170214_161224	92.6	0.000173488273	1000000.0	2
20170214_161234	92.6	-5.04628562e-05	1000000.0	2
20170214_161244	92.4	-7.35683236e-05	1000000.0	2
20170214_161254	92.0	-0.000136161303	1000000.0	2
20170214_161304	92.2	-0.000171897953	1000000.0	2
20170214_161314	92.0	0.000150947885	1000000.0	2
20170214_161324	92.4	6.25748786e-05	1000000.0	2
20170214_161334	92.2	0.000112697974	1000000.0	2
20170214_161344	92.2	-1.11714306e-05	1000000.0	2
20170214_161354	92.2	-8.08701351e-05	1000000.0	2
20170214_161404	92.0	-0.000148615536	1000000.0	2
20170214_161414	92.2	-8.82389821e-05	1000000.0	2
20170214_161424	92.4	6.12416494e-05	1000000.0	2
20170214_161434	92.2	-3.97473045e-05	1000000.0	2
20170214_161444	92.4	0.000710207854	1000000.0	2
20170214_161454	92.4	9.48221995e-06	1000000.0	2
20170214_161504	92.2	0.000104244696	1000000.0	2
20170214_161514	92.2	-4.64898646e-05	1000000.0	2
20170214_161524	92.2	6.24930522e-05	1000000.0	2
20170214_161534	92.2	0.000177407477	1000000.0	2
20170214_161544	92.0	-3.41356411e-06	1000000.0	2
20170214_161554	92.0	-8.41759785e-05	1000000.0	2
20170214_161604	92.2	-3.88984132e-05	1000000.0	2
20170214_161614	92.2	-0.000171682601	1000000.0	2
20170214_161624	90.5	-0.000158866841	1000000.0	2
20170214_161634	90.7	0.000128107519	1000000.0	2
20170214_161644	91.5	1.37517087e-05	1000000.0	2
20170214_161654	91.3	-3.12184513e-05	1000000.0	2
20170214_161704	91.5	0.000125898873	1000000.0	2
20170214_161714	91.6	5.21596107e-05	1000000.0	2
20170214_161724	91.5	-1.68036107e-05	1000000.0	2
20170214_161734	91.6	-0.00012965876	1000000.0	2
20170214_161744	91.5	9.77616875e-05	1000000.0	2
20170214_161754	91.5	0.000157764828	1000000.0	2
20170214_161804	92.0	-0.000133281307	1000000.0	2
20170214_161814	91.8	6.3901787e-05	1000000.0	2
20170214_161824	91.8	9.78013128e-05	1000000.0	2
20170214_161834	92.0	-0.000115273561	1000000.0	2
20170214_161844	92.2	0.000103056866	1000000.0	2
20170214_161854	92.2	3.71498357e-05	1000000.0	2
20170214_161904	92.2	-6.32918226e-05	1000000.0	2
20170214_161914	92.4	0.000153998305	1000000.0	2
20170214_161924	92.4	0.000123037133	1000000.0	2
20170214_161934	92.4	-8.37026747e-05	1000000.0	2
20170214_161944	92.8	0.000174716345	1000000.0	2
20170214_161954	92.6	0.0001368224	1000000.0	2
20170214_162004	92.8	0.000170621008	1000000.0	2
20170214_162014	91.8	6.32529835e-05	1000000.0	2
20170214_162024	91.6	0.000104060087	1000000.0	2
20170214_162034	91.6	-9.98379065e-05	1000000.0	2
20170214_162044	91.5	-0.000101384631	1000000.0	2
20170214_162054	91.8	0.000142113313	1000000.0	2
20170214_162104	91.8	-6.83458256e-05	1000000.0	2
20170214_162114	91.1	-0.00031279826	1000000.0	2
20170214_162124	91.3	0.0001346232	1000000.0	2
20170214_162134	91.6	8.55110829e-05	1000000.0	2
20170214_162144	92.2	-7.32210582e-05	1000000.0	2
20170214_162154	92.0	-0.000154505981	1000000.0	2
20170214_162204	92.0	0.000158424325	1000000.0	2
20170214_162214	92.4	3.21311862e-05	1000000.0	2
20170214_162224	92.0	-0.000128186102	1000000.0	2
20170214_162234	92.4	0.000105350999	1000000.0	2
20170214_162244	92.0	1.10203849e-05	1000000.0	2
20170214_162254	92.2	-3.87157372e-05	1000000.0	2
20170214_162304	92.2	0.000133868842	1000000.0	2
20170214_162314	92.2	0.000132153813	1000000.0	2
20170214_162324	92.2	-0.000155791358	1000000.0	2
20170214_162334	91.6	1.42406843e-05	1000000.0	2
20170214_162344	91.3	5.83612111e-05	1000000.0	2
20170214_162354	91.6	-1.33836977e-05	1000000.0	2
20170214_162404	91.6	0.000151349846	1000000.0	2
20170214_162414	91.6	-0.000118608632	1000000.0	2
20170214_162424	91.6	5.82416808e-05	1000000.0	2
20170214_162434	92.4	5.93062286e-05	1000000.0	2
20170214_162444	90.0	0.000120228649	1000000.0	2
20170214_162454	89.8	0.000160310216	1000000.0	2
20170214_162504	90.1	-0.000176877649	1000000.0	2
20170214_162514	90.1	9.64194143e-06	1000000.0	2
20170214_162524	90.3	-3.83162918e-05	1000000.0	2
20170214_162534	90.7	-0.000120469303	1000000.0	2
20170214_162544	90.7	0.0001447962	1000000.0	2
20170214_162554	90.5	-0.000153166424	1000000.0	2
20170214_162604	90.7	-1.1774979e-05	1000000.0	2
20170214_162614	90.9	-1.39984858e-05	1000000.0	2
20170214_162624	90.9	-0.000150068803	1000000.0	2
20170214_162634	90.7	-1.39837035e-05	1000000.0	2
20170214_162644	90.7	-0.000115486384	1000000.0	2
20170214_162654	90.9	-0.000165238509	1000000.0	2
20170214_162704	91.1	8.4864207e-05	1000000.0	2
20170214_162714	91.3	5.97122665e-05	1000000.0	2
20170214_162724	91.3	3.93739994e-05	1000000.0	2
20170214_162734	91.5	0.000159416735	1000000.0	2
20170214_162744	91.5	-0.000103813211	1000000.0	2
20170214_162754	91.5	-5.91925084e-05	1000000.0	2
20170214_162804	91.5	-3.41319393e-05	1000000.0	2
20170214_162814	91.5	-6.77400387e-05	1000000.0	2
20170214_162824	91.6	-1.44511559e-05	1000000.0	2
20170214_162834	90.7	4.95858794e-05	1000000.0	2
20170214_162844	90.7	0.000156842402	1000000.0	2
20170214_162854	90.3	9.29730388e-05	1000000.0	2
20170214_162904	90.0	5.90519116e-05	1000000.0	2
20170214_162914	90.9	0.000137231175	1000000.0	2
20170214_162924	90.9	-2.41383817e-05	1000000.0	2
20170214_162934	91.5	-9.44561188e-05	1000000.0	2
20170214_162944	90.1	-3.76039588e-05	1000000.0	2
20170214_162954	90.3	0.000158353673	1000000.0	2
20170214_163004	91.3	-6.9366461e-05	1000000.0	2
20170214_163014	90.5	1.41052073e-05	1000000.0	2
20170214_163024	91.5	0.000143406559	1000000.0	2
20170214_163034	90.9	0.00015055023	1000000.0	2
20170214_163044	90.9	0.000156205689	1000000.0	2
20170214_163054	90.9	0.00015529674	1000000.0	2
20170214_163104	90.9	0.000138609163	1000000.0	2
20170214_163114	91.1	4.90306704e-05	1000000.0	2
20170214_163124	90.9	-0.000150251171	1000000.0	2
20170214_163134	90.7	-1.69422037e-05	1000000.0	2
20170214_163144	91.1	0.000100498624	1000000.0	2
20170214_163154	90.9	0.000147653323	1000000.0	2
20170214_163204	91.1	-0.000155574045	1000000.0	2
20170214_163214	90.7	8.93416628e-05	1000000.0	2
20170214_163224	90.7	-2.51943917e-05	1000000.0	2
20170214_163234	90.9	5.09355223e-05	1000000.0	2
20170214_163244	90.7	-0.000182693578	1000000.0	2
20170214_163254	90.7	4.46848781e-05	1000000.0	2
20170214_163304	91.1	0.000103882974	1000000.0	2
20170214_163314	90.9	-1.85235111e-05	1000000.0	2
20170214_163324	90.9	-0.000147266792	1000000.0	2
