20170207_151451	23.6	-0.000139991254	1000000.0	2
20170207_151501	23.6	-4.15769561e-06	1000000.0	2
20170207_151511	23.6	-0.000102691686	1000000.0	2
20170207_151521	23.6	-0.000153276334	1000000.0	2
20170207_151531	23.6	9.01254062e-05	1000000.0	2
20170207_151541	23.8	-0.000175338535	1000000.0	2
20170207_151551	23.6	-0.000117788431	1000000.0	2
20170207_151601	23.6	-0.000127396735	1000000.0	2
20170207_151611	23.6	-0.000129973989	1000000.0	2
20170207_151621	23.6	-0.00016930114	1000000.0	2
20170207_151631	23.6	-0.000149747153	1000000.0	2
20170207_151641	23.6	-0.00011963994	1000000.0	2
20170207_151651	23.6	-0.000165105379	1000000.0	2
20170207_151701	23.8	0.000124350112	1000000.0	2
20170207_151711	23.6	0.000154291732	1000000.0	2
20170207_151721	23.6	0.000156758146	1000000.0	2
20170207_151731	23.6	-9.30771459e-05	1000000.0	2
20170207_151741	23.6	-0.000151020279	1000000.0	2
20170207_151751	23.6	-3.99246379e-05	1000000.0	2
20170207_151801	23.6	6.03818278e-05	1000000.0	2
20170207_151811	23.6	0.000137206784	1000000.0	2
20170207_151821	23.6	0.00015820927	1000000.0	2
20170207_151831	23.8	-1.01574243e-05	1000000.0	2
20170207_151841	23.6	-0.000136099677	1000000.0	2
20170207_151851	23.6	0.00015602069	1000000.0	2
20170207_151901	23.6	0.000157561053	1000000.0	2
20170207_151911	23.8	0.000103505403	1000000.0	2
20170207_151921	23.4	-0.00450004356	1000000.0	2
20170207_151931	23.6	-0.000603347104	1000000.0	2
20170207_151941	23.6	-0.000196950201	1000000.0	2
20170207_151951	23.8	-4.09068278e-05	1000000.0	2
20170207_152001	23.8	-6.65490431e-06	1000000.0	2
20170207_152011	23.6	2.38490534e-05	1000000.0	2
20170207_152021	23.8	-3.57387438e-05	1000000.0	2
20170207_152031	23.6	9.9e+37	1000000.0	2
20170207_152041	23.6	0.00015115033	1000000.0	2
20170207_152051	23.6	0.00015115673	1000000.0	2
20170207_152101	23.6	6.97100543e-05	1000000.0	2
20170207_152111	23.4	0.000147031257	1000000.0	2
20170207_152121	23.4	3.80591527e-05	1000000.0	2
20170207_152131	23.6	-6.68215355e-05	1000000.0	2
20170207_152141	23.4	-0.000128738169	1000000.0	2
20170207_152151	23.6	-0.000123052292	1000000.0	2
20170207_152201	23.6	4.34180173e-05	1000000.0	2
20170207_152211	23.4	0.000156099285	1000000.0	2
20170207_152221	23.4	4.54070498e-05	1000000.0	2
20170207_152231	23.6	-0.000136646985	1000000.0	2
20170207_152241	23.4	9.48871586e-05	1000000.0	2
20170207_152251	23.8	0.000141793574	1000000.0	2
20170207_152301	23.6	-1.8542586e-05	1000000.0	2
20170207_152311	23.6	4.21514463e-05	1000000.0	2
20170207_152321	24.0	-0.00016350341	1000000.0	2
20170207_152331	24.2	5.04057875e-06	1000000.0	2
20170207_152341	24.8	0.000140514588	1000000.0	2
20170207_152351	25.1	1.09487044e-05	1000000.0	2
20170207_152401	25.9	-0.000124051974	1000000.0	2
20170207_152411	26.5	1.72599484e-05	1000000.0	2
20170207_152421	26.9	0.000154143106	1000000.0	2
20170207_152431	27.8	-7.26847273e-05	1000000.0	2
20170207_152441	28.4	-8.47275493e-05	1000000.0	2
20170207_152451	29.4	0.000132226668	1000000.0	2
20170207_152501	30.1	-0.000116757956	1000000.0	2
20170207_152511	30.9	-0.000117091559	1000000.0	2
20170207_152521	31.7	3.86413345e-05	1000000.0	2
20170207_152531	32.3	8.8850768e-05	1000000.0	2
20170207_152541	33.2	-0.000113200792	1000000.0	2
20170207_152551	34.0	4.99538967e-05	1000000.0	2
20170207_152601	34.8	-8.77761304e-06	1000000.0	2
20170207_152611	35.5	6.85035043e-07	1000000.0	2
20170207_152621	36.3	-0.000149861408	1000000.0	2
20170207_152631	36.9	6.61124023e-05	1000000.0	2
20170207_152641	37.8	4.56241945e-05	1000000.0	2
20170207_152651	38.8	9.9e+37	1000000.0	2
20170207_152701	39.4	0.000110986917	1000000.0	2
20170207_152711	40.1	0.000153085186	1000000.0	2
20170207_152721	41.1	-0.000158256071	1000000.0	2
20170207_152731	41.8	0.000112687578	1000000.0	2
20170207_152741	42.4	3.02808416e-05	1000000.0	2
20170207_152751	43.2	-0.000107395376	1000000.0	2
20170207_152801	43.7	0.00010618991	1000000.0	2
20170207_152811	44.3	8.5547409e-05	1000000.0	2
20170207_152821	45.0	-0.000144948482	1000000.0	2
20170207_152831	45.8	-0.000142026484	1000000.0	2
20170207_152841	46.2	0.00013044293	1000000.0	2
20170207_152851	46.9	-3.07327267e-05	1000000.0	2
20170207_152901	47.7	0.000104104173	1000000.0	2
20170207_152911	48.1	0.000114372209	1000000.0	2
20170207_152921	48.8	-4.26769674e-05	1000000.0	2
20170207_152931	49.4	1.53323979e-05	1000000.0	2
20170207_152941	49.8	0.000133669092	1000000.0	2
20170207_152951	50.5	-4.39304596e-05	1000000.0	2
20170207_153001	50.9	0.000142335854	1000000.0	2
20170207_153011	51.5	-5.68346082e-05	1000000.0	2
20170207_153021	52.0	-0.000156691177	1000000.0	2
20170207_153031	52.6	-8.54551176e-05	1000000.0	2
20170207_153041	53.2	6.80704297e-05	1000000.0	2
20170207_153051	53.7	8.55847411e-05	1000000.0	2
20170207_153101	54.3	-7.45778322e-05	1000000.0	2
20170207_153111	54.7	-0.000113227836	1000000.0	2
20170207_153121	55.0	6.41522048e-05	1000000.0	2
20170207_153131	55.8	7.89263631e-05	1000000.0	2
20170207_153141	56.4	-7.42679588e-05	1000000.0	2
20170207_153151	56.7	-0.000144729707	1000000.0	2
20170207_153201	57.1	-0.000118358171	1000000.0	2
20170207_153211	57.7	6.59320371e-05	1000000.0	2
20170207_153221	58.1	0.000154849956	1000000.0	2
20170207_153231	58.6	-1.66994438e-05	1000000.0	2
20170207_153241	59.0	-8.53370947e-06	1000000.0	2
20170207_153251	59.4	-1.59300624e-05	1000000.0	2
20170207_153301	60.0	-0.000150466679	1000000.0	2
20170207_153311	60.5	8.14936904e-05	1000000.0	2
20170207_153321	60.7	2.48599908e-05	1000000.0	2
20170207_153331	61.3	2.08261975e-05	1000000.0	2
20170207_153341	61.6	-7.83965006e-05	1000000.0	2
20170207_153351	61.8	-0.00011523323	1000000.0	2
20170207_153401	62.2	5.70800374e-05	1000000.0	2
20170207_153411	62.8	0.000128961893	1000000.0	2
20170207_153421	63.0	-2.30069075e-05	1000000.0	2
20170207_153431	63.5	-0.000136377034	1000000.0	2
20170207_153441	64.1	-9.25098227e-05	1000000.0	2
20170207_153451	64.5	1.87446159e-05	1000000.0	2
20170207_153501	64.7	-0.000153945652	1000000.0	2
20170207_153511	65.4	-0.000140474235	1000000.0	2
20170207_153521	65.8	-0.000117675672	1000000.0	2
20170207_153531	66.2	0.000151277328	1000000.0	2
20170207_153541	66.6	0.000147893508	1000000.0	2
20170207_153551	66.9	0.000161333391	1000000.0	2
20170207_153601	67.3	-3.76598435e-06	1000000.0	2
20170207_153611	67.7	2.00564237e-05	1000000.0	2
20170207_153621	67.9	1.11638877e-05	1000000.0	2
20170207_153631	68.3	-0.000146437613	1000000.0	2
20170207_153641	68.6	-2.42527993e-05	1000000.0	2
20170207_153651	68.8	-0.000145831522	1000000.0	2
20170207_153701	69.0	0.000147228793	1000000.0	2
20170207_153711	69.2	1.12296331e-05	1000000.0	2
20170207_153721	69.6	-1.70176039e-05	1000000.0	2
20170207_153731	69.8	-1.29864904e-05	1000000.0	2
20170207_153741	70.3	6.33856198e-06	1000000.0	2
20170207_153751	70.5	0.000116984974	1000000.0	2
20170207_153801	70.9	8.53634796e-05	1000000.0	2
20170207_153811	71.3	5.25449943e-05	1000000.0	2
20170207_153821	71.5	-0.000135471365	1000000.0	2
20170207_153831	71.8	-8.3882825e-05	1000000.0	2
20170207_153841	72.0	0.000142855387	1000000.0	2
20170207_153851	72.4	-3.02991897e-05	1000000.0	2
20170207_153901	72.6	-0.000105471925	1000000.0	2
20170207_153911	73.2	4.6734771e-05	1000000.0	2
20170207_153921	73.2	3.58242901e-05	1000000.0	2
20170207_153931	73.5	0.000129039733	1000000.0	2
20170207_153941	73.9	3.05479514e-05	1000000.0	2
20170207_153951	74.1	-3.86738328e-05	1000000.0	2
20170207_154001	74.3	-4.24018054e-05	1000000.0	2
20170207_154011	74.7	-1.04510751e-05	1000000.0	2
20170207_154021	74.9	0.000110723761	1000000.0	2
20170207_154031	75.0	-0.000112869377	1000000.0	2
20170207_154041	75.2	-0.000123802942	1000000.0	2
20170207_154051	75.4	-9.38873488e-05	1000000.0	2
20170207_154101	75.6	-6.37981501e-05	1000000.0	2
20170207_154111	75.8	9.44402195e-05	1000000.0	2
20170207_154121	75.8	0.000148141253	1000000.0	2
20170207_154131	75.8	4.50663338e-05	1000000.0	2
20170207_154141	76.2	-0.00010075062	1000000.0	2
20170207_154151	76.2	-5.00374414e-05	1000000.0	2
20170207_154201	76.4	-0.000147440478	1000000.0	2
20170207_154211	76.6	-3.6035043e-06	1000000.0	2
20170207_154221	76.9	0.000125181583	1000000.0	2
20170207_154231	75.8	0.000112069725	1000000.0	2
20170207_154241	76.7	0.000155999866	1000000.0	2
20170207_154251	76.9	8.82039998e-05	1000000.0	2
20170207_154301	77.5	-0.000144713929	1000000.0	2
20170207_154311	77.5	1.54801832e-05	1000000.0	2
20170207_154321	77.9	1.89236548e-05	1000000.0	2
20170207_154331	78.1	2.42964217e-05	1000000.0	2
20170207_154341	78.3	1.72586595e-05	1000000.0	2
20170207_154351	78.8	-0.000109632973	1000000.0	2
20170207_154401	78.8	0.000106557436	1000000.0	2
20170207_154411	79.0	-0.000111189584	1000000.0	2
20170207_154421	79.2	0.000134570614	1000000.0	2
20170207_154431	79.4	-0.000114648167	1000000.0	2
20170207_154441	79.6	-0.000124404623	1000000.0	2
20170207_154451	79.6	-0.000143069282	1000000.0	2
20170207_154501	79.8	-0.000148372133	1000000.0	2
20170207_154511	80.0	-0.00010250973	1000000.0	2
20170207_154521	80.1	-0.000149205675	1000000.0	2
20170207_154531	80.3	-0.000161433586	1000000.0	2
20170207_154541	80.3	-0.000128721617	1000000.0	2
20170207_154551	80.5	8.29192695e-05	1000000.0	2
20170207_154601	80.7	-4.69989999e-05	1000000.0	2
20170207_154611	80.7	-8.70995464e-05	1000000.0	2
20170207_154621	81.3	-2.06740887e-05	1000000.0	2
20170207_154631	81.6	-9.77239747e-05	1000000.0	2
20170207_154641	81.8	-0.00012806752	1000000.0	2
20170207_154651	81.8	-0.00014182887	1000000.0	2
20170207_154701	81.6	-0.000139773302	1000000.0	2
20170207_154711	81.8	0.000107292885	1000000.0	2
20170207_154721	82.0	4.97021523e-05	1000000.0	2
20170207_154731	82.2	-4.16364725e-05	1000000.0	2
20170207_154741	82.8	-0.000138376765	1000000.0	2
20170207_154751	83.2	-6.42534441e-05	1000000.0	2
20170207_154801	83.5	-4.74533766e-05	1000000.0	2
20170207_154811	83.7	0.000127037168	1000000.0	2
20170207_154821	83.9	0.000135905401	1000000.0	2
20170207_154831	83.9	-1.37420509e-05	1000000.0	2
20170207_154841	84.1	5.05753384e-05	1000000.0	2
20170207_154851	84.1	-7.48907262e-05	1000000.0	2
20170207_154901	83.7	-0.000142118314	1000000.0	2
20170207_154911	83.9	-3.84787491e-05	1000000.0	2
20170207_154921	84.1	0.000148064459	1000000.0	2
20170207_154931	84.1	-4.33542537e-05	1000000.0	2
20170207_154941	84.3	-0.000145482607	1000000.0	2
20170207_154951	84.3	8.05990919e-05	1000000.0	2
20170207_155001	84.5	0.000149297509	1000000.0	2
20170207_155011	84.5	-6.60962098e-05	1000000.0	2
20170207_155021	84.5	-0.000129206134	1000000.0	2
20170207_155031	84.5	0.000102764688	1000000.0	2
20170207_155041	84.9	0.000116781905	1000000.0	2
20170207_155051	84.9	-0.000109191406	1000000.0	2
20170207_155101	84.9	-2.24174124e-05	1000000.0	2
20170207_155111	85.0	1.85301316e-05	1000000.0	2
20170207_155121	84.9	0.00011552237	1000000.0	2
20170207_155131	84.7	-6.06069561e-05	1000000.0	2
20170207_155141	84.7	7.27689561e-05	1000000.0	2
20170207_155151	84.7	6.32813178e-05	1000000.0	2
20170207_155201	84.7	0.000110926356	1000000.0	2
20170207_155211	84.9	0.000110968331	1000000.0	2
20170207_155221	84.7	4.60132307e-05	1000000.0	2
20170207_155231	85.0	2.14631592e-05	1000000.0	2
20170207_155241	85.2	-4.78248264e-05	1000000.0	2
20170207_155251	85.4	9.089998e-05	1000000.0	2
20170207_155301	85.8	6.88655844e-05	1000000.0	2
20170207_155311	86.0	0.000139315695	1000000.0	2
20170207_155321	86.4	0.000137418594	1000000.0	2
20170207_155331	86.6	0.000121949345	1000000.0	2
20170207_155341	86.6	-8.07536671e-05	1000000.0	2
20170207_155351	86.4	-0.000103491524	1000000.0	2
20170207_155401	86.4	-8.10651545e-05	1000000.0	2
20170207_155411	86.6	2.90877307e-05	1000000.0	2
20170207_155421	86.6	4.61011735e-05	1000000.0	2
20170207_155431	86.7	-6.77279903e-05	1000000.0	2
20170207_155441	86.7	-5.95230133e-05	1000000.0	2
20170207_155451	86.4	-9.73750967e-05	1000000.0	2
20170207_155501	86.6	3.73660831e-05	1000000.0	2
20170207_155511	86.2	0.00014683861	1000000.0	2
20170207_155521	86.2	-7.48935357e-05	1000000.0	2
20170207_155531	86.0	-9.36263137e-05	1000000.0	2
20170207_155541	86.2	0.000136670074	1000000.0	2
20170207_155551	86.2	0.00013743614	1000000.0	2
20170207_155601	86.4	-3.40584266e-05	1000000.0	2
20170207_155611	86.4	3.95757297e-05	1000000.0	2
20170207_155621	86.6	5.26012282e-05	1000000.0	2
20170207_155631	86.7	9.41497174e-05	1000000.0	2
20170207_155641	86.7	-2.17275735e-05	1000000.0	2
20170207_155651	86.9	-0.000137926806	1000000.0	2
20170207_155701	87.1	5.32477408e-05	1000000.0	2
20170207_155711	87.1	0.000132977476	1000000.0	2
20170207_155721	87.3	0.000144233986	1000000.0	2
20170207_155731	87.5	0.000125972478	1000000.0	2
20170207_155741	87.5	-0.000162798511	1000000.0	2
20170207_155751	87.7	0.000129433925	1000000.0	2
20170207_155801	87.7	0.000153639807	1000000.0	2
20170207_155811	87.7	2.58807962e-05	1000000.0	2
20170207_155821	87.7	0.000126753888	1000000.0	2
20170207_155831	87.9	0.000100426099	1000000.0	2
20170207_155841	87.9	-3.46450416e-05	1000000.0	2
20170207_155851	87.9	-0.000154652987	1000000.0	2
20170207_155901	87.5	4.97276767e-05	1000000.0	2
20170207_155911	87.9	-4.97929985e-05	1000000.0	2
20170207_155921	88.1	0.000126959091	1000000.0	2
20170207_155931	87.9	2.360065e-05	1000000.0	2
20170207_155941	87.9	-0.000138896991	1000000.0	2
20170207_155951	88.1	0.000149753529	1000000.0	2
20170207_160001	87.9	0.000124072402	1000000.0	2
20170207_160011	87.7	-9.62158554e-06	1000000.0	2
20170207_160021	87.9	7.56293755e-05	1000000.0	2
20170207_160031	87.9	-0.00015393571	1000000.0	2
20170207_160041	87.9	4.5387155e-05	1000000.0	2
20170207_160051	87.9	0.00014178834	1000000.0	2
20170207_160101	88.1	-0.000145652259	1000000.0	2
20170207_160111	87.5	-0.000119218987	1000000.0	2
20170207_160121	87.7	0.000159857538	1000000.0	2
20170207_160131	87.7	1.72620057e-05	1000000.0	2
20170207_160141	87.9	-0.000133867763	1000000.0	2
20170207_160151	87.9	0.000173863642	1000000.0	2
20170207_160201	88.1	4.82841711e-05	1000000.0	2
20170207_160211	88.3	-0.000169698552	1000000.0	2
20170207_160221	88.4	0.00013535731	1000000.0	2
20170207_160231	85.6	8.73262797e-05	1000000.0	2
20170207_160241	87.9	-0.000147213891	1000000.0	2
20170207_160251	88.3	-8.53999095e-05	1000000.0	2
20170207_160301	87.9	-1.53497983e-05	1000000.0	2
20170207_160311	89.2	-5.99503017e-05	1000000.0	2
20170207_160321	87.9	8.42847966e-05	1000000.0	2
20170207_160331	88.3	6.20347189e-05	1000000.0	2
20170207_160341	88.6	-0.000173284203	1000000.0	2
20170207_160351	88.4	9.9e+37	1000000.0	2
20170207_160401	88.8	-1.87695262e-06	1000000.0	2
20170207_160411	89.2	-8.23055432e-05	1000000.0	2
20170207_160421	89.4	0.000151928227	1000000.0	2
20170207_160431	89.2	-0.000146420576	1000000.0	2
20170207_160441	89.8	-9.88345117e-05	1000000.0	2
20170207_160451	90.1	-4.35333458e-05	1000000.0	2
20170207_160501	90.3	-0.000143517242	1000000.0	2
20170207_160511	90.5	1.19074095e-05	1000000.0	2
20170207_160521	90.3	0.000134279959	1000000.0	2
20170207_160531	89.2	-0.000150445935	1000000.0	2
20170207_160541	89.8	0.000100222901	1000000.0	2
20170207_160551	89.2	-1.56535997e-05	1000000.0	2
20170207_160601	89.0	0.0001190635	1000000.0	2
20170207_160611	89.0	9.15948652e-05	1000000.0	2
20170207_160621	89.2	5.51688648e-05	1000000.0	2
20170207_160631	89.6	-0.000135450649	1000000.0	2
20170207_160641	89.8	-0.000110301576	1000000.0	2
20170207_160651	90.3	-3.94403246e-05	1000000.0	2
20170207_160701	90.7	3.36082124e-05	1000000.0	2
20170207_160711	90.7	-8.45463819e-05	1000000.0	2
20170207_160721	90.1	0.000140527927	1000000.0	2
20170207_160731	90.7	-8.68203332e-05	1000000.0	2
20170207_160741	90.3	0.00015476818	1000000.0	2
20170207_160751	90.0	0.000116166919	1000000.0	2
20170207_160801	90.1	-0.00014865398	1000000.0	2
20170207_160811	90.7	-7.30672899e-05	1000000.0	2
20170207_160821	90.9	0.000150104122	1000000.0	2
20170207_160831	91.1	-0.000129586762	1000000.0	2
20170207_160841	90.3	3.26742131e-05	1000000.0	2
20170207_160851	90.9	3.51495184e-05	1000000.0	2
20170207_160901	90.3	-0.000153892658	1000000.0	2
20170207_160911	90.5	0.000143817433	1000000.0	2
20170207_160921	90.5	2.47124063e-05	1000000.0	2
20170207_160931	91.1	-0.000146166941	1000000.0	2
20170207_160941	90.7	5.45806158e-05	1000000.0	2
20170207_160951	89.8	4.97619793e-05	1000000.0	2
20170207_161001	89.8	-0.000113054394	1000000.0	2
20170207_161011	89.8	0.000137480533	1000000.0	2
20170207_161021	89.4	0.000100976444	1000000.0	2
20170207_161031	89.6	-0.000135772156	1000000.0	2
20170207_161041	89.6	2.53492525e-05	1000000.0	2
20170207_161051	89.8	-8.81692397e-05	1000000.0	2
20170207_161101	89.8	-0.000118429172	1000000.0	2
20170207_161111	90.1	0.000125317401	1000000.0	2
20170207_161121	90.7	3.49881139e-05	1000000.0	2
20170207_161131	91.3	0.000141781458	1000000.0	2
20170207_161141	91.8	0.000172033999	1000000.0	2
20170207_161151	91.5	-0.000126758849	1000000.0	2
20170207_161201	90.7	-0.000146017311	1000000.0	2
20170207_161211	90.5	-0.000136320888	1000000.0	2
20170207_161221	90.7	-7.32544448e-05	1000000.0	2
20170207_161231	90.9	-5.71822118e-05	1000000.0	2
20170207_161241	90.9	-1.8756317e-05	1000000.0	2
20170207_161251	91.1	0.000161545777	1000000.0	2
20170207_161301	91.1	0.000153820789	1000000.0	2
20170207_161311	91.5	1.61591757e-05	1000000.0	2
20170207_161321	91.5	5.92592321e-05	1000000.0	2
20170207_161331	91.6	7.00243495e-05	1000000.0	2
20170207_161341	91.8	-3.29090897e-06	1000000.0	2
20170207_161351	92.0	-0.000114257884	1000000.0	2
20170207_161401	91.8	-0.000134864855	1000000.0	2
20170207_161411	91.6	-0.000144817332	1000000.0	2
20170207_161421	91.6	2.13569064e-05	1000000.0	2
20170207_161431	91.6	-4.39412175e-06	1000000.0	2
20170207_161441	91.6	-7.95680077e-05	1000000.0	2
20170207_161451	91.8	0.000114426137	1000000.0	2
20170207_161501	91.8	8.89624565e-05	1000000.0	2
20170207_161511	91.8	-0.000100266447	1000000.0	2
20170207_161521	91.6	-0.000142998913	1000000.0	2
20170207_161531	91.1	-0.000132878794	1000000.0	2
20170207_161541	91.1	-3.78053972e-05	1000000.0	2
20170207_161551	91.1	-7.42081243e-05	1000000.0	2
20170207_161601	91.1	-9.66335416e-05	1000000.0	2
20170207_161611	91.3	-0.000135001092	1000000.0	2
20170207_161621	91.3	9.50891553e-05	1000000.0	2
20170207_161631	91.3	0.000137611085	1000000.0	2
20170207_161641	91.5	0.000138510517	1000000.0	2
20170207_161651	91.3	3.14228259e-05	1000000.0	2
20170207_161701	90.7	-1.65241405e-05	1000000.0	2
20170207_161711	91.5	-0.000141175877	1000000.0	2
20170207_161721	91.5	-4.64806203e-05	1000000.0	2
20170207_161731	91.5	4.04643395e-05	1000000.0	2
20170207_161741	91.5	0.000106789013	1000000.0	2
20170207_161751	91.5	-5.71830668e-05	1000000.0	2
20170207_161801	91.6	0.000154918936	1000000.0	2
20170207_161811	91.6	-0.000163755722	1000000.0	2
20170207_161821	91.8	-0.000147477636	1000000.0	2
20170207_161831	91.6	-0.000121884808	1000000.0	2
20170207_161841	91.8	-8.35654411e-05	1000000.0	2
20170207_161851	91.6	-0.000148855011	1000000.0	2
20170207_161901	91.6	-0.000104066294	1000000.0	2
20170207_161911	91.6	-2.23748781e-05	1000000.0	2
20170207_161921	91.6	0.000121735471	1000000.0	2
20170207_161931	91.6	-8.96497517e-05	1000000.0	2
20170207_161941	91.1	-0.000143219083	1000000.0	2
20170207_161951	90.0	-0.000140373178	1000000.0	2
20170207_162001	91.3	-2.61773853e-05	1000000.0	2
