20170113_172248	23.8	-0.000157082944	1000000.0	2
20170113_172258	23.8	-0.000165181756	1000000.0	2
20170113_172308	23.8	0.000108503856	1000000.0	2
20170113_172318	23.8	-7.19872568e-05	1000000.0	2
20170113_172328	23.8	0.000156938532	1000000.0	2
20170113_172338	23.8	-0.000161622368	1000000.0	2
20170113_172348	23.8	0.000141867213	1000000.0	2
20170113_172358	23.8	0.000112506397	1000000.0	2
20170113_172408	23.8	3.30996746e-05	1000000.0	2
20170113_172418	23.8	-0.000115780464	1000000.0	2
20170113_172428	23.8	-0.000159621461	1000000.0	2
20170113_172438	24.0	-9.61352706e-05	1000000.0	2
20170113_172448	23.8	7.73058298e-05	1000000.0	2
20170113_172458	23.8	0.000157407866	1000000.0	2
20170113_172508	23.8	-0.000160692554	1000000.0	2
20170113_172518	24.0	0.000141290252	1000000.0	2
20170113_172528	23.8	0.000164347953	1000000.0	2
20170113_172538	23.8	-0.000158125845	1000000.0	2
20170113_172548	23.8	8.44267851e-05	1000000.0	2
20170113_172558	23.8	9.28180979e-05	1000000.0	2
20170113_172608	23.8	-0.00011436019	1000000.0	2
20170113_172618	23.8	-0.000159197641	1000000.0	2
20170113_172628	23.8	0.000170355876	1000000.0	2
20170113_172638	23.8	0.000158675889	1000000.0	2
20170113_172648	23.8	0.000156943846	1000000.0	2
20170113_172658	23.8	8.94454569e-05	1000000.0	2
20170113_172708	23.8	0.000167516679	1000000.0	2
20170113_172718	23.8	0.000161976294	1000000.0	2
20170113_172728	23.8	-3.72110881e-06	1000000.0	2
20170113_172738	23.8	7.25487842e-05	1000000.0	2
20170113_172748	23.8	-0.000160503953	1000000.0	2
20170113_172758	23.8	6.00951497e-05	1000000.0	2
20170113_172808	23.8	-0.000158230985	1000000.0	2
20170113_172818	23.8	6.42197293e-05	1000000.0	2
20170113_172828	23.8	-9.99200251e-05	1000000.0	2
20170113_172838	23.8	-0.00016698159	1000000.0	2
20170113_172848	23.8	-1.38627879e-05	1000000.0	2
