20170124_144443	46.7	-5.46756979e-05	1000000.0	9
20170124_144453	47.3	-4.22266616e-05	1000000.0	9
20170124_144503	47.7	-0.000845999231	1000000.0	9
20170124_144513	48.3	2.04095703e-05	1000000.0	9
20170124_144523	48.6	-2.91922106e-05	1000000.0	9
20170124_144533	48.8	-2.14601397e-05	1000000.0	9
20170124_144543	49.6	-0.000254526726	1000000.0	9
20170124_144553	50.0	-0.000117822487	1000000.0	9
20170124_144603	50.3	-2.81149343e-05	1000000.0	9
20170124_144613	50.9	-1.53068365e-05	1000000.0	9
20170124_144623	51.5	-1.04788556e-05	1000000.0	9
20170124_144633	52.0	-4.04064233e-06	1000000.0	9
20170124_144643	52.4	-0.00032011202	1000000.0	9
20170124_144653	52.8	6.2867537e-07	1000000.0	9
20170124_144703	53.2	2.08305442e-05	1000000.0	9
20170124_144713	53.7	1.00975692e-05	1000000.0	9
20170124_144723	54.1	-2.43995573e-05	1000000.0	9
20170124_144733	54.5	-3.83626761e-05	1000000.0	9
20170124_144743	55.0	-1.12795432e-05	1000000.0	9
20170124_144753	55.4	-1.70489178e-05	1000000.0	9
20170124_144803	55.8	-4.97111418e-05	1000000.0	9
20170124_144813	56.2	2.37693494e-05	1000000.0	9
20170124_144823	56.4	2.04979063e-05	1000000.0	9
20170124_144833	57.1	-4.08687337e-05	1000000.0	9
20170124_144843	57.3	4.13371487e-06	1000000.0	9
20170124_144853	57.9	-1.44699161e-05	1000000.0	9
20170124_144903	58.1	-4.19259101e-05	1000000.0	9
20170124_144913	58.4	-3.88848076e-05	1000000.0	9
20170124_144923	59.0	-2.50019678e-05	1000000.0	9
20170124_144933	59.4	2.88558988e-06	1000000.0	9
20170124_144943	60.0	3.7726327e-06	1000000.0	9
20170124_144953	60.3	-3.34199459e-05	1000000.0	9
20170124_145003	60.5	8.61734406e-06	1000000.0	9
20170124_145013	61.1	2.20506082e-05	1000000.0	9
20170124_145023	61.5	4.51592615e-05	1000000.0	9
20170124_145033	61.6	1.95549712e-05	1000000.0	9
20170124_145043	62.2	-5.92413446e-06	1000000.0	9
20170124_145053	62.4	-4.1831732e-06	1000000.0	9
20170124_145103	62.6	-1.57114332e-05	1000000.0	9
20170124_145113	63.0	-2.82050288e-05	1000000.0	9
20170124_145123	63.5	-4.03059017e-05	1000000.0	9
20170124_145133	63.9	2.05500467e-06	1000000.0	9
20170124_145143	64.1	8.49048774e-06	1000000.0	9
20170124_145153	64.5	-4.02992539e-05	1000000.0	9
20170124_145203	64.5	-6.00013042e-06	1000000.0	9
20170124_145213	65.2	-6.53795494e-06	1000000.0	9
20170124_145223	65.4	-2.62690542e-05	1000000.0	9
20170124_145233	65.6	-4.04735133e-05	1000000.0	9
20170124_145243	66.0	-1.82974633e-05	1000000.0	9
20170124_145253	66.6	3.06114902e-05	1000000.0	9
20170124_145303	66.6	1.56539781e-05	1000000.0	9
20170124_145313	66.9	-5.10811944e-05	1000000.0	9
20170124_145323	67.3	-2.5501797e-05	1000000.0	9
20170124_145333	67.5	2.57821854e-05	1000000.0	9
20170124_145343	67.9	-3.73940752e-05	1000000.0	9
20170124_145353	68.1	-3.99841505e-06	1000000.0	9
20170124_145403	68.4	2.28680429e-05	1000000.0	9
20170124_145413	68.6	-1.45575478e-06	1000000.0	9
20170124_145423	68.8	-1.94985871e-05	1000000.0	9
20170124_145433	69.4	-2.87059628e-05	1000000.0	9
20170124_145443	69.0	-3.19453874e-05	1000000.0	9
20170124_145453	69.2	-0.000123665103	1000000.0	9
20170124_145503	69.6	-4.90915106e-05	1000000.0	9
20170124_145513	70.0	3.50588797e-05	1000000.0	9
20170124_145523	70.1	2.14165504e-05	1000000.0	9
20170124_145533	70.5	-1.61880679e-05	1000000.0	9
20170124_145543	71.1	-6.81501763e-05	1000000.0	9
20170124_145553	71.1	-1.18412281e-05	1000000.0	9
20170124_145603	71.6	-5.10305174e-06	1000000.0	9
20170124_145613	71.6	6.18980289e-06	1000000.0	9
20170124_145623	71.6	-5.92235299e-05	1000000.0	9
20170124_145633	72.2	-1.12769854e-05	1000000.0	9
20170124_145643	71.5	-1.63923464e-05	1000000.0	9
20170124_145653	72.2	9.75085929e-06	1000000.0	9
20170124_145703	72.2	-6.33360502e-06	1000000.0	9
20170124_145713	72.8	6.84473341e-05	1000000.0	9
20170124_145723	72.8	-3.09067643e-05	1000000.0	9
20170124_145733	73.0	2.34995078e-05	1000000.0	9
20170124_145743	73.2	1.5804817e-05	1000000.0	9
20170124_145753	73.3	-3.84818166e-05	1000000.0	9
20170124_145803	73.7	-1.79431253e-05	1000000.0	9
20170124_145813	74.1	-4.01934809e-05	1000000.0	9
20170124_145823	74.3	5.9510798e-06	1000000.0	9
20170124_145833	75.0	-4.12914548e-05	1000000.0	9
20170124_145843	74.5	1.16572766e-05	1000000.0	9
20170124_145853	74.5	-1.74510727e-05	1000000.0	9
20170124_145903	74.9	4.75979554e-05	1000000.0	9
20170124_145913	75.0	-4.45412777e-05	1000000.0	9
20170124_145923	75.2	-1.56828883e-05	1000000.0	9
20170124_145933	75.6	3.8090979e-05	1000000.0	9
20170124_145943	75.6	2.20272955e-06	1000000.0	9
20170124_145953	75.8	7.27024489e-05	1000000.0	9
20170124_150003	76.0	-3.54522793e-05	1000000.0	9
20170124_150013	76.2	-1.64360868e-05	1000000.0	9
20170124_150023	76.6	9.53503592e-05	1000000.0	9
20170124_150033	76.7	-2.67893747e-07	1000000.0	9
20170124_150043	76.9	-1.11858671e-05	1000000.0	9
20170124_150053	77.1	-1.12925347e-05	1000000.0	9
20170124_150103	77.5	1.68603237e-06	1000000.0	9
20170124_150113	77.5	4.27577271e-05	1000000.0	9
20170124_150123	77.5	8.47184074e-06	1000000.0	9
20170124_150133	77.3	-7.31967401e-06	1000000.0	9
20170124_150143	77.7	-2.41912343e-05	1000000.0	9
20170124_150153	78.1	2.2453035e-05	1000000.0	9
20170124_150203	78.3	-9.82846148e-06	1000000.0	9
20170124_150213	78.1	-3.74139893e-05	1000000.0	9
20170124_150223	78.1	0.000136825722	1000000.0	9
20170124_150233	78.4	-3.422361e-05	1000000.0	9
20170124_150243	78.6	1.58866486e-06	1000000.0	9
20170124_150253	79.0	4.28997005e-05	1000000.0	9
20170124_150303	79.2	3.08220258e-05	1000000.0	9
20170124_150313	79.2	3.3198536e-05	1000000.0	9
20170124_150323	78.6	-2.39353693e-06	1000000.0	9
20170124_150333	79.2	-5.26591759e-05	1000000.0	9
20170124_150343	79.4	-9.63719441e-06	1000000.0	9
20170124_150353	79.2	-5.93024092e-06	1000000.0	9
20170124_150403	79.4	-0.166506856	1000000.0	9
20170124_150413	79.4	-0.185106513	1000000.0	9
20170124_150423	79.8	-0.163139847	1000000.0	9
20170124_150433	80.1	-0.203411764	1000000.0	9
20170124_150443	80.1	-0.181293218	1000000.0	9
20170124_150453	80.1	-0.169206252	1000000.0	9
20170124_150503	80.7	-0.160294304	1000000.0	9
20170124_150513	80.5	-0.151061991	1000000.0	9
20170124_150523	80.7	-0.128330936	1000000.0	9
20170124_150533	80.5	-0.13263556	1000000.0	9
20170124_150543	80.9	-0.115735656	1000000.0	9
20170124_150553	81.1	-0.13172723	1000000.0	9
20170124_150603	81.1	-0.130121113	1000000.0	9
20170124_150613	81.1	-0.128984887	1000000.0	9
20170124_150623	81.5	-0.125522278	1000000.0	9
20170124_150633	81.5	-0.125874836	1000000.0	9
20170124_150643	80.3	-0.125207675	1000000.0	9
20170124_150653	80.3	-0.135510585	1000000.0	9
20170124_150703	80.7	-0.14741749	1000000.0	9
20170124_150713	80.5	-0.170285548	1000000.0	9
20170124_150723	80.7	-0.201013752	1000000.0	9
20170124_150733	80.9	-0.236227618	1000000.0	9
20170124_150743	80.5	-0.238024668	1000000.0	9
20170124_150753	81.1	-0.243500027	1000000.0	9
20170124_150803	80.9	-0.251926306	1000000.0	9
20170124_150813	81.3	-0.257394914	1000000.0	9
20170124_150823	81.3	-0.261430837	1000000.0	9
20170124_150833	81.5	-0.263286051	1000000.0	9
20170124_150843	81.5	-0.257920903	1000000.0	9
20170124_150853	81.5	-0.259378254	1000000.0	9
20170124_150903	81.8	-0.253163352	1000000.0	9
20170124_150913	81.5	-0.252207078	1000000.0	9
20170124_150923	81.6	-0.251397283	1000000.0	9
20170124_150933	81.8	-0.252983533	1000000.0	9
20170124_150943	81.6	-0.25574725	1000000.0	9
20170124_150953	81.8	-0.260580923	1000000.0	9
20170124_151003	82.0	-0.25974675	1000000.0	9
20170124_151013	82.2	-0.25385842	1000000.0	9
20170124_151023	82.4	-0.254080383	1000000.0	9
20170124_151033	82.2	-0.252982631	1000000.0	9
20170124_151043	82.6	-0.252342467	1000000.0	9
20170124_151053	82.4	-0.251636382	1000000.0	9
20170124_151103	82.4	-0.251936951	1000000.0	9
20170124_151113	82.2	-0.257571104	1000000.0	9
20170124_151123	82.6	-0.257901211	1000000.0	9
20170124_151133	82.4	-0.259405407	1000000.0	9
20170124_151143	82.2	-0.248792545	1000000.0	9
20170124_151153	82.4	-0.246077436	1000000.0	9
20170124_151203	82.4	-0.240803576	1000000.0	9
20170124_151213	82.6	-0.240487355	1000000.0	9
20170124_151223	82.4	-0.23966657	1000000.0	9
20170124_151233	82.8	-0.239827082	1000000.0	9
20170124_151243	83.9	-0.238973421	1000000.0	9
20170124_151253	83.2	-0.240025535	1000000.0	9
20170124_151303	83.3	-0.239215689	1000000.0	9
20170124_151313	83.7	-0.23998761	1000000.0	9
20170124_151323	83.3	-0.239620314	1000000.0	9
20170124_151333	83.3	-0.239613168	1000000.0	9
20170124_151343	82.8	-0.243661059	1000000.0	9
20170124_151353	83.7	-0.247259359	1000000.0	9
20170124_151403	83.7	-0.248211878	1000000.0	9
20170124_151413	83.2	-0.243368049	1000000.0	9
20170124_151423	82.6	-0.241567148	1000000.0	9
20170124_151433	83.3	-0.237304602	1000000.0	9
20170124_151443	82.6	-0.235399684	1000000.0	9
20170124_151453	83.0	-0.234692095	1000000.0	9
20170124_151503	82.8	-0.235214579	1000000.0	9
20170124_151513	82.8	-0.234661583	1000000.0	9
20170124_151523	82.6	-0.234518649	1000000.0	9
20170124_151533	82.8	-0.235316778	1000000.0	9
20170124_151543	83.2	-0.214090658	1000000.0	9
20170124_151553	83.2	-0.204496633	1000000.0	9
20170124_151603	83.0	-0.208518533	1000000.0	9
20170124_151613	83.5	-0.195516709	1000000.0	9
20170124_151623	82.8	-0.192450902	1000000.0	9
20170124_151633	83.2	-0.19452051	1000000.0	9
20170124_151643	83.0	-0.199111577	1000000.0	9
20170124_151653	83.3	-0.204595419	1000000.0	9
20170124_151703	83.5	-0.240617578	1000000.0	9
20170124_151713	83.3	-0.235046895	1000000.0	9
20170124_151723	83.3	-0.233903032	1000000.0	9
20170124_151733	83.7	-0.235521162	1000000.0	9
20170124_151743	83.5	-0.234289023	1000000.0	9
20170124_151753	83.3	-0.237696601	1000000.0	9
20170124_151803	83.9	-0.235843801	1000000.0	9
20170124_151813	84.5	-0.236499524	1000000.0	9
20170124_151823	84.3	-0.236410956	1000000.0	9
20170124_151833	83.9	-0.239489916	1000000.0	9
20170124_151843	83.0	-0.24219817	1000000.0	9
20170124_151853	83.7	-0.235748874	1000000.0	9
20170124_151903	83.3	-0.235307071	1000000.0	9
20170124_151913	84.1	-0.235345018	1000000.0	9
20170124_151923	83.7	-0.233583958	1000000.0	9
20170124_151933	84.3	-0.236240279	1000000.0	9
20170124_151943	83.9	-0.229739914	1000000.0	9
20170124_151953	84.5	-0.236579182	1000000.0	9
20170124_152003	83.3	-0.238565465	1000000.0	9
20170124_152013	83.7	-0.238823341	1000000.0	9
20170124_152023	83.2	-0.234563028	1000000.0	9
20170124_152033	83.2	-0.243906009	1000000.0	9
20170124_152043	83.3	-0.255785047	1000000.0	9
20170124_152053	83.3	-0.236714321	1000000.0	9
20170124_152103	83.7	-0.266357516	1000000.0	9
20170124_152113	83.2	-0.244052271	1000000.0	9
20170124_152123	83.3	-0.242318211	1000000.0	9
20170124_152133	83.3	-0.241151543	1000000.0	9
20170124_152143	83.3	-0.243914508	1000000.0	9
20170124_152153	83.3	-0.243395405	1000000.0	9
20170124_152203	83.3	-0.244299034	1000000.0	9
20170124_152213	83.5	-0.24699928	1000000.0	9
20170124_152223	83.7	-0.225501608	1000000.0	9
20170124_152233	83.7	-0.202974312	1000000.0	9
20170124_152243	83.5	-0.218856932	1000000.0	9
20170124_152253	83.9	-0.231574528	1000000.0	9
20170124_152303	85.2	-0.225886881	1000000.0	9
20170124_152313	84.9	-0.233418524	1000000.0	9
20170124_152323	84.5	-0.248684659	1000000.0	9
20170124_152333	84.7	-0.251580111	1000000.0	9
20170124_152343	84.7	-0.247524149	1000000.0	9
20170124_152353	84.9	-0.250831937	1000000.0	9
20170124_152403	84.7	-0.25450357	1000000.0	9
20170124_152413	83.7	-0.259573175	1000000.0	9
20170124_152423	84.3	-0.260252663	1000000.0	9
20170124_152433	84.7	-0.256800867	1000000.0	9
20170124_152443	84.3	-0.255838319	1000000.0	9
20170124_152453	84.5	-0.251753159	1000000.0	9
20170124_152503	84.7	-0.219687187	1000000.0	9
20170124_152513	84.7	-0.222911277	1000000.0	9
20170124_152523	85.0	-0.227551553	1000000.0	9
20170124_152533	84.9	-0.230771332	1000000.0	9
20170124_152543	85.0	-0.229121184	1000000.0	9
20170124_152553	85.0	-0.231455227	1000000.0	9
20170124_152603	85.0	-0.232506025	1000000.0	9
20170124_152613	85.2	-0.232675518	1000000.0	9
20170124_152623	85.0	-0.233523926	1000000.0	9
20170124_152633	85.2	-0.233872234	1000000.0	9
20170124_152643	85.4	-0.237496919	1000000.0	9
20170124_152653	85.2	-0.279253026	1000000.0	9
20170124_152703	85.6	-0.280989631	1000000.0	9
20170124_152713	85.6	-0.279794745	1000000.0	9
20170124_152723	85.6	-0.277888975	1000000.0	9
20170124_152733	85.2	-0.279126031	1000000.0	9
20170124_152743	85.2	-0.279251776	1000000.0	9
20170124_152753	85.4	-0.282275007	1000000.0	9
20170124_152803	85.6	-0.279516888	1000000.0	9
20170124_152813	85.6	-0.274443355	1000000.0	9
20170124_152823	85.4	-0.248834374	1000000.0	9
20170124_152833	85.2	-0.247499977	1000000.0	9
20170124_152843	84.7	-0.244096738	1000000.0	9
20170124_152853	85.2	-0.240724096	1000000.0	9
20170124_152903	85.4	-0.240949774	1000000.0	9
20170124_152913	85.2	-0.238130581	1000000.0	9
20170124_152923	85.0	-0.239300445	1000000.0	9
20170124_152933	85.2	-0.28455681	1000000.0	9
20170124_152943	85.2	-0.285052509	1000000.0	9
20170124_152953	85.2	-0.285227	1000000.0	9
20170124_153003	85.2	-0.285918549	1000000.0	9
20170124_153013	84.5	-0.286729564	1000000.0	9
20170124_153023	84.7	-0.290724435	1000000.0	9
20170124_153033	84.3	-0.291617953	1000000.0	9
20170124_153043	84.3	-0.255229057	1000000.0	9
20170124_153053	84.9	-0.256874964	1000000.0	9
20170124_153103	85.0	-0.289369765	1000000.0	9
20170124_153113	84.7	-0.291575462	1000000.0	9
20170124_153123	84.9	-0.295513359	1000000.0	9
20170124_153133	84.9	-0.290680993	1000000.0	9
20170124_153143	85.0	-0.291712442	1000000.0	9
20170124_153153	85.2	-0.292742221	1000000.0	9
20170124_153203	85.2	-0.291715089	1000000.0	9
20170124_153213	85.2	-0.291601862	1000000.0	9
20170124_153223	85.2	-0.292709808	1000000.0	9
20170124_153233	85.2	-0.291883444	1000000.0	9
20170124_153243	85.4	-0.290992366	1000000.0	9
20170124_153253	85.2	-0.293884505	1000000.0	9
20170124_153303	85.4	-0.291836117	1000000.0	9
20170124_153313	85.4	-0.292008477	1000000.0	9
20170124_153323	85.0	-0.293542284	1000000.0	9
20170124_153333	85.6	-0.292211404	1000000.0	9
20170124_153343	85.2	-0.29349247	1000000.0	9
20170124_153353	85.2	-0.294094181	1000000.0	9
20170124_153403	85.0	-0.293297119	1000000.0	9
20170124_153413	85.4	-0.293166248	1000000.0	9
20170124_153423	85.4	-0.291935126	1000000.0	9
20170124_153433	85.4	-0.29398809	1000000.0	9
20170124_153443	85.2	-0.293280005	1000000.0	9
20170124_153453	85.6	-0.292910008	1000000.0	9
20170124_153503	86.0	-0.292060408	1000000.0	9
20170124_153513	86.2	-0.29370433	1000000.0	9
20170124_153523	86.2	-0.293932009	1000000.0	9
20170124_153533	85.4	-0.275462948	1000000.0	9
20170124_153543	85.8	-0.263913545	1000000.0	9
20170124_153553	86.0	-0.262254053	1000000.0	9
20170124_153603	86.6	-0.289712256	1000000.0	9
20170124_153613	86.4	-0.288320037	1000000.0	9
20170124_153623	86.2	-0.287977613	1000000.0	9
20170124_153633	85.2	-0.287207672	1000000.0	9
20170124_153643	86.2	-0.288666729	1000000.0	9
20170124_153653	85.8	-0.287770996	1000000.0	9
20170124_153703	84.7	-0.287318042	1000000.0	9
20170124_153713	84.5	-0.286984742	1000000.0	9
20170124_153723	84.3	-0.288752828	1000000.0	9
20170124_153733	84.7	-0.289175515	1000000.0	9
20170124_153743	85.4	-0.287606946	1000000.0	9
20170124_153753	84.7	-0.288847072	1000000.0	9
20170124_153803	85.4	-0.289592723	1000000.0	9
20170124_153813	85.8	-0.294192915	1000000.0	9
20170124_153823	85.4	-0.290765776	1000000.0	9
20170124_153833	84.7	-0.260355173	1000000.0	9
20170124_153843	85.0	-0.281974437	1000000.0	9
20170124_153853	85.6	-0.280299508	1000000.0	9
20170124_153903	85.4	-0.280651015	1000000.0	9
20170124_153913	85.4	-0.279311332	1000000.0	9
20170124_153923	85.4	-0.281721995	1000000.0	9
20170124_153933	85.4	-0.282031213	1000000.0	9
20170124_153943	85.0	-0.282864779	1000000.0	9
20170124_153953	85.0	-0.284159276	1000000.0	9
20170124_154003	85.0	-0.669200984	1000000.0	9
20170124_154013	84.9	-0.499010264	1000000.0	9
20170124_154023	85.0	-0.415968818	1000000.0	9
20170124_154033	85.0	-0.385437094	1000000.0	9
20170124_154043	85.4	-0.371134127	1000000.0	9
20170124_154053	85.8	-0.375717366	1000000.0	9
20170124_154103	85.4	-0.363109128	1000000.0	9
20170124_154113	85.8	-0.357053046	1000000.0	9
20170124_154123	85.6	-0.355510352	1000000.0	9
20170124_154133	85.8	-0.353410418	1000000.0	9
20170124_154143	85.8	-0.353589169	1000000.0	9
20170124_154153	85.8	-0.351324677	1000000.0	9
20170124_154203	85.8	-0.35079278	1000000.0	9
20170124_154213	85.8	-0.355577933	1000000.0	9
20170124_154223	85.8	-0.354229388	1000000.0	9
20170124_154233	85.8	-0.357993082	1000000.0	9
20170124_154243	85.8	-0.352916826	1000000.0	9
20170124_154253	86.0	-0.356775089	1000000.0	9
20170124_154303	85.8	-0.362111658	1000000.0	9
20170124_154313	85.2	-0.360901327	1000000.0	9
20170124_154323	85.2	-0.365124663	1000000.0	9
20170124_154333	85.2	-0.365271056	1000000.0	9
20170124_154343	85.4	-0.368805911	1000000.0	9
20170124_154353	85.2	-0.359563911	1000000.0	9
20170124_154403	85.6	-0.36284374	1000000.0	9
20170124_154413	85.6	-0.361461276	1000000.0	9
20170124_154423	85.6	-0.359626677	1000000.0	9
20170124_154433	85.2	-0.360350322	1000000.0	9
20170124_154443	85.6	-0.361016823	1000000.0	9
20170124_154453	85.6	-0.378501694	1000000.0	9
20170124_154503	85.6	-0.367268915	1000000.0	9
20170124_154513	85.6	-0.365527285	1000000.0	9
20170124_154523	85.6	-0.367531537	1000000.0	9
20170124_154533	85.8	-0.365084392	1000000.0	9
20170124_154543	85.8	-0.369995968	1000000.0	9
20170124_154553	86.0	-0.369594868	1000000.0	9
20170124_154603	85.8	-0.374324559	1000000.0	9
20170124_154613	84.9	-0.377379206	1000000.0	9
20170124_154623	84.9	-0.385984198	1000000.0	9
20170124_154633	84.7	-0.388644417	1000000.0	9
20170124_154643	84.7	-0.384232847	1000000.0	9
20170124_154653	84.7	-0.379481256	1000000.0	9
20170124_154703	84.5	-0.39977572	1000000.0	9
20170124_154713	84.9	-0.391393833	1000000.0	9
20170124_154723	84.7	-0.392146706	1000000.0	9
20170124_154733	84.7	-0.392113811	1000000.0	9
20170124_154743	85.0	-0.393736529	1000000.0	9
20170124_154753	85.4	-0.391502068	1000000.0	9
20170124_154803	84.9	-0.394520466	1000000.0	9
20170124_154813	85.4	-0.396421455	1000000.0	9
20170124_154823	85.0	-0.396651689	1000000.0	9
20170124_154833	85.0	-0.395139623	1000000.0	9
20170124_154843	85.2	-0.39673749	1000000.0	9
20170124_154853	85.2	-0.393941125	1000000.0	9
20170124_154903	85.4	-0.397351701	1000000.0	9
20170124_154913	85.4	-0.401433848	1000000.0	9
20170124_154923	86.2	-0.407370836	1000000.0	9
20170124_154933	85.8	-0.410510218	1000000.0	9
20170124_154943	85.6	-0.406865404	1000000.0	9
20170124_154953	86.0	-0.41007095	1000000.0	9
20170124_155003	86.2	-0.406132476	1000000.0	9
20170124_155013	85.2	-0.405303974	1000000.0	9
20170124_155023	85.4	-0.406144907	1000000.0	9
20170124_155033	85.2	-0.406276731	1000000.0	9
20170124_155043	85.0	-0.408582698	1000000.0	9
20170124_155053	85.4	-0.411305103	1000000.0	9
20170124_155103	85.6	-0.414139159	1000000.0	9
20170124_155113	85.6	-0.411001832	1000000.0	9
20170124_155123	85.8	-0.413051042	1000000.0	9
20170124_155133	86.0	-0.413795798	1000000.0	9
20170124_155143	85.8	-0.413926972	1000000.0	9
20170124_155153	86.2	-0.415716547	1000000.0	9
20170124_155203	85.8	-0.415790109	1000000.0	9
20170124_155213	86.0	-0.418349926	1000000.0	9
20170124_155223	85.8	-0.417819016	1000000.0	9
20170124_155233	86.2	-0.417764452	1000000.0	9
20170124_155243	86.0	-0.420501802	1000000.0	9
20170124_155253	86.9	-0.420610647	1000000.0	9
20170124_155303	87.1	-0.421965999	1000000.0	9
20170124_155313	86.6	-0.423932155	1000000.0	9
20170124_155323	86.4	-0.425464537	1000000.0	9
20170124_155333	86.7	-0.424907582	1000000.0	9
20170124_155343	86.6	-0.423263984	1000000.0	9
20170124_155353	86.6	-0.425173473	1000000.0	9
20170124_155403	86.6	-0.428745343	1000000.0	9
20170124_155413	86.4	-0.42908606	1000000.0	9
20170124_155423	86.6	-0.431775008	1000000.0	9
20170124_155433	86.7	-0.430998789	1000000.0	9
20170124_155443	86.9	-0.431371225	1000000.0	9
20170124_155453	86.7	-0.436798178	1000000.0	9
20170124_155503	85.0	-0.433540328	1000000.0	9
20170124_155513	85.4	-0.435255892	1000000.0	9
20170124_155523	85.6	-0.436473564	1000000.0	9
20170124_155533	85.2	-0.437916498	1000000.0	9
20170124_155543	85.6	-0.438966743	1000000.0	9
20170124_155553	85.8	-0.438936453	1000000.0	9
20170124_155603	85.6	-0.440117118	1000000.0	9
20170124_155613	85.4	-0.445291746	1000000.0	9
20170124_155623	85.8	-0.444097683	1000000.0	9
20170124_155633	85.6	-0.44628834	1000000.0	9
20170124_155643	85.8	-0.444627641	1000000.0	9
20170124_155653	85.8	-0.447651509	1000000.0	9
20170124_155703	86.0	-0.446119878	1000000.0	9
20170124_155713	86.2	-0.448887664	1000000.0	9
20170124_155723	86.6	-0.451400535	1000000.0	9
20170124_155733	86.4	-0.450059914	1000000.0	9
20170124_155743	86.7	-0.453099464	1000000.0	9
20170124_155753	86.0	-0.451214667	1000000.0	9
20170124_155803	86.4	-0.452046479	1000000.0	9
20170124_155813	86.4	-0.454804442	1000000.0	9
20170124_155823	86.4	-0.458602396	1000000.0	9
20170124_155833	86.4	-0.457256045	1000000.0	9
20170124_155843	86.7	-0.459388231	1000000.0	9
20170124_155853	86.6	-0.461205498	1000000.0	9
20170124_155903	86.6	-0.458595334	1000000.0	9
20170124_155913	86.7	-0.452725021	1000000.0	9
20170124_155923	86.6	-0.450870002	1000000.0	9
20170124_155933	86.6	-0.45449599	1000000.0	9
20170124_155943	86.7	-0.454394799	1000000.0	9
20170124_155953	86.0	-0.457736921	1000000.0	9
20170124_160003	86.0	-0.461232979	1000000.0	9
20170124_160013	86.0	-0.461084829	1000000.0	9
20170124_160023	86.6	-0.463583401	1000000.0	9
20170124_160033	86.2	-0.463239966	1000000.0	9
20170124_160043	86.2	-0.462964736	1000000.0	9
20170124_160053	86.6	-0.465835528	1000000.0	9
20170124_160103	86.4	-0.465441155	1000000.0	9
20170124_160113	86.4	-0.468334151	1000000.0	9
20170124_160123	86.4	-0.46771395	1000000.0	9
20170124_160133	86.6	-0.469713246	1000000.0	9
20170124_160143	86.6	-0.471335178	1000000.0	9
20170124_160153	86.9	-0.472197554	1000000.0	9
20170124_160203	86.7	-0.472657672	1000000.0	9
20170124_160213	86.6	-0.473708533	1000000.0	9
20170124_160223	86.7	-0.477527015	1000000.0	9
20170124_160233	86.7	-0.475895552	1000000.0	9
20170124_160243	86.9	-0.474035949	1000000.0	9
20170124_160253	86.9	-0.476380111	1000000.0	9
20170124_160303	87.1	-0.47735067	1000000.0	9
20170124_160313	87.3	-0.481101637	1000000.0	9
20170124_160323	87.1	-0.482946846	1000000.0	9
20170124_160333	87.3	-0.482983677	1000000.0	9
20170124_160343	87.1	-0.48607509	1000000.0	9
20170124_160353	87.3	-0.488218365	1000000.0	9
20170124_160403	87.3	-0.491321537	1000000.0	9
20170124_160413	86.9	-0.492986413	1000000.0	9
20170124_160423	86.7	-0.493714521	1000000.0	9
20170124_160433	86.7	-0.493066717	1000000.0	9
20170124_160443	86.6	-0.495665193	1000000.0	9
20170124_160453	86.6	-0.494746904	1000000.0	9
20170124_160503	86.6	-0.502476943	1000000.0	9
20170124_160513	86.6	-0.50011149	1000000.0	9
20170124_160523	85.6	-0.500373027	1000000.0	9
20170124_160533	85.4	-0.498797415	1000000.0	9
20170124_160543	85.6	-0.497550755	1000000.0	9
20170124_160553	85.8	-0.500868952	1000000.0	9
20170124_160603	85.8	-0.499970921	1000000.0	9
20170124_160613	85.8	-0.498662643	1000000.0	9
20170124_160623	85.8	-0.502116797	1000000.0	9
20170124_160633	86.0	-0.501838109	1000000.0	9
20170124_160643	86.0	-0.50647685	1000000.0	9
20170124_160653	86.0	-0.503026743	1000000.0	9
20170124_160703	85.8	-0.504835514	1000000.0	9
20170124_160713	86.0	-0.506804835	1000000.0	9
20170124_160723	86.2	-0.510777879	1000000.0	9
20170124_160733	86.2	-0.509820026	1000000.0	9
20170124_160743	86.2	-0.511376438	1000000.0	9
20170124_160753	86.0	-0.511842566	1000000.0	9
20170124_160803	87.1	-0.515000205	1000000.0	9
20170124_160813	86.9	-0.516991283	1000000.0	9
20170124_160823	86.7	-0.516834931	1000000.0	9
20170124_160833	86.7	-0.518618491	1000000.0	9
20170124_160843	86.9	-0.519321495	1000000.0	9
20170124_160853	86.6	-0.5224769	1000000.0	9
20170124_160903	87.1	-0.521887563	1000000.0	9
20170124_160913	87.1	-0.522828554	1000000.0	9
20170124_160923	86.7	-0.522957482	1000000.0	9
20170124_160933	86.9	-0.523524226	1000000.0	9
20170124_160943	87.1	-0.526113412	1000000.0	9
20170124_160953	87.3	-0.526482573	1000000.0	9
20170124_161003	87.1	-0.527538361	1000000.0	9
20170124_161013	87.1	-0.528628046	1000000.0	9
20170124_161023	87.1	-0.531193843	1000000.0	9
20170124_161033	87.3	-0.531445426	1000000.0	9
20170124_161043	87.3	-0.533296029	1000000.0	9
20170124_161053	87.1	-0.530505762	1000000.0	9
20170124_161103	87.3	-0.533592265	1000000.0	9
20170124_161113	86.2	-0.531682308	1000000.0	9
20170124_161123	86.0	-0.535313577	1000000.0	9
20170124_161133	86.0	-0.536733598	1000000.0	9
20170124_161143	86.0	-0.53793857	1000000.0	9
20170124_161154	86.2	-0.539567796	1000000.0	9
20170124_161203	86.2	-0.540111592	1000000.0	9
20170124_161213	86.4	-0.541036718	1000000.0	9
20170124_161223	86.4	-0.541690809	1000000.0	9
20170124_161233	86.4	-0.54511628	1000000.0	9
20170124_161243	86.2	-0.542933308	1000000.0	9
20170124_161253	86.2	-0.542889765	1000000.0	9
20170124_161303	86.4	-0.544904823	1000000.0	9
20170124_161313	86.6	-0.547335595	1000000.0	9
20170124_161323	86.4	-0.548856405	1000000.0	9
20170124_161333	86.6	-0.552129674	1000000.0	9
20170124_161343	86.9	-0.553364958	1000000.0	9
20170124_161353	86.7	-0.555385554	1000000.0	9
20170124_161403	86.7	-0.557599721	1000000.0	9
20170124_161413	86.7	-0.560170181	1000000.0	9
20170124_161423	86.7	-0.562385461	1000000.0	9
20170124_161433	86.6	-0.564802041	1000000.0	9
20170124_161443	87.5	-0.565510947	1000000.0	9
20170124_161453	87.1	-0.566909861	1000000.0	9
20170124_161503	86.7	-0.568209051	1000000.0	9
20170124_161513	86.7	-0.569350091	1000000.0	9
20170124_161523	87.1	-0.574715639	1000000.0	9
20170124_161533	87.1	-0.57440276	1000000.0	9
20170124_161543	87.1	-0.574262704	1000000.0	9
20170124_161553	86.9	-0.577820936	1000000.0	9
20170124_161603	86.9	-0.578751126	1000000.0	9
20170124_161613	86.9	-0.581226431	1000000.0	9
20170124_161623	87.1	-0.58435686	1000000.0	9
20170124_161633	86.7	-0.585452807	1000000.0	9
20170124_161643	86.6	-0.587007001	1000000.0	9
20170124_161653	86.9	-0.591220169	1000000.0	9
20170124_161703	86.6	-0.593608976	1000000.0	9
20170124_161713	85.4	-0.595154934	1000000.0	9
20170124_161723	85.4	-0.597081373	1000000.0	9
20170124_161733	85.2	-0.59944072	1000000.0	9
20170124_161743	85.2	-0.60197727	1000000.0	9
20170124_161753	85.2	-0.601711182	1000000.0	9
20170124_161803	85.4	-0.605259016	1000000.0	9
20170124_161813	85.6	-0.609669943	1000000.0	9
20170124_161823	85.4	-0.611754523	1000000.0	9
20170124_161833	85.4	-0.613970247	1000000.0	9
20170124_161843	85.8	-0.675141564	1000000.0	9
20170124_161853	85.6	-0.630797422	1000000.0	9
20170124_161903	85.4	-0.633499888	1000000.0	9
20170124_161913	85.4	-0.636673101	1000000.0	9
20170124_161923	85.4	-0.636868777	1000000.0	9
20170124_161933	85.4	-0.638269549	1000000.0	9
20170124_161943	85.8	-0.642597959	1000000.0	9
20170124_161953	85.6	-0.645728969	1000000.0	9
20170124_162003	86.0	-0.64367284	1000000.0	9
20170124_162013	86.0	-0.646822001	1000000.0	9
20170124_162023	86.4	-0.647177576	1000000.0	9
20170124_162033	86.2	-0.647048989	1000000.0	9
20170124_162043	86.2	-0.646965826	1000000.0	9
20170124_162053	86.4	-0.654266087	1000000.0	9
20170124_162103	86.6	-0.649635224	1000000.0	9
20170124_162113	86.6	-0.646997625	1000000.0	9
20170124_162123	86.7	-0.646372469	1000000.0	9
20170124_162133	86.6	-0.646476347	1000000.0	9
20170124_162143	86.7	-0.648002624	1000000.0	9
20170124_162153	86.6	-0.651278463	1000000.0	9
20170124_162203	86.9	-0.653097428	1000000.0	9
20170124_162213	86.9	-0.653348883	1000000.0	9
20170124_162223	86.9	-0.651546508	1000000.0	9
20170124_162233	87.3	-0.650778837	1000000.0	9
20170124_162243	87.7	-0.649268218	1000000.0	9
20170124_162253	86.7	-0.648015305	1000000.0	9
20170124_162303	86.0	-0.650531215	1000000.0	9
20170124_162313	86.0	-0.649446884	1000000.0	9
20170124_162323	86.4	-0.64924069	1000000.0	9
20170124_162333	86.4	-0.647952736	1000000.0	9
20170124_162343	86.4	-0.646345783	1000000.0	9
20170124_162353	86.7	-0.650670958	1000000.0	9
20170124_162403	86.4	-0.648387571	1000000.0	9
20170124_162413	86.4	-0.648429395	1000000.0	9
20170124_162423	86.6	-0.648836902	1000000.0	9
20170124_162433	86.6	-0.646199129	1000000.0	9
20170124_162443	86.6	-0.643431634	1000000.0	9
20170124_162453	86.6	-0.639489084	1000000.0	9
20170124_162503	86.7	-0.64065683	1000000.0	9
20170124_162513	87.1	-0.641104186	1000000.0	9
20170124_162523	87.1	-0.638980481	1000000.0	9
20170124_162533	87.3	-0.638045827	1000000.0	9
20170124_162543	86.9	-0.641345923	1000000.0	9
20170124_162553	87.1	-0.639751364	1000000.0	9
20170124_162603	87.3	-0.63897042	1000000.0	9
20170124_162613	87.3	-0.635491729	1000000.0	9
20170124_162623	87.7	-0.636452865	1000000.0	9
20170124_162633	87.5	-0.63894124	1000000.0	9
20170124_162643	87.5	-0.639834008	1000000.0	9
20170124_162653	87.3	-0.638676229	1000000.0	9
20170124_162703	87.5	-0.640232553	1000000.0	9
20170124_162713	87.3	-0.643041854	1000000.0	9
20170124_162723	87.5	-0.641490252	1000000.0	9
20170124_162733	87.7	-0.639635793	1000000.0	9
20170124_162743	87.5	-0.639808684	1000000.0	9
20170124_162753	87.3	-0.642793973	1000000.0	9
20170124_162803	87.5	-0.638899908	1000000.0	9
20170124_162813	87.3	-0.637566582	1000000.0	9
20170124_162823	87.5	-0.640196953	1000000.0	9
20170124_162833	87.3	-0.641774634	1000000.0	9
20170124_162843	86.7	-0.641506487	1000000.0	9
20170124_162853	86.4	-0.640046253	1000000.0	9
20170124_162903	86.4	-0.643062319	1000000.0	9
20170124_162913	86.4	-0.641996814	1000000.0	9
20170124_162923	85.6	-0.641705171	1000000.0	9
20170124_162933	86.2	-0.644426833	1000000.0	9
20170124_162943	85.8	-0.642610256	1000000.0	9
20170124_162953	85.6	-0.665686135	1000000.0	9
20170124_163003	85.8	-0.642405698	1000000.0	9
20170124_163013	85.8	-0.641396245	1000000.0	9
20170124_163023	86.0	-0.645646795	1000000.0	9
20170124_163033	86.0	-0.644562819	1000000.0	9
20170124_163043	86.0	-0.64466895	1000000.0	9
20170124_163053	86.0	-0.645618881	1000000.0	9
20170124_163103	86.6	-0.644855999	1000000.0	9
20170124_163113	86.6	-0.647030968	1000000.0	9
20170124_163123	86.4	-0.646390907	1000000.0	9
20170124_163133	86.6	-0.645017572	1000000.0	9
20170124_163143	86.6	-0.644108776	1000000.0	9
20170124_163153	86.9	-0.644439053	1000000.0	9
20170124_163203	86.9	-0.644739942	1000000.0	9
20170124_163213	86.9	-0.643998827	1000000.0	9
20170124_163223	86.7	-0.64439217	1000000.0	9
20170124_163233	86.7	-0.645525917	1000000.0	9
20170124_163243	86.6	-0.644052361	1000000.0	9
20170124_163253	87.1	-0.643527506	1000000.0	9
20170124_163303	87.1	-0.645105717	1000000.0	9
20170124_163313	86.9	-0.644763273	1000000.0	9
20170124_163323	86.9	-0.647749199	1000000.0	9
20170124_163333	87.1	-0.64331418	1000000.0	9
20170124_163343	86.7	-0.643120983	1000000.0	9
20170124_163353	87.1	-0.644863172	1000000.0	9
20170124_163403	87.3	-0.646634135	1000000.0	9
20170124_163413	87.5	-0.648700395	1000000.0	9
20170124_163423	87.3	-0.647156095	1000000.0	9
20170124_163433	87.5	-0.648044862	1000000.0	9
20170124_163443	87.7	-0.669665174	1000000.0	9
20170124_163453	87.7	-0.651221815	1000000.0	9
20170124_163503	87.9	-0.652424104	1000000.0	9
20170124_163513	86.9	-0.651842783	1000000.0	9
20170124_163523	86.6	-0.652871248	1000000.0	9
20170124_163533	86.6	-0.651427352	1000000.0	9
20170124_163543	86.7	-0.64995883	1000000.0	9
20170124_163553	86.4	-0.646876134	1000000.0	9
20170124_163603	86.7	-0.646368944	1000000.0	9
20170124_163613	87.1	-0.646801507	1000000.0	9
20170124_163623	86.4	-0.646677191	1000000.0	9
20170124_163633	86.6	-0.646870726	1000000.0	9
20170124_163643	86.7	-0.649328671	1000000.0	9
20170124_163653	86.9	-0.648719915	1000000.0	9
20170124_163703	86.9	-0.649296937	1000000.0	9
20170124_163713	86.9	-0.647986514	1000000.0	9
20170124_163723	87.1	-0.64900149	1000000.0	9
20170124_163733	87.1	-0.650767227	1000000.0	9
20170124_163743	87.3	-0.649502343	1000000.0	9
20170124_163753	87.3	-0.648537704	1000000.0	9
20170124_163803	87.3	-0.647231843	1000000.0	9
20170124_163813	87.7	-0.648980851	1000000.0	9
20170124_163823	87.5	-0.650502249	1000000.0	9
20170124_163833	87.5	-0.651260181	1000000.0	9
20170124_163843	87.7	-0.651957027	1000000.0	9
20170124_163853	87.7	-0.652413227	1000000.0	9
20170124_163903	87.7	-0.653343242	1000000.0	9
20170124_163913	87.7	-0.65385244	1000000.0	9
20170124_163923	87.5	-0.654556443	1000000.0	9
20170124_163933	87.7	-0.658222231	1000000.0	9
20170124_163943	87.7	-0.659640639	1000000.0	9
20170124_163953	87.9	-0.660732601	1000000.0	9
20170124_164003	87.7	-0.661127115	1000000.0	9
20170124_164013	87.7	-0.661421394	1000000.0	9
20170124_164023	87.7	-0.664099132	1000000.0	9
20170124_164033	87.5	-0.665176077	1000000.0	9
20170124_164043	87.5	-0.665196559	1000000.0	9
20170124_164053	88.1	-0.666296686	1000000.0	9
20170124_164103	87.9	-0.66858163	1000000.0	9
20170124_164113	87.7	-0.677142155	1000000.0	9
20170124_164123	87.7	-0.672969133	1000000.0	9
20170124_164133	86.9	-0.671758065	1000000.0	9
20170124_164143	86.4	-0.670353373	1000000.0	9
20170124_164153	86.0	-0.671720232	1000000.0	9
20170124_164203	86.0	-0.67110327	1000000.0	9
20170124_164213	85.8	-0.671389484	1000000.0	9
20170124_164223	86.2	-0.673855006	1000000.0	9
20170124_164233	86.0	-0.671251368	1000000.0	9
20170124_164243	86.0	-0.670907706	1000000.0	9
20170124_164253	86.0	-0.671085265	1000000.0	9
20170124_164303	86.6	-0.678631264	1000000.0	9
20170124_164313	86.4	-0.670456315	1000000.0	9
20170124_164323	86.6	-0.670532178	1000000.0	9
20170124_164333	86.4	-0.670861448	1000000.0	9
20170124_164343	86.6	-0.669238074	1000000.0	9
20170124_164353	86.7	-0.663168035	1000000.0	9
20170124_164403	86.6	-0.669704279	1000000.0	9
20170124_164413	86.9	-0.670808622	1000000.0	9
20170124_164423	86.9	-0.671970681	1000000.0	9
20170124_164433	86.9	-0.67102912	1000000.0	9
20170124_164443	86.9	-0.67708427	1000000.0	9
20170124_164453	86.9	-0.670216596	1000000.0	9
20170124_164503	87.1	-0.667492091	1000000.0	9
20170124_164513	86.9	-0.666467925	1000000.0	9
20170124_164523	87.1	-0.668819794	1000000.0	9
20170124_164533	87.1	-0.670432482	1000000.0	9
20170124_164543	87.3	-0.67063868	1000000.0	9
20170124_164553	87.3	-0.672938586	1000000.0	9
20170124_164603	87.7	-0.67408796	1000000.0	9
20170124_164613	87.3	-0.676993673	1000000.0	9
20170124_164623	87.3	-0.676449998	1000000.0	9
20170124_164633	87.3	-0.67591155	1000000.0	9
20170124_164643	87.5	-0.676894268	1000000.0	9
20170124_164653	87.7	-0.677117442	1000000.0	9
20170124_164703	87.3	-0.679475234	1000000.0	9
20170124_164713	87.3	-0.679211606	1000000.0	9
20170124_164723	87.5	-0.679587926	1000000.0	9
20170124_164733	87.5	-0.679351334	1000000.0	9
20170124_164743	87.7	-0.679489499	1000000.0	9
20170124_164753	87.3	-0.681143643	1000000.0	9
20170124_164803	86.4	-0.68157324	1000000.0	9
20170124_164813	86.0	-0.682417922	1000000.0	9
20170124_164823	86.2	-0.683801397	1000000.0	9
20170124_164833	86.2	-0.684939518	1000000.0	9
20170124_164843	86.4	-0.686458732	1000000.0	9
20170124_164853	86.4	-0.686450158	1000000.0	9
20170124_164903	86.6	-0.68386297	1000000.0	9
20170124_164913	86.6	-0.685578846	1000000.0	9
20170124_164923	86.6	-0.685825677	1000000.0	9
20170124_164933	86.6	-0.684395905	1000000.0	9
20170124_164943	86.6	-0.684250286	1000000.0	9
20170124_164953	86.6	-0.685632991	1000000.0	9
20170124_165003	86.7	-0.684806481	1000000.0	9
20170124_165013	86.7	-0.685915359	1000000.0	9
20170124_165023	86.7	-0.686393687	1000000.0	9
20170124_165033	86.9	-0.687248336	1000000.0	9
20170124_165043	86.9	-0.692708693	1000000.0	9
20170124_165053	87.3	-0.691497763	1000000.0	9
20170124_165103	86.7	-0.686439856	1000000.0	9
20170124_165113	86.9	-0.685666953	1000000.0	9
20170124_165123	86.9	-0.684207779	1000000.0	9
20170124_165133	86.9	-0.683291393	1000000.0	9
20170124_165143	87.1	-0.68435571	1000000.0	9
20170124_165153	88.3	-0.684020201	1000000.0	9
20170124_165203	87.5	-0.684752173	1000000.0	9
20170124_165213	87.5	-0.685000624	1000000.0	9
20170124_165223	87.5	-0.687882187	1000000.0	9
20170124_165233	87.3	-0.688835595	1000000.0	9
20170124_165243	87.1	-0.689480822	1000000.0	9
20170124_165253	87.5	-0.688039706	1000000.0	9
20170124_165303	87.1	-0.687929288	1000000.0	9
20170124_165313	87.3	-0.687672653	1000000.0	9
20170124_165323	87.3	-0.688757321	1000000.0	9
20170124_165333	87.9	-0.689648289	1000000.0	9
20170124_165343	87.5	-0.690683418	1000000.0	9
20170124_165353	87.5	-0.693246034	1000000.0	9
20170124_165403	87.5	-0.695158408	1000000.0	9
20170124_165413	87.3	-0.694941018	1000000.0	9
20170124_165423	87.3	-0.696335239	1000000.0	9
20170124_165433	87.5	-0.697623744	1000000.0	9
20170124_165443	87.5	-0.700437778	1000000.0	9
20170124_165453	87.7	-0.702804635	1000000.0	9
20170124_165503	87.1	-0.704416886	1000000.0	9
20170124_165513	87.5	-0.703375492	1000000.0	9
20170124_165523	86.4	-0.704335018	1000000.0	9
20170124_165533	86.2	-0.704643389	1000000.0	9
20170124_165543	86.6	-0.701734678	1000000.0	9
20170124_165553	85.4	-0.703686175	1000000.0	9
20170124_165603	85.4	-0.703876252	1000000.0	9
20170124_165613	85.4	-0.702543405	1000000.0	9
20170124_165623	86.0	-0.705353771	1000000.0	9
20170124_165633	86.0	-0.707468291	1000000.0	9
20170124_165643	86.0	-0.709742124	1000000.0	9
20170124_165653	85.8	-0.706344646	1000000.0	9
20170124_165703	86.0	-0.708228035	1000000.0	9
20170124_165713	86.0	-0.71320046	1000000.0	9
20170124_165723	86.0	-0.709299152	1000000.0	9
20170124_165733	86.0	-0.712181746	1000000.0	9
20170124_165743	86.0	-0.713445582	1000000.0	9
20170124_165753	86.2	-0.713179775	1000000.0	9
20170124_165803	86.2	-0.714722956	1000000.0	9
20170124_165813	86.4	-0.713951452	1000000.0	9
20170124_165823	86.2	-0.716912312	1000000.0	9
20170124_165833	86.4	-0.716372171	1000000.0	9
20170124_165843	86.4	-0.717979304	1000000.0	9
20170124_165853	86.6	-0.717011657	1000000.0	9
20170124_165903	86.6	-0.719205979	1000000.0	9
20170124_165913	86.6	-0.717705163	1000000.0	9
20170124_165923	86.7	-0.713561374	1000000.0	9
20170124_165933	86.6	-0.712297465	1000000.0	9
20170124_165943	86.6	-0.713535283	1000000.0	9
20170124_165953	86.7	-0.711247645	1000000.0	9
20170124_170004	86.7	-0.712492859	1000000.0	9
20170124_170013	86.9	-0.714469922	1000000.0	9
20170124_170023	87.1	-0.716000967	1000000.0	9
20170124_170033	86.9	-0.717744091	1000000.0	9
20170124_170043	86.9	-0.716225226	1000000.0	9
20170124_170053	86.9	-0.713941818	1000000.0	9
20170124_170103	86.9	-0.715693785	1000000.0	9
20170124_170113	87.3	-0.718807054	1000000.0	9
20170124_170123	87.3	-0.720110538	1000000.0	9
20170124_170133	87.1	-0.716461747	1000000.0	9
20170124_170143	87.3	-0.717975613	1000000.0	9
20170124_170153	87.1	-0.719801307	1000000.0	9
20170124_170203	87.3	-0.720782922	1000000.0	9
20170124_170213	87.1	-0.721799738	1000000.0	9
20170124_170223	87.1	-0.721656508	1000000.0	9
20170124_170233	87.1	-0.721539965	1000000.0	9
20170124_170243	87.1	-0.723704115	1000000.0	9
20170124_170253	87.5	-0.722870044	1000000.0	9
20170124_170303	87.5	-0.723197214	1000000.0	9
20170124_170313	87.5	-0.733347483	1000000.0	9
20170124_170323	87.5	-0.733906589	1000000.0	9
20170124_170333	87.3	-0.732528278	1000000.0	9
20170124_170343	87.1	-0.730351549	1000000.0	9
20170124_170353	86.9	-0.729449427	1000000.0	9
20170124_170403	87.1	-0.73144858	1000000.0	9
20170124_170413	87.1	-0.729110518	1000000.0	9
20170124_170423	87.3	-0.721910219	1000000.0	9
20170124_170433	87.3	-0.720858969	1000000.0	9
20170124_170443	86.9	-0.721043795	1000000.0	9
20170124_170453	86.4	-0.72212428	1000000.0	9
20170124_170503	86.4	-0.722686365	1000000.0	9
20170124_170513	86.4	-0.722401754	1000000.0	9
20170124_170523	86.4	-0.722488614	1000000.0	9
20170124_170533	86.4	-0.724504655	1000000.0	9
20170124_170543	86.6	-0.726351931	1000000.0	9
20170124_170553	86.4	-0.724076389	1000000.0	9
20170124_170603	86.4	-0.72503951	1000000.0	9
20170124_170613	86.7	-0.727500521	1000000.0	9
20170124_170623	86.2	-0.725145743	1000000.0	9
20170124_170633	86.7	-0.726849256	1000000.0	9
20170124_170643	87.1	-0.730627996	1000000.0	9
20170124_170653	86.9	-0.733493169	1000000.0	9
20170124_170703	87.1	-0.734639741	1000000.0	9
20170124_170713	86.9	-0.736116655	1000000.0	9
20170124_170723	86.9	-0.736501288	1000000.0	9
20170124_170733	86.4	-0.7387615	1000000.0	9
20170124_170743	87.1	-0.740373523	1000000.0	9
20170124_170753	86.6	-0.744314758	1000000.0	9
20170124_170803	86.7	-0.747017597	1000000.0	9
20170124_170813	86.2	-0.751610903	1000000.0	9
20170124_170823	86.6	-0.753707201	1000000.0	9
20170124_170833	86.4	-0.752524783	1000000.0	9
20170124_170843	86.4	-0.755699344	1000000.0	9
20170124_170853	86.4	-0.755259163	1000000.0	9
20170124_170903	86.4	-0.75167201	1000000.0	9
20170124_170913	86.6	-0.748611185	1000000.0	9
20170124_170923	86.7	-0.746707202	1000000.0	9
20170124_170933	86.6	-0.74896171	1000000.0	9
20170124_170943	86.9	-0.749063441	1000000.0	9
20170124_170953	86.6	-0.748646355	1000000.0	9
20170124_171003	86.7	-0.749859743	1000000.0	9
20170124_171013	86.7	-0.751909423	1000000.0	9
20170124_171023	86.7	-0.750230702	1000000.0	9
20170124_171033	86.9	-0.749364173	1000000.0	9
20170124_171043	86.9	-0.748111064	1000000.0	9
20170124_171053	87.1	-0.748894923	1000000.0	9
20170124_171103	86.7	-0.752038246	1000000.0	9
20170124_171113	86.9	-0.74761909	1000000.0	9
20170124_171123	86.9	-0.748379301	1000000.0	9
20170124_171133	87.1	-0.745976528	1000000.0	9
20170124_171143	86.9	-0.748139449	1000000.0	9
20170124_171153	87.1	-0.749610097	1000000.0	9
20170124_171203	86.9	-0.749513435	1000000.0	9
20170124_171213	87.1	-0.756396368	1000000.0	9
20170124_171223	87.1	-0.75497382	1000000.0	9
20170124_171233	86.7	-0.75898505	1000000.0	9
20170124_171243	86.7	-0.755351141	1000000.0	9
20170124_171253	87.1	-0.752283825	1000000.0	9
20170124_171303	86.7	-0.751943665	1000000.0	9
20170124_171313	86.9	-0.752524442	1000000.0	9
20170124_171323	86.7	-0.751104845	1000000.0	9
20170124_171333	86.2	-0.750006226	1000000.0	9
20170124_171343	86.4	-0.753422452	1000000.0	9
20170124_171353	86.6	-0.751264119	1000000.0	9
20170124_171403	86.4	-0.750929973	1000000.0	9
20170124_171413	86.0	-0.749047958	1000000.0	9
20170124_171423	86.2	-0.751870468	1000000.0	9
20170124_171433	86.4	-0.751662888	1000000.0	9
20170124_171443	86.6	-0.75402486	1000000.0	9
20170124_171453	86.7	-0.752145139	1000000.0	9
20170124_171503	86.9	-0.749090309	1000000.0	9
20170124_171513	87.1	-0.748993811	1000000.0	9
20170124_171523	86.9	-0.750379958	1000000.0	9
20170124_171533	86.9	-0.747264745	1000000.0	9
20170124_171543	86.9	-0.745196029	1000000.0	9
20170124_171553	86.7	-0.744526713	1000000.0	9
20170124_171603	86.9	-0.743922051	1000000.0	9
20170124_171613	86.9	-0.742734765	1000000.0	9
20170124_171623	87.1	-0.741087205	1000000.0	9
20170124_171633	87.1	-0.743752368	1000000.0	9
20170124_171643	87.3	-0.744207107	1000000.0	9
20170124_171653	86.9	-0.74107329	1000000.0	9
20170124_171703	87.3	-0.741504294	1000000.0	9
20170124_171713	87.1	-0.741863174	1000000.0	9
20170124_171723	87.3	-0.744474778	1000000.0	9
20170124_171733	87.1	-0.744744568	1000000.0	9
20170124_171743	87.5	-0.744940742	1000000.0	9
20170124_171753	87.1	-0.744624858	1000000.0	9
20170124_171803	87.3	-0.746641141	1000000.0	9
20170124_171813	87.3	-0.746583409	1000000.0	9
20170124_171823	87.7	-0.748500191	1000000.0	9
20170124_171833	87.7	-0.749599494	1000000.0	9
20170124_171843	87.5	-0.748388228	1000000.0	9
20170124_171853	87.5	-0.751392478	1000000.0	9
20170124_171903	87.5	-0.750821085	1000000.0	9
20170124_171913	87.7	-0.751767395	1000000.0	9
20170124_171923	87.5	-0.752125575	1000000.0	9
20170124_171933	87.3	-0.755246141	1000000.0	9
20170124_171943	87.5	-0.756765785	1000000.0	9
20170124_171953	87.5	-0.756098069	1000000.0	9
20170124_172003	87.5	-0.756078183	1000000.0	9
20170124_172013	87.5	-0.756544659	1000000.0	9
20170124_172023	87.5	-0.758831299	1000000.0	9
20170124_172033	87.5	-0.757050464	1000000.0	9
20170124_172043	87.3	-0.757751994	1000000.0	9
20170124_172053	87.3	-0.758073332	1000000.0	9
20170124_172103	87.3	-0.763235907	1000000.0	9
20170124_172113	87.7	-0.761041494	1000000.0	9
20170124_172123	87.3	-0.760465482	1000000.0	9
20170124_172133	87.5	-0.761013921	1000000.0	9
20170124_172143	87.5	-0.760775588	1000000.0	9
20170124_172153	87.5	-0.759686705	1000000.0	9
20170124_172203	87.5	-0.758032967	1000000.0	9
20170124_172213	87.3	-0.759090444	1000000.0	9
20170124_172223	87.3	-0.758043506	1000000.0	9
20170124_172233	87.3	-0.759271008	1000000.0	9
20170124_172243	87.5	-0.758109625	1000000.0	9
20170124_172253	87.5	-0.76246014	1000000.0	9
20170124_172303	87.3	-0.763749087	1000000.0	9
20170124_172313	87.7	-0.765701383	1000000.0	9
20170124_172323	86.6	-0.762589593	1000000.0	9
20170124_172333	86.7	-0.763305359	1000000.0	9
20170124_172343	86.6	-0.766078354	1000000.0	9
20170124_172353	87.7	-0.765222896	1000000.0	9
20170124_172403	87.5	-0.762532111	1000000.0	9
20170124_172413	86.9	-0.763724234	1000000.0	9
20170124_172423	86.7	-0.765140053	1000000.0	9
20170124_172433	86.7	-0.765813907	1000000.0	9
20170124_172443	86.6	-0.764673403	1000000.0	9
20170124_172453	86.9	-0.764277807	1000000.0	9
20170124_172503	86.9	-0.763768016	1000000.0	9
20170124_172513	86.7	-0.765854418	1000000.0	9
20170124_172523	86.6	-0.764376336	1000000.0	9
20170124_172533	86.2	-0.769187892	1000000.0	9
20170124_172543	86.4	-0.768112942	1000000.0	9
20170124_172553	86.4	-0.769387126	1000000.0	9
20170124_172603	86.6	-0.769394878	1000000.0	9
20170124_172613	86.6	-0.770013088	1000000.0	9
20170124_172623	86.7	-0.772459853	1000000.0	9
20170124_172633	86.6	-0.771339915	1000000.0	9
20170124_172643	86.9	-0.771481582	1000000.0	9
20170124_172653	86.9	-0.773786986	1000000.0	9
20170124_172703	87.1	-0.771069214	1000000.0	9
20170124_172713	87.1	-0.770374739	1000000.0	9
20170124_172723	86.9	-0.771959995	1000000.0	9
20170124_172733	86.9	-0.771043895	1000000.0	9
20170124_172743	86.9	-0.772736778	1000000.0	9
20170124_172753	86.6	-0.773726831	1000000.0	9
20170124_172803	87.3	-0.771788324	1000000.0	9
20170124_172813	87.7	-0.768503449	1000000.0	9
20170124_172823	86.7	-0.765604482	1000000.0	9
20170124_172833	87.5	-0.764340729	1000000.0	9
20170124_172843	87.9	-0.762965768	1000000.0	9
20170124_172853	87.7	-0.762722131	1000000.0	9
20170124_172903	87.5	-0.761898902	1000000.0	9
20170124_172913	87.3	-0.760500514	1000000.0	9
20170124_172923	86.9	-0.759789664	1000000.0	9
20170124_172933	86.9	-0.757865552	1000000.0	9
20170124_172943	87.1	-0.758928001	1000000.0	9
20170124_172953	86.9	-0.7600977	1000000.0	9
20170124_173003	87.1	-0.764200535	1000000.0	9
20170124_173013	87.1	-0.76372313	1000000.0	9
20170124_173023	87.5	-0.761160974	1000000.0	9
20170124_173033	87.5	-0.761835096	1000000.0	9
20170124_173043	87.3	-0.76306825	1000000.0	9
20170124_173053	87.3	-0.76436924	1000000.0	9
20170124_173103	87.3	-0.764633314	1000000.0	9
20170124_173113	87.3	-0.765259404	1000000.0	9
20170124_173123	87.5	-0.768093383	1000000.0	9
20170124_173133	87.5	-0.772510173	1000000.0	9
20170124_173143	87.1	-0.770577524	1000000.0	9
20170124_173153	87.3	-0.770099705	1000000.0	9
20170124_173203	87.5	-0.770424208	1000000.0	9
20170124_173213	87.5	-0.772351026	1000000.0	9
20170124_173223	87.5	-0.776846713	1000000.0	9
20170124_173233	87.5	-0.775228916	1000000.0	9
20170124_173243	87.5	-0.773854298	1000000.0	9
20170124_173253	87.3	-0.776247493	1000000.0	9
20170124_173303	87.7	-0.776752819	1000000.0	9
20170124_173313	87.7	-0.776238604	1000000.0	9
20170124_173323	87.5	-0.779188312	1000000.0	9
20170124_173333	87.5	-0.778763017	1000000.0	9
20170124_173343	86.6	-0.777025232	1000000.0	9
20170124_173353	86.4	-0.7790573	1000000.0	9
20170124_173403	86.6	-0.780139802	1000000.0	9
20170124_173413	86.4	-0.780569438	1000000.0	9
20170124_173423	86.4	-0.781262765	1000000.0	9
20170124_173433	86.6	-0.780997523	1000000.0	9
20170124_173443	86.7	-0.781399002	1000000.0	9
20170124_173453	86.7	-0.78117282	1000000.0	9
20170124_173503	86.9	-0.782610095	1000000.0	9
20170124_173513	86.7	-0.780676948	1000000.0	9
20170124_173523	86.6	-0.780159802	1000000.0	9
20170124_173533	86.6	-0.778417111	1000000.0	9
20170124_173543	86.7	-0.777665026	1000000.0	9
20170124_173553	86.9	-0.778489236	1000000.0	9
20170124_173603	87.1	-0.783744827	1000000.0	9
20170124_173613	86.7	-0.780639989	1000000.0	9
20170124_173623	86.9	-0.780929094	1000000.0	9
20170124_173633	86.9	-0.77826579	1000000.0	9
20170124_173643	86.9	-0.778205075	1000000.0	9
20170124_173653	87.3	-0.777110085	1000000.0	9
20170124_173703	87.3	-0.774513987	1000000.0	9
20170124_173713	87.1	-0.774194884	1000000.0	9
20170124_173723	87.1	-0.77421798	1000000.0	9
20170124_173733	86.9	-0.775403494	1000000.0	9
20170124_173743	86.7	-0.775682117	1000000.0	9
20170124_173753	87.3	-0.777209816	1000000.0	9
20170124_173803	87.3	-0.777601361	1000000.0	9
20170124_173813	86.7	-0.779709292	1000000.0	9
20170124_173823	86.9	-0.782917448	1000000.0	9
20170124_173833	86.9	-0.781952864	1000000.0	9
20170124_173843	86.9	-0.782574487	1000000.0	9
20170124_173853	86.9	-0.785179303	1000000.0	9
20170124_173903	87.1	-0.787659668	1000000.0	9
20170124_173913	87.1	-0.787959414	1000000.0	9
20170124_173923	87.3	-0.789816463	1000000.0	9
20170124_173933	87.3	-0.788956007	1000000.0	9
20170124_173943	86.9	-0.790214938	1000000.0	9
20170124_173953	87.5	-0.789213028	1000000.0	9
20170124_174003	87.5	-0.788958024	1000000.0	9
20170124_174013	87.3	-0.78683011	1000000.0	9
20170124_174023	87.3	-0.789849393	1000000.0	9
20170124_174033	87.7	-0.79104233	1000000.0	9
20170124_174043	87.7	-0.793532435	1000000.0	9
20170124_174053	87.1	-0.788188661	1000000.0	9
20170124_174103	87.1	-0.786874852	1000000.0	9
20170124_174113	87.5	-0.786830065	1000000.0	9
20170124_174123	87.3	-0.782435794	1000000.0	9
20170124_174133	87.3	-0.781425571	1000000.0	9
20170124_174143	86.9	-0.776515104	1000000.0	9
20170124_174153	86.9	-0.777524829	1000000.0	9
20170124_174203	86.9	-0.77772189	1000000.0	9
20170124_174213	87.1	-0.776645447	1000000.0	9
20170124_174223	86.9	-0.774398039	1000000.0	9
20170124_174233	87.3	-0.777481088	1000000.0	9
20170124_174243	86.7	-0.778693692	1000000.0	9
20170124_174253	86.2	-0.774914016	1000000.0	9
20170124_174303	86.0	-0.77521221	1000000.0	9
20170124_174313	86.0	-0.776756298	1000000.0	9
20170124_174323	86.0	-0.777818071	1000000.0	9
20170124_174333	86.2	-0.778698394	1000000.0	9
20170124_174343	86.4	-0.778347335	1000000.0	9
20170124_174353	86.4	-0.781938351	1000000.0	9
20170124_174403	86.4	-0.784653026	1000000.0	9
20170124_174413	86.4	-0.784760717	1000000.0	9
20170124_174423	86.6	-0.784423859	1000000.0	9
20170124_174433	86.4	-0.785109176	1000000.0	9
20170124_174443	86.6	-0.785126165	1000000.0	9
20170124_174453	86.6	-0.785818816	1000000.0	9
20170124_174503	86.6	-0.78568711	1000000.0	9
20170124_174513	87.1	-0.788297467	1000000.0	9
20170124_174523	87.1	-0.789502112	1000000.0	9
20170124_174533	86.7	-0.786942543	1000000.0	9
20170124_174543	86.9	-0.78778985	1000000.0	9
20170124_174553	87.1	-0.788628252	1000000.0	9
20170124_174603	86.7	-0.79000219	1000000.0	9
20170124_174613	87.1	-0.789578524	1000000.0	9
20170124_174623	87.1	-0.791495249	1000000.0	9
20170124_174633	86.9	-0.792865224	1000000.0	9
20170124_174643	86.9	-0.800331412	1000000.0	9
20170124_174653	87.1	-0.799244916	1000000.0	9
20170124_174703	87.1	-0.798294376	1000000.0	9
20170124_174713	87.3	-0.798922937	1000000.0	9
20170124_174723	87.1	-0.799324988	1000000.0	9
20170124_174733	87.5	-0.798436218	1000000.0	9
20170124_174743	87.1	-0.795874416	1000000.0	9
20170124_174753	86.7	-0.795787572	1000000.0	9
20170124_174803	86.4	-0.794687161	1000000.0	9
20170124_174813	86.4	-0.794858623	1000000.0	9
20170124_174823	86.6	-0.797110297	1000000.0	9
20170124_174833	86.6	-0.795621155	1000000.0	9
20170124_174843	86.6	-0.798067397	1000000.0	9
20170124_174853	86.6	-0.794076121	1000000.0	9
20170124_174903	86.6	-0.791373679	1000000.0	9
20170124_174913	86.4	-0.791946298	1000000.0	9
20170124_174923	86.7	-0.788809391	1000000.0	9
20170124_174933	86.4	-0.787706347	1000000.0	9
20170124_174943	86.7	-0.788211771	1000000.0	9
20170124_174953	86.6	-0.783360959	1000000.0	9
20170124_175003	86.7	-0.788443678	1000000.0	9
20170124_175013	86.6	-0.788000101	1000000.0	9
20170124_175023	86.7	-0.791502493	1000000.0	9
20170124_175033	86.9	-0.788150889	1000000.0	9
20170124_175043	86.7	-0.784939424	1000000.0	9
20170124_175053	86.9	-0.786220839	1000000.0	9
20170124_175103	86.9	-0.785783266	1000000.0	9
20170124_175113	86.9	-0.78904808	1000000.0	9
20170124_175123	86.9	-0.784893807	1000000.0	9
20170124_175133	86.7	-0.796413226	1000000.0	9
20170124_175143	86.9	-0.791171894	1000000.0	9
20170124_175153	86.9	-0.791413125	1000000.0	9
20170124_175203	86.7	-0.793966319	1000000.0	9
20170124_175213	86.7	-0.790083825	1000000.0	9
20170124_175223	86.6	-0.787574765	1000000.0	9
20170124_175233	86.7	-0.7872013	1000000.0	9
20170124_175243	86.9	-0.787195209	1000000.0	9
20170124_175253	86.7	-0.786807739	1000000.0	9
20170124_175303	86.7	-0.784999454	1000000.0	9
20170124_175313	86.9	-0.785792624	1000000.0	9
20170124_175323	86.7	-0.785479129	1000000.0	9
20170124_175333	86.7	-0.785015256	1000000.0	9
20170124_175343	86.9	-0.795284428	1000000.0	9
20170124_175353	86.9	-0.789094429	1000000.0	9
20170124_175403	87.1	-0.789234711	1000000.0	9
20170124_175413	86.9	-0.784988305	1000000.0	9
20170124_175423	87.1	-0.785778763	1000000.0	9
20170124_175433	86.7	-0.785570679	1000000.0	9
20170124_175443	86.9	-0.785876776	1000000.0	9
20170124_175453	87.1	-0.78647854	1000000.0	9
20170124_175503	86.9	-0.786228935	1000000.0	9
20170124_175513	86.9	-0.786418827	1000000.0	9
20170124_175523	86.9	-0.78654645	1000000.0	9
20170124_175533	87.1	-0.787830155	1000000.0	9
20170124_175543	86.9	-0.790350519	1000000.0	9
20170124_175553	87.9	-0.791926495	1000000.0	9
20170124_175603	87.5	-0.793426186	1000000.0	9
20170124_175613	87.5	-0.797805701	1000000.0	9
20170124_175623	86.2	-0.796799059	1000000.0	9
20170124_175633	86.4	-0.797071516	1000000.0	9
