20170220_131124	88.8	0.000197235803	1000000.0	10
20170220_131135	88.4	-0.000236645653	1000000.0	10
20170220_131144	88.4	-0.360703223	1000000.0	10
20170220_131154	88.6	-0.243080638	1000000.0	10
20170220_131204	88.1	-0.167315888	1000000.0	10
20170220_131214	88.6	-0.14864857	1000000.0	10
20170220_131224	88.4	-0.103733279	1000000.0	10
20170220_131234	88.4	-0.0878284879	1000000.0	10
20170220_131244	88.3	-0.0884150483	1000000.0	10
20170220_131254	88.3	-0.0795125018	1000000.0	10
20170220_131304	88.6	-0.0787966971	1000000.0	10
20170220_131315	88.3	-0.0817106646	1000000.0	10
20170220_131324	88.3	-0.0832313465	1000000.0	10
20170220_131334	88.4	-0.0844079161	1000000.0	10
20170220_131344	88.4	-0.0822303017	1000000.0	10
20170220_131354	88.6	-0.0788613351	1000000.0	10
20170220_131404	88.4	0.000319338416	1000000.0	10
20170220_131414	88.1	0.000105686556	1000000.0	10
20170220_131425	88.4	0.000206668284	1000000.0	10
20170220_131434	88.4	-0.42178852	1000000.0	10
20170220_131444	88.4	-0.44696539	1000000.0	10
20170220_131454	88.4	-0.545668426	1000000.0	10
20170220_131504	88.4	-0.505031893	1000000.0	10
20170220_131514	88.4	-1.07001901	1000000.0	10
20170220_131524	88.3	-0.996476666	1000000.0	10
20170220_131534	88.4	-1.01257831	1000000.0	10
20170220_131544	88.1	-1.02526394	1000000.0	10
20170220_131554	88.4	-1.03744242	1000000.0	10
20170220_131604	88.1	-0.644100992	1000000.0	10
20170220_131614	88.3	-0.568681874	1000000.0	10
20170220_131624	87.7	-0.749636487	1000000.0	10
20170220_131634	88.1	-0.941527371	1000000.0	10
20170220_131644	87.5	-0.933677604	1000000.0	10
20170220_131654	86.7	-0.905506256	1000000.0	10
20170220_131704	86.9	-0.00405933336	1000000.0	10
20170220_131714	86.7	-1.05092904	1000000.0	10
20170220_131724	87.1	-1.0602945	1000000.0	10
20170220_131734	86.9	-1.06034813	1000000.0	10
20170220_131744	87.3	-1.06242878	1000000.0	10
20170220_131754	87.3	-1.04268305	1000000.0	10
20170220_131804	86.6	-1.04407967	1000000.0	10
20170220_131814	86.9	-1.04434204	1000000.0	10
20170220_131824	87.3	-1.04633512	1000000.0	10
20170220_131834	86.9	-1.04712592	1000000.0	10
20170220_131844	86.7	-1.05050804	1000000.0	10
20170220_131854	86.6	-1.05255638	1000000.0	10
20170220_131904	86.7	-1.05277177	1000000.0	10
20170220_131914	86.7	-1.05476298	1000000.0	10
20170220_131924	86.6	-1.05544849	1000000.0	10
20170220_131934	86.9	-1.05964862	1000000.0	10
20170220_131944	86.7	-1.05836714	1000000.0	10
20170220_131954	87.1	-1.06028674	1000000.0	10
20170220_132004	87.7	-1.0617734	1000000.0	10
20170220_132014	87.3	-1.06302407	1000000.0	10
20170220_132024	86.9	-1.06434451	1000000.0	10
20170220_132034	86.9	-1.06480897	1000000.0	10
20170220_132044	86.9	-1.06567906	1000000.0	10
20170220_132054	86.9	-1.06807528	1000000.0	10
20170220_132104	87.3	-1.06939716	1000000.0	10
20170220_132114	87.1	-1.06920234	1000000.0	10
20170220_132124	87.3	-1.07016931	1000000.0	10
20170220_132134	87.1	-1.07025912	1000000.0	10
20170220_132144	87.7	-1.07112121	1000000.0	10
20170220_132154	87.1	-1.0713414	1000000.0	10
20170220_132204	87.7	-1.06990411	1000000.0	10
20170220_132214	87.9	-1.06972459	1000000.0	10
20170220_132224	87.7	-1.0694869	1000000.0	10
20170220_132234	87.7	-1.07086226	1000000.0	10
20170220_132244	87.9	-1.06953339	1000000.0	10
20170220_132254	87.7	-1.07175591	1000000.0	10
20170220_132304	88.1	-1.07094853	1000000.0	10
20170220_132314	88.1	-1.07293188	1000000.0	10
20170220_132324	88.3	-1.07365869	1000000.0	10
20170220_132334	88.3	-1.07231553	1000000.0	10
20170220_132344	88.3	-1.07506759	1000000.0	10
20170220_132354	88.3	-1.0728883	1000000.0	10
20170220_132404	88.3	-1.0725699	1000000.0	10
20170220_132414	88.3	-1.07602832	1000000.0	10
20170220_132424	87.9	-1.07620585	1000000.0	10
20170220_132434	88.3	-1.07547541	1000000.0	10
20170220_132444	88.1	-1.07674453	1000000.0	10
20170220_132454	88.4	-1.07719638	1000000.0	10
20170220_132504	88.1	-1.07595221	1000000.0	10
20170220_132514	88.3	-1.0764332	1000000.0	10
20170220_132524	88.3	-1.07481194	1000000.0	10
20170220_132534	88.3	-1.07398045	1000000.0	10
20170220_132544	88.1	-1.07333142	1000000.0	10
20170220_132554	88.1	-1.07405515	1000000.0	10
20170220_132604	88.1	-1.07506338	1000000.0	10
20170220_132614	88.1	-1.07323521	1000000.0	10
20170220_132624	88.1	-1.07353325	1000000.0	10
20170220_132634	88.3	-1.07340111	1000000.0	10
20170220_132644	88.3	-1.07341332	1000000.0	10
20170220_132654	88.1	-1.07215419	1000000.0	10
20170220_132704	87.9	-1.07182393	1000000.0	10
20170220_132714	88.3	-1.0728563	1000000.0	10
20170220_132724	88.3	-1.07088282	1000000.0	10
20170220_132734	87.9	-1.07195103	1000000.0	10
20170220_132744	88.1	-1.07145679	1000000.0	10
20170220_132754	87.9	-1.07165782	1000000.0	10
20170220_132804	88.1	-1.07235765	1000000.0	10
20170220_132814	88.1	-1.07256712	1000000.0	10
20170220_132824	88.1	-1.07255494	1000000.0	10
20170220_132834	87.9	-1.0729053	1000000.0	10
20170220_132844	87.9	-1.07318256	1000000.0	10
20170220_132854	87.7	-1.07324257	1000000.0	10
20170220_132904	87.9	-1.07450089	1000000.0	10
20170220_132914	87.9	-1.07244356	1000000.0	10
20170220_132924	87.9	-1.0731602	1000000.0	10
20170220_132934	87.9	-1.0721706	1000000.0	10
20170220_132944	88.1	-1.07147161	1000000.0	10
20170220_132954	88.3	-1.07260119	1000000.0	10
20170220_133004	88.1	-1.0731572	1000000.0	10
20170220_133014	87.5	-1.07254004	1000000.0	10
20170220_133024	87.5	-1.07309824	1000000.0	10
20170220_133034	87.3	-1.07302052	1000000.0	10
20170220_133044	87.5	-1.07241222	1000000.0	10
20170220_133054	87.5	-1.07202172	1000000.0	10
20170220_133104	87.5	-1.07186473	1000000.0	10
20170220_133114	87.3	-1.07271578	1000000.0	10
20170220_133124	87.3	-1.07327941	1000000.0	10
20170220_133134	87.5	-1.07260591	1000000.0	10
20170220_133144	87.5	-1.07357046	1000000.0	10
20170220_133154	87.5	-1.07263294	1000000.0	10
20170220_133204	87.1	-1.07306263	1000000.0	10
20170220_133214	87.3	-1.07385462	1000000.0	10
20170220_133224	86.7	-1.07336398	1000000.0	10
20170220_133234	86.4	-1.07609521	1000000.0	10
20170220_133244	87.3	-1.07487462	1000000.0	10
20170220_133254	87.3	-1.07599312	1000000.0	10
20170220_133304	87.5	-1.07600852	1000000.0	10
20170220_133314	87.5	-1.07592647	1000000.0	10
20170220_133324	87.5	-1.07623956	1000000.0	10
20170220_133334	87.5	-1.07623038	1000000.0	10
20170220_133344	87.3	-1.07798366	1000000.0	10
20170220_133354	87.3	-1.07776876	1000000.0	10
20170220_133404	87.3	-1.07888119	1000000.0	10
20170220_133414	87.7	-1.07815534	1000000.0	10
20170220_133424	87.1	-1.0786974	1000000.0	10
20170220_133434	87.5	-1.07778667	1000000.0	10
20170220_133444	87.5	-1.07878199	1000000.0	10
20170220_133454	87.3	-1.07829078	1000000.0	10
20170220_133504	87.7	-1.07935001	1000000.0	10
20170220_133514	87.5	-1.07896673	1000000.0	10
20170220_133524	87.5	-1.07900186	1000000.0	10
20170220_133534	87.9	-1.07978832	1000000.0	10
20170220_133544	87.3	-1.07895373	1000000.0	10
20170220_133554	87.5	-1.07965783	1000000.0	10
20170220_133604	87.7	-1.07908476	1000000.0	10
20170220_133614	87.5	-1.0795408	1000000.0	10
20170220_133624	87.7	-1.08036895	1000000.0	10
20170220_133634	87.7	-1.07981099	1000000.0	10
20170220_133644	87.7	-1.08026113	1000000.0	10
20170220_133654	87.9	-1.08011766	1000000.0	10
20170220_133704	87.7	-1.07930294	1000000.0	10
20170220_133714	87.9	-1.07939641	1000000.0	10
20170220_133724	87.7	-1.07897206	1000000.0	10
20170220_133734	87.7	-1.07868992	1000000.0	10
20170220_133744	87.5	-1.0793104	1000000.0	10
20170220_133754	87.5	-1.08044649	1000000.0	10
20170220_133804	87.7	-1.0805359	1000000.0	10
20170220_133814	87.7	-1.08130937	1000000.0	10
20170220_133824	87.7	-1.08136619	1000000.0	10
20170220_133834	87.7	-1.08211132	1000000.0	10
20170220_133844	87.9	-1.08157869	1000000.0	10
20170220_133854	87.7	-1.08084523	1000000.0	10
20170220_133904	87.7	-1.08090348	1000000.0	10
20170220_133914	87.9	-1.08096745	1000000.0	10
20170220_133924	88.1	-1.08322816	1000000.0	10
20170220_133934	87.9	-1.08261211	1000000.0	10
20170220_133944	87.5	-1.08331012	1000000.0	10
20170220_133954	87.7	-1.08351096	1000000.0	10
20170220_134004	87.9	-1.08264647	1000000.0	10
20170220_134014	87.5	-1.08345052	1000000.0	10
20170220_134024	87.9	-1.08292916	1000000.0	10
20170220_134034	87.7	-1.08476803	1000000.0	10
20170220_134044	87.5	-1.08463868	1000000.0	10
20170220_134054	87.9	-1.08384317	1000000.0	10
20170220_134104	87.9	-1.0843442	1000000.0	10
20170220_134114	88.1	-1.08453426	1000000.0	10
20170220_134124	87.9	-1.08389107	1000000.0	10
20170220_134134	88.1	-1.08441605	1000000.0	10
20170220_134144	88.1	-1.08538825	1000000.0	10
20170220_134154	88.3	-1.08479197	1000000.0	10
20170220_134204	88.3	-1.0853072	1000000.0	10
20170220_134214	88.3	-1.08611721	1000000.0	10
20170220_134224	88.4	-1.08562512	1000000.0	10
20170220_134234	88.3	-1.08602608	1000000.0	10
20170220_134244	88.4	-1.08563497	1000000.0	10
20170220_134254	88.1	-1.08677828	1000000.0	10
20170220_134304	86.6	-1.08715592	1000000.0	10
20170220_134314	87.1	-1.08719573	1000000.0	10
20170220_134324	87.1	-1.08802456	1000000.0	10
20170220_134334	87.3	-1.0882364	1000000.0	10
20170220_134344	87.3	-1.08787222	1000000.0	10
20170220_134354	87.3	-1.08918305	1000000.0	10
20170220_134404	87.5	-1.08874547	1000000.0	10
20170220_134414	87.3	-1.08975043	1000000.0	10
20170220_134424	87.3	-1.08866501	1000000.0	10
20170220_134434	87.5	-1.08993989	1000000.0	10
20170220_134444	87.5	-1.0891644	1000000.0	10
20170220_134454	87.3	-1.0904281	1000000.0	10
20170220_134504	87.5	-1.08997916	1000000.0	10
20170220_134514	87.3	-1.09055137	1000000.0	10
20170220_134524	87.3	-1.09109884	1000000.0	10
20170220_134534	87.5	-1.09194671	1000000.0	10
20170220_134544	87.5	-1.09205643	1000000.0	10
20170220_134554	87.5	-1.09331537	1000000.0	10
20170220_134604	87.5	-1.09226328	1000000.0	10
20170220_134614	87.3	-1.0914753	1000000.0	10
20170220_134624	87.5	-1.09305438	1000000.0	10
20170220_134634	87.5	-1.09288711	1000000.0	10
20170220_134644	87.3	-1.09251686	1000000.0	10
20170220_134654	87.5	-1.09363121	1000000.0	10
20170220_134704	87.5	-1.09296841	1000000.0	10
20170220_134714	87.7	-1.0941056	1000000.0	10
20170220_134724	87.7	-1.09375515	1000000.0	10
20170220_134734	87.5	-1.09460516	1000000.0	10
20170220_134744	87.7	-1.0932709	1000000.0	10
20170220_134754	87.5	-1.09424287	1000000.0	10
20170220_134804	87.7	-1.09351257	1000000.0	10
20170220_134814	87.9	-1.09428811	1000000.0	10
20170220_134824	87.9	-1.09467457	1000000.0	10
20170220_134834	87.3	-1.09468337	1000000.0	10
20170220_134844	87.3	-1.09577716	1000000.0	10
20170220_134854	87.1	-1.09439205	1000000.0	10
20170220_134904	87.1	-1.09470467	1000000.0	10
20170220_134914	87.3	-1.09568879	1000000.0	10
20170220_134924	87.5	-1.09466563	1000000.0	10
20170220_134934	87.3	-1.09461369	1000000.0	10
20170220_134944	87.3	-1.09470483	1000000.0	10
20170220_134954	87.3	-1.09478481	1000000.0	10
20170220_135004	87.3	-1.0935957	1000000.0	10
20170220_135014	87.3	-1.09514065	1000000.0	10
20170220_135024	87.5	-1.09474496	1000000.0	10
20170220_135034	87.5	-1.09581919	1000000.0	10
20170220_135044	87.7	-1.09585659	1000000.0	10
20170220_135054	87.7	-1.0953622	1000000.0	10
20170220_135104	87.7	-1.09404532	1000000.0	10
20170220_135114	87.9	-1.09575877	1000000.0	10
20170220_135124	87.5	-1.0959697	1000000.0	10
20170220_135134	87.9	-1.09470677	1000000.0	10
20170220_135144	87.9	-1.09475733	1000000.0	10
20170220_135154	87.7	-1.09511647	1000000.0	10
20170220_135204	87.7	-1.09538019	1000000.0	10
20170220_135214	88.1	-1.09670681	1000000.0	10
20170220_135224	87.5	-1.09651328	1000000.0	10
20170220_135234	87.5	-1.09721877	1000000.0	10
20170220_135244	87.7	-1.09803257	1000000.0	10
20170220_135254	87.5	-1.09753136	1000000.0	10
20170220_135304	87.3	-1.09775251	1000000.0	10
20170220_135314	88.1	-1.09861654	1000000.0	10
20170220_135324	87.1	-1.09815639	1000000.0	10
20170220_135334	87.5	-1.09788476	1000000.0	10
20170220_135344	87.5	-1.0977543	1000000.0	10
20170220_135354	87.5	-1.09858746	1000000.0	10
20170220_135404	87.5	-1.09871105	1000000.0	10
20170220_135414	87.1	-1.09844791	1000000.0	10
20170220_135424	87.3	-1.09900548	1000000.0	10
20170220_135434	87.3	-1.09926093	1000000.0	10
20170220_135444	87.1	-1.09910889	1000000.0	10
20170220_135454	87.5	-1.09870806	1000000.0	10
20170220_135504	87.5	-1.09939219	1000000.0	10
20170220_135514	87.5	-1.09936607	1000000.0	10
20170220_135524	87.5	-1.09773706	1000000.0	10
20170220_135534	87.5	-1.09806433	1000000.0	10
20170220_135544	87.5	-1.0979671	1000000.0	10
20170220_135554	87.5	-1.09779072	1000000.0	10
20170220_135604	87.5	-1.09860776	1000000.0	10
20170220_135614	87.9	-1.09795615	1000000.0	10
20170220_135624	87.9	-1.10005801	1000000.0	10
20170220_135634	87.9	-1.09945765	1000000.0	10
20170220_135644	88.1	-1.09927331	1000000.0	10
20170220_135654	88.1	-1.10024845	1000000.0	10
20170220_135704	87.9	-1.09916679	1000000.0	10
20170220_135714	87.9	-1.10072059	1000000.0	10
20170220_135724	88.1	-1.0991758	1000000.0	10
20170220_135734	88.3	-1.10109219	1000000.0	10
20170220_135744	88.1	-1.09910369	1000000.0	10
20170220_135754	88.3	-1.10002375	1000000.0	10
20170220_135804	88.1	-1.09879896	1000000.0	10
20170220_135814	87.7	-1.1000708	1000000.0	10
20170220_135824	88.1	-1.09909832	1000000.0	10
20170220_135834	88.3	-1.09915089	1000000.0	10
20170220_135844	88.1	-1.0995473	1000000.0	10
20170220_135854	87.7	-1.09969787	1000000.0	10
20170220_135904	88.1	-1.09992198	1000000.0	10
20170220_135914	88.1	-1.09975968	1000000.0	10
20170220_135924	88.1	-1.09994974	1000000.0	10
20170220_135934	87.9	-1.09986992	1000000.0	10
20170220_135944	87.9	-1.10113351	1000000.0	10
20170220_135954	88.1	-1.1007707	1000000.0	10
20170220_140004	88.1	-1.1008575	1000000.0	10
20170220_140014	87.9	-1.1009957	1000000.0	10
20170220_140024	88.3	-1.10217348	1000000.0	10
20170220_140034	88.1	-1.10243338	1000000.0	10
20170220_140044	88.1	-1.10256365	1000000.0	10
20170220_140054	88.3	-1.10243503	1000000.0	10
20170220_140104	88.3	-1.10252764	1000000.0	10
20170220_140114	88.1	-1.10211167	1000000.0	10
20170220_140124	88.1	-1.10294164	1000000.0	10
20170220_140134	87.9	-1.10173901	1000000.0	10
20170220_140144	88.3	-1.1024177	1000000.0	10
20170220_140154	88.4	-1.10272211	1000000.0	10
20170220_140204	88.4	-1.10422686	1000000.0	10
20170220_140214	88.6	-1.10424763	1000000.0	10
20170220_140224	88.6	-1.10412322	1000000.0	10
20170220_140234	88.8	-1.10370558	1000000.0	10
20170220_140244	88.3	-1.10537266	1000000.0	10
20170220_140254	88.3	-1.10615831	1000000.0	10
20170220_140304	88.6	-1.10507543	1000000.0	10
20170220_140314	88.8	-1.10525822	1000000.0	10
20170220_140324	89.0	-1.10530032	1000000.0	10
20170220_140334	88.3	-1.10744657	1000000.0	10
20170220_140344	88.6	-1.10752481	1000000.0	10
20170220_140354	88.8	-1.10695343	1000000.0	10
20170220_140404	88.8	-1.10856254	1000000.0	10
20170220_140414	88.8	-1.10944794	1000000.0	10
20170220_140424	88.6	-1.10858497	1000000.0	10
20170220_140434	88.6	-1.10833353	1000000.0	10
20170220_140444	88.8	-1.10806169	1000000.0	10
20170220_140454	88.4	-1.10754774	1000000.0	10
20170220_140504	88.6	-1.10729578	1000000.0	10
20170220_140514	88.6	-1.10748578	1000000.0	10
20170220_140524	88.8	-1.10920287	1000000.0	10
20170220_140534	88.6	-1.10869797	1000000.0	10
20170220_140544	88.6	-1.10929047	1000000.0	10
20170220_140554	88.6	-1.11117823	1000000.0	10
20170220_140604	88.3	-1.11287518	1000000.0	10
20170220_140614	88.3	-1.11333126	1000000.0	10
20170220_140624	88.4	-1.11240996	1000000.0	10
20170220_140634	88.6	-1.11129785	1000000.0	10
20170220_140644	88.4	-1.11159485	1000000.0	10
20170220_140654	88.4	-1.11292917	1000000.0	10
20170220_140704	88.4	-1.11189882	1000000.0	10
20170220_140714	88.4	-1.11180689	1000000.0	10
20170220_140724	88.4	-1.11198943	1000000.0	10
20170220_140734	88.6	-1.11314659	1000000.0	10
20170220_140744	88.4	-1.11414683	1000000.0	10
20170220_140754	88.4	-1.11201605	1000000.0	10
20170220_140804	88.6	-1.1129706	1000000.0	10
20170220_140814	88.6	-1.11207598	1000000.0	10
20170220_140824	88.4	-1.11258707	1000000.0	10
20170220_140834	88.6	-1.11103364	1000000.0	10
20170220_140844	88.3	-1.11084663	1000000.0	10
20170220_140854	88.6	-1.11193201	1000000.0	10
20170220_140904	88.3	-1.11265123	1000000.0	10
20170220_140914	88.3	-1.11292142	1000000.0	10
20170220_140924	88.1	-1.11204315	1000000.0	10
20170220_140934	88.4	-1.11069121	1000000.0	10
20170220_140944	88.3	-1.11189297	1000000.0	10
20170220_140954	88.4	-1.11069411	1000000.0	10
20170220_141004	88.4	-1.11282907	1000000.0	10
20170220_141014	88.4	-1.11309423	1000000.0	10
20170220_141024	88.3	-1.11312872	1000000.0	10
20170220_141034	88.6	-1.11416695	1000000.0	10
20170220_141044	88.4	-1.11342785	1000000.0	10
20170220_141054	88.4	-1.11316508	1000000.0	10
20170220_141104	88.4	-1.11340175	1000000.0	10
20170220_141114	88.4	-1.11574978	1000000.0	10
20170220_141124	88.4	-1.11443987	1000000.0	10
20170220_141134	88.4	-1.11395754	1000000.0	10
20170220_141144	88.4	-1.11423601	1000000.0	10
20170220_141154	88.3	-1.11527665	1000000.0	10
20170220_141204	88.6	-1.11557964	1000000.0	10
20170220_141214	88.6	-1.11525509	1000000.0	10
20170220_141224	88.6	-1.11392969	1000000.0	10
20170220_141234	88.8	-1.11484587	1000000.0	10
20170220_141244	88.8	-1.11603302	1000000.0	10
20170220_141254	89.0	-1.11585649	1000000.0	10
20170220_141304	88.6	-1.11704577	1000000.0	10
20170220_141314	88.6	-1.11739128	1000000.0	10
20170220_141324	88.8	-1.11655992	1000000.0	10
20170220_141334	88.4	-1.11613483	1000000.0	10
20170220_141344	88.6	-1.117203	1000000.0	10
20170220_141354	89.0	-1.11735835	1000000.0	10
20170220_141404	88.6	-1.1184339	1000000.0	10
20170220_141414	88.6	-1.11827494	1000000.0	10
20170220_141424	88.6	-1.11862807	1000000.0	10
20170220_141434	88.6	-1.118348	1000000.0	10
20170220_141444	88.6	-1.11862769	1000000.0	10
20170220_141454	88.8	-1.11976095	1000000.0	10
20170220_141504	88.6	-1.12043412	1000000.0	10
20170220_141514	88.6	-1.11885514	1000000.0	10
20170220_141524	88.6	-1.11874537	1000000.0	10
20170220_141534	88.6	-1.11931768	1000000.0	10
20170220_141544	88.6	-1.11595142	1000000.0	10
20170220_141554	88.4	-1.11712272	1000000.0	10
20170220_141604	88.4	-1.11730461	1000000.0	10
20170220_141614	88.4	-1.11753337	1000000.0	10
20170220_141624	88.4	-1.11931371	1000000.0	10
20170220_141634	88.6	-1.11930743	1000000.0	10
20170220_141644	88.4	-1.12114764	1000000.0	10
20170220_141654	88.4	-1.12248922	1000000.0	10
20170220_141704	88.4	-1.12253869	1000000.0	10
20170220_141714	88.4	-1.121795	1000000.0	10
20170220_141724	87.9	-1.12227125	1000000.0	10
20170220_141734	88.1	-1.12149336	1000000.0	10
20170220_141744	88.3	-1.12114866	1000000.0	10
20170220_141754	88.6	-1.1215869	1000000.0	10
20170220_141804	88.3	-1.12336549	1000000.0	10
20170220_141814	88.3	-1.12343367	1000000.0	10
20170220_141824	88.1	-1.12309857	1000000.0	10
20170220_141834	88.4	-1.12074679	1000000.0	10
20170220_141844	88.3	-1.12109815	1000000.0	10
20170220_141854	88.4	-1.12200658	1000000.0	10
20170220_141904	88.4	-1.12255924	1000000.0	10
20170220_141914	88.3	-1.12286863	1000000.0	10
20170220_141924	88.6	-1.12289734	1000000.0	10
20170220_141934	88.6	-1.12207634	1000000.0	10
20170220_141944	88.6	-1.12409101	1000000.0	10
20170220_141954	88.4	-1.12576183	1000000.0	10
20170220_142004	88.3	-1.12512717	1000000.0	10
20170220_142014	88.4	-1.12536134	1000000.0	10
20170220_142024	88.6	-1.12517211	1000000.0	10
20170220_142034	88.6	-1.12402167	1000000.0	10
20170220_142044	88.6	-1.1246768	1000000.0	10
20170220_142054	88.4	-1.12280532	1000000.0	10
20170220_142104	88.6	-1.12511072	1000000.0	10
20170220_142114	88.6	-1.12341519	1000000.0	10
20170220_142124	88.6	-1.12423268	1000000.0	10
20170220_142134	88.6	-1.12401255	1000000.0	10
20170220_142144	88.6	-1.12417546	1000000.0	10
20170220_142154	88.8	-1.12492329	1000000.0	10
20170220_142204	88.6	-1.1244735	1000000.0	10
20170220_142214	88.8	-1.12430518	1000000.0	10
20170220_142224	88.8	-1.12608968	1000000.0	10
20170220_142234	88.6	-1.12512356	1000000.0	10
20170220_142244	88.8	-1.12582603	1000000.0	10
20170220_142254	88.8	-1.12655435	1000000.0	10
20170220_142304	88.8	-1.12600256	1000000.0	10
20170220_142314	88.6	-1.12710272	1000000.0	10
20170220_142324	88.8	-1.1269368	1000000.0	10
20170220_142334	88.8	-1.12546523	1000000.0	10
20170220_142344	88.8	-1.12680478	1000000.0	10
20170220_142354	88.4	-1.12657863	1000000.0	10
20170220_142404	88.4	-1.12572166	1000000.0	10
20170220_142414	88.4	-1.12509182	1000000.0	10
20170220_142424	88.6	-1.12523211	1000000.0	10
20170220_142434	87.5	-1.12673566	1000000.0	10
20170220_142444	87.3	-1.12681211	1000000.0	10
20170220_142454	87.3	-1.12724878	1000000.0	10
20170220_142504	87.9	-1.12768961	1000000.0	10
20170220_142514	87.5	-1.12678148	1000000.0	10
20170220_142524	87.5	-1.12766368	1000000.0	10
20170220_142534	87.3	-1.12726298	1000000.0	10
20170220_142544	87.7	-1.12751765	1000000.0	10
20170220_142554	87.3	-1.12528902	1000000.0	10
20170220_142604	88.1	-1.12630523	1000000.0	10
20170220_142614	87.5	-1.12654852	1000000.0	10
20170220_142624	87.3	-1.12738343	1000000.0	10
20170220_142634	87.5	-1.12712745	1000000.0	10
20170220_142644	87.3	-1.1269773	1000000.0	10
20170220_142654	87.5	-1.12778931	1000000.0	10
20170220_142704	87.3	-1.12872331	1000000.0	10
20170220_142714	86.9	-1.1278528	1000000.0	10
20170220_142724	86.9	-1.1275971	1000000.0	10
20170220_142734	87.3	-1.12724374	1000000.0	10
20170220_142744	87.5	-1.12785231	1000000.0	10
20170220_142754	87.3	-1.12772506	1000000.0	10
20170220_142804	87.1	-1.12692727	1000000.0	10
20170220_142814	87.5	-1.12727459	1000000.0	10
20170220_142824	87.3	-1.12744923	1000000.0	10
20170220_142834	87.5	-1.12636554	1000000.0	10
20170220_142844	87.5	-1.12694347	1000000.0	10
20170220_142854	87.1	-1.12698325	1000000.0	10
20170220_142904	87.5	-1.12831964	1000000.0	10
20170220_142914	87.3	-1.12945072	1000000.0	10
20170220_142924	87.5	-1.13036138	1000000.0	10
20170220_142934	87.3	-1.12926844	1000000.0	10
20170220_142944	86.7	-1.12984502	1000000.0	10
20170220_142954	87.5	-1.12877002	1000000.0	10
20170220_143004	87.3	-1.13025483	1000000.0	10
20170220_143014	87.1	-1.12948322	1000000.0	10
20170220_143024	87.1	-1.12981066	1000000.0	10
20170220_143034	87.5	-1.12991538	1000000.0	10
20170220_143044	87.9	-1.12928297	1000000.0	10
20170220_143054	87.7	-1.12874385	1000000.0	10
20170220_143104	87.9	-1.13099471	1000000.0	10
20170220_143114	88.4	-1.13057894	1000000.0	10
20170220_143124	88.6	-1.129792	1000000.0	10
20170220_143134	88.4	-1.13082956	1000000.0	10
20170220_143144	88.4	-1.13104392	1000000.0	10
20170220_143154	88.3	-1.13124284	1000000.0	10
20170220_143204	87.7	-1.13042085	1000000.0	10
20170220_143214	87.7	-1.13069279	1000000.0	10
20170220_143224	88.1	-1.12992802	1000000.0	10
20170220_143234	87.5	-1.13115779	1000000.0	10
20170220_143244	87.7	-1.13062867	1000000.0	10
20170220_143254	87.5	-1.13157467	1000000.0	10
20170220_143304	88.3	-1.13155403	1000000.0	10
20170220_143314	88.1	-1.13241848	1000000.0	10
20170220_143324	87.5	-1.13197573	1000000.0	10
20170220_143334	88.1	-1.13373267	1000000.0	10
20170220_143344	87.9	-1.13199418	1000000.0	10
20170220_143354	88.1	-1.13276288	1000000.0	10
20170220_143404	87.9	-1.13272952	1000000.0	10
20170220_143414	87.7	-1.1320537	1000000.0	10
20170220_143424	87.5	-1.13195181	1000000.0	10
20170220_143434	87.9	-1.13247053	1000000.0	10
20170220_143444	87.7	-1.13444213	1000000.0	10
20170220_143454	87.5	-1.13414424	1000000.0	10
20170220_143504	87.9	-1.13462685	1000000.0	10
20170220_143514	87.5	-1.13369489	1000000.0	10
20170220_143524	88.1	-1.13436515	1000000.0	10
20170220_143534	87.3	-1.13212961	1000000.0	10
20170220_143544	87.5	-1.13296556	1000000.0	10
20170220_143554	87.7	-1.13207958	1000000.0	10
20170220_143604	87.5	-1.13098031	1000000.0	10
20170220_143614	87.7	-1.13258538	1000000.0	10
20170220_143624	87.7	-1.13223223	1000000.0	10
20170220_143634	87.3	-1.13162286	1000000.0	10
20170220_143644	87.5	-1.13213417	1000000.0	10
20170220_143654	87.5	-1.13486479	1000000.0	10
20170220_143704	87.3	-1.13477445	1000000.0	10
20170220_143714	87.7	-1.1335257	1000000.0	10
20170220_143724	87.3	-1.13339837	1000000.0	10
20170220_143734	88.1	-1.1340754	1000000.0	10
20170220_143744	87.9	-1.13377674	1000000.0	10
20170220_143754	87.9	-1.2212759	1000000.0	10
20170220_143804	87.7	-1.3593162	1000000.0	10
20170220_143814	87.3	-1.3247018	1000000.0	10
20170220_143824	87.9	-1.30870854	1000000.0	10
20170220_143834	87.3	-1.27888281	1000000.0	10
20170220_143844	87.5	-1.26865381	1000000.0	10
20170220_143854	87.1	-1.21223779	1000000.0	10
20170220_143904	87.7	-1.20448494	1000000.0	10
20170220_143914	87.3	-1.18669821	1000000.0	10
20170220_143924	87.5	-1.13168442	1000000.0	10
20170220_143934	87.7	-1.07703019	1000000.0	10
20170220_143944	87.9	-1.06983185	1000000.0	10
20170220_143954	87.3	-1.04954709	1000000.0	10
20170220_144004	86.7	-1.04208003	1000000.0	10
20170220_144014	87.5	-1.04215254	1000000.0	10
20170220_144024	86.9	-1.04406555	1000000.0	10
20170220_144034	87.3	-1.045141	1000000.0	10
20170220_144044	87.1	-1.04441611	1000000.0	10
20170220_144054	87.1	-1.04170033	1000000.0	10
20170220_144104	87.1	-1.04208706	1000000.0	10
20170220_144114	87.1	-1.04309803	1000000.0	10
20170220_144124	87.1	-1.04144721	1000000.0	10
20170220_144134	87.3	-1.04311372	1000000.0	10
20170220_144144	87.1	-1.04397155	1000000.0	10
20170220_144154	87.3	-1.04437726	1000000.0	10
20170220_144204	87.1	-1.04812025	1000000.0	10
20170220_144214	86.9	-1.04613829	1000000.0	10
20170220_144224	87.1	-1.04565641	1000000.0	10
20170220_144234	86.9	-1.04660821	1000000.0	10
20170220_144244	87.1	-1.04521018	1000000.0	10
20170220_144254	87.1	-1.04206045	1000000.0	10
20170220_144304	87.1	-1.04459886	1000000.0	10
20170220_144314	86.9	-1.04386664	1000000.0	10
20170220_144324	87.1	-1.04448955	1000000.0	10
20170220_144334	86.9	-1.04505758	1000000.0	10
20170220_144344	86.9	-1.04434734	1000000.0	10
20170220_144354	86.9	-1.04169847	1000000.0	10
20170220_144404	87.1	-1.03974986	1000000.0	10
20170220_144414	86.9	-1.04077654	1000000.0	10
20170220_144424	87.1	-1.03701836	1000000.0	10
20170220_144434	86.9	-1.03734152	1000000.0	10
20170220_144444	86.9	-1.0342878	1000000.0	10
20170220_144454	86.9	-1.0366331	1000000.0	10
20170220_144504	87.1	-1.03592303	1000000.0	10
20170220_144514	86.9	-1.03743895	1000000.0	10
20170220_144524	86.9	-1.03580099	1000000.0	10
20170220_144534	86.9	-1.03326131	1000000.0	10
20170220_144544	87.1	-1.03725129	1000000.0	10
20170220_144554	87.1	-1.03761518	1000000.0	10
20170220_144604	86.9	-1.03581358	1000000.0	10
20170220_144614	86.7	-1.03379031	1000000.0	10
20170220_144624	86.9	-1.03366481	1000000.0	10
20170220_144634	86.9	-1.03132028	1000000.0	10
20170220_144644	87.5	-1.03074944	1000000.0	10
20170220_144654	86.9	-1.03138688	1000000.0	10
20170220_144704	86.9	-1.03096659	1000000.0	10
20170220_144714	87.1	-1.02964192	1000000.0	10
20170220_144724	86.9	-1.02973893	1000000.0	10
20170220_144734	87.1	-1.02958417	1000000.0	10
20170220_144744	87.3	-1.02637716	1000000.0	10
20170220_144754	87.1	-1.02741455	1000000.0	10
20170220_144804	86.7	-1.02587345	1000000.0	10
20170220_144814	87.3	-1.01428656	1000000.0	10
20170220_144824	87.3	-1.01677431	1000000.0	10
20170220_144834	87.5	-1.02735081	1000000.0	10
20170220_144844	87.5	-1.02342088	1000000.0	10
20170220_144854	87.7	-1.02244709	1000000.0	10
20170220_144904	86.9	-1.01868498	1000000.0	10
20170220_144914	86.4	-1.02217407	1000000.0	10
20170220_144924	86.2	-1.02184525	1000000.0	10
20170220_144934	86.7	-1.0198489	1000000.0	10
20170220_144944	86.7	-1.01790624	1000000.0	10
20170220_144954	86.6	-1.01995456	1000000.0	10
20170220_145004	87.3	-1.01982193	1000000.0	10
20170220_145014	87.3	-1.0165346	1000000.0	10
20170220_145024	86.9	-1.02072731	1000000.0	10
20170220_145034	86.6	-1.01838765	1000000.0	10
20170220_145044	86.7	-1.02174144	1000000.0	10
20170220_145054	87.3	-1.02558316	1000000.0	10
20170220_145104	87.1	-1.0238034	1000000.0	10
20170220_145114	87.3	-1.02344354	1000000.0	10
20170220_145124	87.3	-1.02621736	1000000.0	10
20170220_145134	86.7	-1.02497989	1000000.0	10
20170220_145144	87.7	-1.02324408	1000000.0	10
20170220_145154	87.9	-1.02287713	1000000.0	10
20170220_145204	87.7	-1.02402646	1000000.0	10
20170220_145214	87.5	-1.02381323	1000000.0	10
20170220_145224	87.3	-1.02272913	1000000.0	10
20170220_145234	87.7	-1.02223542	1000000.0	10
20170220_145244	87.9	-1.02222531	1000000.0	10
20170220_145254	86.9	-1.0204977	1000000.0	10
20170220_145304	87.5	-1.02155856	1000000.0	10
20170220_145314	87.5	-1.02088282	1000000.0	10
20170220_145324	87.5	-1.02313017	1000000.0	10
20170220_145334	87.9	-1.02349315	1000000.0	10
20170220_145344	87.5	-1.02254906	1000000.0	10
20170220_145354	87.3	-1.01589833	1000000.0	10
20170220_145404	87.5	-1.0210621	1000000.0	10
20170220_145414	87.7	-0.938231629	1000000.0	10
20170220_145424	87.7	-8.61470898e-05	1000000.0	10
20170220_145434	87.5	-0.000158128441	1000000.0	10
20170220_145444	87.7	4.01431927e-05	1000000.0	10
20170220_145454	87.7	0.000192053727	1000000.0	10
20170220_145504	87.5	-0.000193017814	1000000.0	10
20170220_145514	87.7	-1.41720396e-05	1000000.0	10
20170220_145524	87.7	-9.01128788e-05	1000000.0	10
20170220_145534	87.7	0.000179513996	1000000.0	10
20170220_145544	87.7	2.65806024e-05	1000000.0	10
20170220_145554	87.5	0.000131044747	1000000.0	10
20170220_145604	87.7	3.05635355e-05	1000000.0	10
20170220_145615	88.1	0.000145302176	1000000.0	10
20170220_145625	87.7	4.54179403e-05	1000000.0	10
20170220_145634	87.9	-0.0001669886	1000000.0	10
20170220_145644	87.9	-0.000200654146	1000000.0	10
20170220_145654	87.9	-2.76392583e-05	1000000.0	10
20170220_145704	88.3	1.82319126e-06	1000000.0	10
20170220_145714	88.3	0.000163113771	1000000.0	10
20170220_145724	88.1	-7.61494186e-05	1000000.0	10
20170220_145734	88.3	0.000198310709	1000000.0	10
20170220_145744	88.1	6.21588272e-05	1000000.0	10
20170220_145754	88.3	-0.000198331843	1000000.0	10
