20170105_194731	20.1	0.00301	1000000	1
20170105_194741	20.1	0.003	1000000	1
20170105_194751	20.1	0.00304	1000000	1
20170105_194801	20.1	0.00305	1000000	1
20170105_194811	20.1	0.00302	1000000	1
20170105_194825	20.1	0.00302	1000000	1
20170105_194835	20.1	0.00305	1000000	1
20170105_194845	20.1	0.00303	1000000	1
20170109_124128	34.2	-9.32529242e-05	10000000.0	0
20170109_124138	34.6	-9.0765106e-05	10000000.0	0
20170109_124148	34.8	-8.61141877e-05	10000000.0	0
20170109_124158	35.1	-8.30246647e-05	10000000.0	0
20170109_124208	35.1	-8.24217545e-05	10000000.0	0
20170109_124218	35.5	-8.32915266e-05	10000000.0	0
20170109_124228	35.5	-7.99888997e-05	10000000.0	0
20170109_124238	36.1	-7.42271417e-05	10000000.0	0
20170109_124248	36.3	-7.54324799e-05	10000000.0	0
20170109_124258	36.7	-7.52504739e-05	10000000.0	0
20170109_124308	36.9	-6.89971789e-05	10000000.0	0
20170109_124318	36.9	-6.93098436e-05	10000000.0	0
20170109_124328	37.5	-6.7319348e-05	10000000.0	0
20170109_124338	37.5	-7.22260391e-05	10000000.0	0
20170109_124348	37.6	-6.83431624e-05	10000000.0	0
20170109_124358	38.0	-6.47240137e-05	10000000.0	0
20170109_124408	38.4	-6.70573075e-05	10000000.0	0
20170109_124418	38.6	-6.16995789e-05	10000000.0	0
20170109_124428	39.0	-6.28586321e-05	10000000.0	0
20170109_124438	39.0	-6.1147775e-05	10000000.0	0
20170109_124448	39.2	-6.35972634e-05	10000000.0	0
20170109_124458	39.4	-6.03524928e-05	10000000.0	0
20170109_124508	39.6	-6.15267333e-05	10000000.0	0
20170109_124518	39.8	-5.97838142e-05	10000000.0	0
20170109_124528	40.0	-5.72916568e-05	10000000.0	0
20170109_124538	40.1	-6.11673015e-05	10000000.0	0
20170109_124548	40.3	-5.72123455e-05	10000000.0	0
20170109_124558	40.5	-5.23362701e-05	10000000.0	0
20170109_124608	40.5	-5.30814102e-05	10000000.0	0
20170109_124618	40.7	-5.72608001e-05	10000000.0	0
20170109_124628	40.9	-5.59086516e-05	10000000.0	0
20170109_124638	41.3	-5.40553235e-05	10000000.0	0
20170109_124648	41.5	-6.06658807e-05	10000000.0	0
20170109_124658	41.6	-5.25327402e-05	10000000.0	0
20170109_124708	41.8	-5.03100964e-05	10000000.0	0
20170109_124718	42.0	-4.70701471e-05	10000000.0	0
20170109_124728	42.0	-4.48113432e-05	10000000.0	0
20170109_124738	42.2	-4.66051276e-05	10000000.0	0
20170109_124748	42.2	-4.6456871e-05	10000000.0	0
20170109_124758	42.4	-4.24987812e-05	10000000.0	0
20170109_124808	42.8	-5.14356413e-05	10000000.0	0
20170109_124818	42.8	-4.51671591e-05	10000000.0	0
20170109_124828	43.0	-4.86240692e-05	10000000.0	0
20170109_124838	43.2	-4.71680206e-05	10000000.0	0
20170109_124848	43.5	-4.81067381e-05	10000000.0	0
20170109_124858	43.3	-4.54320924e-05	10000000.0	0
20170109_124908	43.7	-4.19624057e-05	10000000.0	0
20170109_124918	43.9	-4.45697934e-05	10000000.0	0
20170109_124928	43.9	-4.59891998e-05	10000000.0	0
20170109_124938	44.1	-4.92730234e-05	10000000.0	0
20170109_124948	44.3	-3.93528483e-05	10000000.0	0
20170109_124958	44.3	-4.24283894e-05	10000000.0	0
20170109_125008	44.5	-4.43422256e-05	10000000.0	0
20170109_125018	44.7	-4.05504724e-05	10000000.0	0
20170109_125028	44.7	-3.97356637e-05	10000000.0	0
20170109_125038	44.9	-4.53703791e-05	10000000.0	0
20170109_125048	44.9	-4.45307405e-05	10000000.0	0
20170109_125058	45.0	-4.00736406e-05	10000000.0	0
20170109_125108	45.2	-4.13332191e-05	10000000.0	0
20170109_125118	45.4	-4.02855391e-05	10000000.0	0
20170109_125128	45.4	-4.00338644e-05	10000000.0	0
20170109_125138	45.8	-4.01994779e-05	10000000.0	0
20170109_125148	46.0	-3.64986073e-05	10000000.0	0
20170109_125158	46.0	-3.90985219e-05	10000000.0	0
20170109_125208	46.0	-4.01360771e-05	10000000.0	0
20170109_125218	46.2	-3.76714014e-05	10000000.0	0
20170109_125228	46.4	-3.89594259e-05	10000000.0	0
20170109_125238	46.4	-4.23907829e-05	10000000.0	0
20170109_125248	46.6	-4.17116953e-05	10000000.0	0
20170109_125258	46.6	-3.75098861e-05	10000000.0	0
20170109_125308	46.6	-3.27266217e-05	10000000.0	0
20170109_125318	46.7	-3.79838251e-05	10000000.0	0
20170109_125328	46.7	-3.47925715e-05	10000000.0	0
20170109_125338	46.9	-4.11220438e-05	10000000.0	0
20170109_125348	46.9	-3.34008879e-05	10000000.0	0
20170109_125358	47.1	-3.75790725e-05	10000000.0	0
20170109_125408	47.3	-3.31137763e-05	10000000.0	0
20170109_125418	47.3	-3.1929652e-05	10000000.0	0
20170109_125428	47.5	-3.56910306e-05	10000000.0	0
20170109_125438	47.7	-3.38044352e-05	10000000.0	0
20170109_125448	47.7	-3.26468283e-05	10000000.0	0
20170109_125458	47.7	-2.89695823e-05	10000000.0	0
20170109_125508	47.9	-3.39997e-05	10000000.0	0
20170109_125518	48.1	-3.08812488e-05	10000000.0	0
20170109_125528	48.3	-3.1740655e-05	10000000.0	0
20170109_125538	48.3	-3.03870601e-05	10000000.0	0
20170109_125548	48.3	-3.32147837e-05	10000000.0	0
20170109_125558	48.3	-3.14918731e-05	10000000.0	0
20170109_125608	48.4	-3.72328993e-05	10000000.0	0
20170109_125618	48.6	-2.9453164e-05	10000000.0	0
20170109_125628	48.6	-3.06194493e-05	10000000.0	0
20170109_125638	48.6	-2.93943435e-05	10000000.0	0
20170109_125648	48.6	-3.5414526e-05	10000000.0	0
20170109_125658	48.6	-3.20636856e-05	10000000.0	0
20170109_125708	48.8	-3.01185107e-05	10000000.0	0
20170109_125718	48.8	-2.92316228e-05	10000000.0	0
20170109_125728	48.8	-3.21111759e-05	10000000.0	0
20170109_125738	48.8	-3.49068375e-05	10000000.0	0
20170109_125748	49.0	-2.93632457e-05	10000000.0	0
20170109_125758	49.0	-2.97945158e-05	10000000.0	0
20170109_125808	49.0	-3.03627122e-05	10000000.0	0
20170109_125818	49.2	-2.65861464e-05	10000000.0	0
20170109_125828	49.2	-2.72934389e-05	10000000.0	0
20170109_125838	49.4	-3.14226867e-05	10000000.0	0
20170109_125848	49.4	-3.05941372e-05	10000000.0	0
20170109_125858	49.6	-2.70528533e-05	10000000.0	0
20170109_125908	49.4	-2.69993363e-05	10000000.0	0
20170109_125918	49.8	-2.83367797e-05	10000000.0	0
20170109_125928	49.6	-3.46701091e-05	10000000.0	0
20170109_125938	49.6	-3.09767116e-05	10000000.0	0
20170109_125948	49.8	-2.86525783e-05	10000000.0	0
20170109_125958	50.0	-2.44710187e-05	10000000.0	0
20170109_130008	50.0	-2.71490393e-05	10000000.0	0
20170109_130018	50.0	-2.30872904e-05	10000000.0	0
20170109_130028	50.1	-2.14089774e-05	10000000.0	0
20170109_130038	50.3	-2.6948471e-05	10000000.0	0
20170109_130048	50.1	-3.26193466e-05	10000000.0	0
20170109_130058	50.5	-2.59670846e-05	10000000.0	0
20170109_130108	50.3	-2.65774679e-05	10000000.0	0
20170109_130118	50.3	-2.64875497e-05	10000000.0	0
20170109_130128	50.3	-2.80130258e-05	10000000.0	0
20170109_130138	50.3	-2.75740416e-05	10000000.0	0
20170109_130148	50.3	-2.82574684e-05	10000000.0	0
20170109_130158	50.3	-2.3606068e-05	10000000.0	0
20170109_130208	50.5	-2.5758079e-05	10000000.0	0
20170109_130218	50.5	-3.17536726e-05	10000000.0	0
20170109_130228	50.7	-2.75983894e-05	10000000.0	0
20170109_130238	50.7	-2.19014786e-05	10000000.0	0
20170109_130248	50.9	-2.49362793e-05	10000000.0	0
20170109_130258	51.1	-2.61845276e-05	10000000.0	0
20170109_130308	51.1	-2.70306751e-05	10000000.0	0
20170109_130318	51.1	-1.94601865e-05	10000000.0	0
20170109_130328	50.9	-2.43015482e-05	10000000.0	0
20170109_130338	51.1	-2.96703659e-05	10000000.0	0
20170109_130348	51.1	-2.60430209e-05	10000000.0	0
20170109_130358	51.1	-2.3010872e-05	10000000.0	0
20170109_130408	51.1	-2.15266184e-05	10000000.0	0
20170109_130418	51.1	-1.7801641e-05	10000000.0	0
20170109_130428	51.1	-2.1125964e-05	10000000.0	0
20170109_130438	51.3	-2.2394462e-05	10000000.0	0
20170109_130448	51.3	-2.69113466e-05	10000000.0	0
20170109_130458	51.3	-2.93020146e-05	10000000.0	0
20170109_130508	51.3	-2.38835369e-05	10000000.0	0
20170109_130518	51.5	-2.55874031e-05	10000000.0	0
20170109_130528	51.6	-1.99126705e-05	10000000.0	0
20170109_130538	51.5	-2.31899852e-05	10000000.0	0
20170109_130548	51.5	-2.64680232e-05	10000000.0	0
20170109_130558	51.8	-1.53798753e-05	10000000.0	0
20170109_130608	51.8	-2.31340575e-05	10000000.0	0
20170109_130618	51.8	-2.35737649e-05	10000000.0	0
20170109_130628	52.0	-1.97323518e-05	10000000.0	0
20170109_130638	52.0	-1.56503532e-05	10000000.0	0
20170109_130648	51.8	-1.66548822e-05	10000000.0	0
20170109_130658	51.8	-2.36357193e-05	10000000.0	0
20170109_130708	51.8	-2.29742297e-05	10000000.0	0
20170109_130718	52.0	-2.35245871e-05	10000000.0	0
20170109_130728	52.0	-1.89696138e-05	10000000.0	0
20170109_130738	52.2	-2.2814884e-05	10000000.0	0
20170109_130748	52.2	-1.86301905e-05	10000000.0	0
20170109_130758	52.2	-2.04410908e-05	10000000.0	0
20170109_130808	52.0	-2.35130159e-05	10000000.0	0
20170109_130818	51.8	-2.25528434e-05	10000000.0	0
20170109_130828	52.0	-1.94594633e-05	10000000.0	0
20170109_130838	52.0	-2.1029778e-05	10000000.0	0
20170109_130848	52.2	-2.59870932e-05	10000000.0	0
20170109_130858	52.2	-1.99577501e-05	10000000.0	0
20170109_130908	52.4	-1.61932376e-05	10000000.0	0
20170109_130918	52.4	-2.21042165e-05	10000000.0	0
20170109_130928	52.4	-1.82917315e-05	10000000.0	0
20170109_130938	52.4	-1.53049033e-05	10000000.0	0
20170109_130948	52.6	-1.43023029e-05	10000000.0	0
20170109_130958	52.8	-2.01339706e-05	10000000.0	0
20170109_131008	52.8	-2.52062751e-05	10000000.0	0
20170109_131018	52.8	-2.06691408e-05	10000000.0	0
20170109_131028	52.8	-1.87842328e-05	10000000.0	0
20170109_131038	53.0	-2.09068335e-05	10000000.0	0
20170109_131048	53.0	-2.23329897e-05	10000000.0	0
20170109_131058	53.2	-2.11353656e-05	10000000.0	0
20170109_131108	53.2	-2.01563899e-05	10000000.0	0
20170109_131118	53.0	-2.24120599e-05	10000000.0	0
20170109_131128	53.2	-1.63783776e-05	10000000.0	0
20170109_131138	53.2	-2.01886929e-05	10000000.0	0
20170109_131148	53.3	-1.86489938e-05	10000000.0	0
20170109_131158	53.3	-2.35887111e-05	10000000.0	0
20170109_131208	53.5	-1.96942632e-05	10000000.0	0
20170109_131218	53.5	-1.90337378e-05	10000000.0	0
20170109_131228	53.3	-1.69834574e-05	10000000.0	0
20170109_131238	53.3	-1.66225791e-05	10000000.0	0
20170109_131248	53.5	-1.82307414e-05	10000000.0	0
20170109_131258	53.3	-2.07658089e-05	10000000.0	0
20170109_131308	53.3	-1.97808064e-05	10000000.0	0
20170109_131318	53.3	-2.4977984e-05	10000000.0	0
20170109_131328	53.2	-1.57033881e-05	10000000.0	0
20170109_131338	53.3	-2.01397562e-05	10000000.0	0
20170109_131348	53.3	-2.15193864e-05	10000000.0	0
20170109_131358	53.3	-1.83090884e-05	10000000.0	0
20170109_131408	53.3	-1.67718e-05	10000000.0	0
20170109_131418	53.3	-1.695019e-05	10000000.0	0
20170109_131428	53.2	-1.91419772e-05	10000000.0	0
20170109_131438	53.2	-2.0719765e-05	10000000.0	0
20170109_131448	53.0	-2.25492274e-05	10000000.0	0
20170109_131458	53.2	-1.42601161e-05	10000000.0	0
20170109_131508	53.2	-1.37234995e-05	10000000.0	0
20170109_131518	53.2	-1.53162335e-05	10000000.0	0
20170109_131528	53.2	-1.80728421e-05	10000000.0	0
20170109_131538	53.3	-1.91600572e-05	10000000.0	0
20170109_131548	53.3	-1.50823978e-05	10000000.0	0
20170109_131558	53.5	-1.77727129e-05	10000000.0	0
20170109_131608	53.7	-1.51677358e-05	10000000.0	0
20170109_131618	53.5	-1.38741668e-05	10000000.0	0
20170109_131628	53.5	-1.94811594e-05	10000000.0	0
20170109_131638	53.3	-1.50623892e-05	10000000.0	0
20170109_131648	53.3	-1.79101214e-05	10000000.0	0
20170109_131658	53.2	-1.78047749e-05	10000000.0	0
20170109_131708	53.0	-1.66001598e-05	10000000.0	0
20170109_131718	53.0	-2.02168978e-05	10000000.0	0
20170109_131728	52.8	-1.36960178e-05	10000000.0	0
20170109_131738	52.8	-1.81012881e-05	10000000.0	0
20170109_131748	52.6	-2.08793518e-05	10000000.0	0
20170109_131758	52.8	-1.9968116e-05	10000000.0	0
20170109_131808	53.0	-2.09639665e-05	10000000.0	0
20170109_131818	52.8	-1.53106889e-05	10000000.0	0
20170109_131828	53.0	-1.68764233e-05	10000000.0	0
20170109_131838	53.2	-1.82864281e-05	10000000.0	0
20170109_131848	53.2	-2.16828302e-05	10000000.0	0
20170109_131858	53.2	-1.87753133e-05	10000000.0	0
20170109_131908	53.2	-1.51453165e-05	10000000.0	0
20170109_131918	53.3	-1.86528509e-05	10000000.0	0
20170109_131928	53.3	-1.02791248e-05	10000000.0	0
20170109_131938	53.5	-1.41200558e-05	10000000.0	0
20170109_131948	53.5	-1.47981791e-05	10000000.0	0
20170109_131958	53.5	-1.3354907e-05	10000000.0	0
20170109_132008	53.5	-1.92142975e-05	10000000.0	0
20170109_132018	53.5	-1.79269962e-05	10000000.0	0
20170109_132028	53.5	-1.17267361e-05	10000000.0	0
20170109_132038	53.5	-1.42475806e-05	10000000.0	0
20170109_132048	53.7	-1.14131071e-05	10000000.0	0
20170109_132058	53.5	-1.45452991e-05	10000000.0	0
20170109_132108	53.5	-1.63947702e-05	10000000.0	0
20170109_132119	53.7	-9.48721757e-06	10000000.0	0
20170109_132128	53.7	-1.42897674e-05	10000000.0	0
20170109_132138	53.7	-1.95701133e-05	10000000.0	0
20170109_132450	54.9	-1.30735811e-05	10000000.0	0
20170109_132500	54.7	-1.34002278e-05	10000000.0	0
20170109_132510	54.9	-9.69815177e-06	10000000.0	0
20170109_132520	54.9	-9.37367471e-06	10000000.0	0
20170109_132530	55.0	-8.64420398e-06	10000000.0	0
20170109_132540	54.9	-1.89594889e-05	10000000.0	0
20170109_132550	54.9	-1.67378094e-05	10000000.0	0
20170109_132600	54.7	-1.43796856e-05	10000000.0	0
20170109_132610	54.9	-1.15816134e-05	10000000.0	0
20170109_132620	54.9	-1.29969216e-05	10000000.0	0
20170109_132630	54.7	-1.45544597e-05	10000000.0	0
20170109_132640	55.0	-1.24976705e-05	10000000.0	0
20170109_132650	55.0	-1.41311449e-05	10000000.0	0
20170109_132700	55.0	-1.61860056e-05	10000000.0	0
20170109_132710	55.0	-9.77336488e-06	10000000.0	0
20170109_132720	55.0	-1.11035762e-05	10000000.0	0
20170109_132730	55.4	-8.37758315e-06	10000000.0	0
20170109_132740	55.2	-9.72876736e-06	10000000.0	0
20170109_132750	55.0	-9.00821614e-06	10000000.0	0
20170109_132800	55.2	-1.24311358e-05	10000000.0	0
20170109_132810	55.0	-1.34320487e-05	10000000.0	0
20170109_132820	55.0	-1.23542352e-05	10000000.0	0
20170109_132830	55.0	-1.13525991e-05	10000000.0	0
20170109_132840	55.0	-1.14507136e-05	10000000.0	0
20170109_132850	55.0	-8.82500472e-06	10000000.0	0
20170109_132900	55.0	-8.52969685e-06	10000000.0	0
20170109_132910	55.0	-1.52530737e-05	10000000.0	0
20170109_132920	54.9	-1.39910846e-05	10000000.0	0
20170109_132930	54.9	-1.73301127e-05	10000000.0	0
20170109_132940	55.0	-1.47579208e-05	10000000.0	0
20170109_132950	55.0	-1.62192729e-05	10000000.0	0
20170109_133000	55.2	-1.52974302e-05	10000000.0	0
20170109_133010	55.0	-1.07234125e-05	10000000.0	0
20170109_133020	55.4	-1.76521791e-05	10000000.0	0
20170109_133030	55.4	-1.09259093e-05	10000000.0	0
20170109_133040	55.4	-1.56655405e-05	10000000.0	0
20170109_133050	55.4	-1.08335804e-05	10000000.0	0
20170109_133100	55.6	-9.71502651e-06	10000000.0	0
20170109_133110	55.6	-7.90509055e-06	10000000.0	0
20170109_133120	55.6	-1.12255564e-05	10000000.0	0
20170109_133130	55.6	-9.76974886e-06	10000000.0	0
20170109_133140	55.4	-1.834332e-05	10000000.0	0
20170109_133151	55.8	-9.59473375e-06	10000000.0	0
20170109_133201	55.6	-1.14362496e-05	10000000.0	0
20170109_133211	55.8	-9.97176356e-06	10000000.0	0
20170109_133221	55.6	-1.85368973e-05	10000000.0	0
20170109_133231	55.4	-1.5927581e-05	10000000.0	0
20170109_133241	55.4	-1.38664526e-05	10000000.0	0
20170109_133251	55.4	-1.07426979e-05	10000000.0	0
20170109_133301	55.4	-1.29506366e-05	10000000.0	0
20170109_133311	55.6	-1.35050922e-05	10000000.0	0
20170109_133321	55.6	-1.03232402e-05	10000000.0	0
20170109_133331	55.6	-1.36632326e-05	10000000.0	0
20170109_133341	55.4	-1.1925858e-05	10000000.0	0
20170109_133351	55.4	-1.15825776e-05	10000000.0	0
20170109_133401	55.4	-9.4132098e-06	10000000.0	0
20170109_133411	55.4	-1.10131758e-05	10000000.0	0
20170109_133421	55.4	-1.28563791e-05	10000000.0	0
20170109_133431	55.2	-1.24046183e-05	10000000.0	0
20170109_133441	55.4	-9.87557756e-06	10000000.0	0
20170109_133451	55.2	-1.13829736e-05	10000000.0	0
20170109_133501	55.4	-1.28853072e-05	10000000.0	0
20170109_133511	55.6	-8.9168515e-06	10000000.0	0
20170109_133521	55.6	-6.09394926e-06	10000000.0	0
20170109_133531	55.6	-1.26548466e-05	10000000.0	0
20170109_133541	55.6	-9.36113919e-06	10000000.0	0
20170109_133551	55.6	-1.01708854e-05	10000000.0	0
20170109_133601	55.6	-1.13176443e-05	10000000.0	0
20170109_133611	55.6	-1.20299992e-05	10000000.0	0
20170109_133621	55.6	-6.63948536e-06	10000000.0	0
20170109_133631	55.6	-1.24504212e-05	10000000.0	0
20170109_133641	55.6	-9.62583147e-06	10000000.0	0
20170109_133651	55.4	-6.35092738e-06	10000000.0	0
20170109_133701	55.6	-8.43568046e-06	10000000.0	0
20170109_133711	55.6	-9.82953364e-06	10000000.0	0
20170109_133721	55.8	-9.83724781e-06	10000000.0	0
20170109_133731	55.8	-7.11776359e-06	10000000.0	0
20170109_133741	55.8	-1.3290542e-05	10000000.0	0
20170109_133751	55.8	-6.66021718e-06	10000000.0	0
20170109_133801	55.8	-9.43731657e-06	10000000.0	0
20170109_133811	56.0	-1.18229221e-05	10000000.0	0
20170109_133821	55.8	-1.13767059e-05	10000000.0	0
20170109_133831	56.0	-1.06214409e-05	10000000.0	0
20170109_133841	55.8	-1.08465981e-05	10000000.0	0
20170109_133851	56.2	-9.7449189e-06	10000000.0	0
20170109_133901	56.0	-4.91657483e-06	10000000.0	0
20170109_133911	56.0	-9.04895657e-06	10000000.0	0
20170109_133921	56.0	-5.21742726e-06	10000000.0	0
20170109_133931	56.0	-7.4374193e-06	10000000.0	0
20170109_133941	56.0	-8.77269304e-06	10000000.0	0
20170109_133951	56.0	-1.31478299e-05	10000000.0	0
20170109_134001	55.8	-8.74352386e-06	10000000.0	0
20170109_134011	55.6	-1.39122555e-05	10000000.0	0
20170109_134021	55.2	-1.67233454e-05	10000000.0	0
20170109_134031	55.2	-1.23421818e-05	10000000.0	0
20170109_134041	55.2	-7.35015281e-06	10000000.0	0
20170109_134051	55.2	-1.01417163e-05	10000000.0	0
20170109_134101	55.4	-7.21732453e-06	10000000.0	0
20170109_134111	55.2	-8.2587368e-06	10000000.0	0
20170109_134121	55.6	-1.58829835e-05	10000000.0	0
20170109_134131	55.6	-1.19969729e-05	10000000.0	0
20170109_134141	55.6	-1.08157414e-05	10000000.0	0
20170109_134151	55.4	-1.39423889e-05	10000000.0	0
20170109_134201	55.4	-8.15194383e-06	10000000.0	0
20170109_134211	55.4	-6.2598038e-06	10000000.0	0
20170109_134221	55.6	-6.71976089e-06	10000000.0	0
20170109_134231	55.6	-7.18092331e-06	10000000.0	0
20170109_134241	55.8	-1.36053763e-05	10000000.0	0
20170109_134251	55.6	-1.54866683e-05	10000000.0	0
20170109_134301	55.6	-1.08960169e-05	10000000.0	0
20170109_134311	55.4	-9.81482852e-06	10000000.0	0
20170109_134321	55.2	-1.09589356e-05	10000000.0	0
20170109_134331	55.4	-3.34674226e-06	10000000.0	0
20170109_134342	55.2	-4.19047905e-06	10000000.0	0
20170109_134351	55.2	-8.62805245e-06	10000000.0	0
20170109_134401	55.2	-1.09003562e-05	10000000.0	0
20170109_134411	55.4	-9.43924511e-06	10000000.0	0
20170109_134421	55.4	-9.68344664e-06	10000000.0	0
20170109_134431	55.4	-1.10134169e-05	10000000.0	0
20170109_134441	55.6	-1.15890865e-05	10000000.0	0
20170109_134451	55.4	-7.90412628e-06	10000000.0	0
20170109_134501	55.6	-1.49281145e-05	10000000.0	0
20170109_134511	55.8	-5.81985533e-06	10000000.0	0
20170109_134521	55.8	-1.16652638e-05	10000000.0	0
20170109_134531	56.0	-9.55061837e-06	10000000.0	0
20170109_134541	56.0	-1.03237223e-05	10000000.0	0
20170109_134551	56.2	-6.88657971e-06	10000000.0	0
20170109_134601	56.2	-7.89400144e-06	10000000.0	0
20170109_134611	56.0	-7.22286909e-06	10000000.0	0
20170109_134621	56.0	-7.87736777e-06	10000000.0	0
20170109_134631	56.2	-1.24012434e-05	10000000.0	0
20170109_134641	56.2	-7.12861163e-06	10000000.0	0
20170109_134651	56.2	-8.86863797e-06	10000000.0	0
20170109_134701	56.2	-3.32769791e-06	10000000.0	0
20170109_134711	56.0	-6.53823695e-06	10000000.0	0
20170109_134721	56.0	-6.57921845e-06	10000000.0	0
20170109_134731	56.0	-8.43302872e-06	10000000.0	0
20170109_134741	56.0	-8.01405313e-06	10000000.0	0
20170109_134751	56.2	-1.03143207e-05	10000000.0	0
20170109_134801	56.2	-8.32334293e-06	10000000.0	0
20170109_134811	56.4	-4.1789078e-06	10000000.0	0
20170109_134821	56.2	-6.20893853e-06	10000000.0	0
20170109_134831	56.2	-8.67915879e-06	10000000.0	0
20170109_134841	56.2	-9.3066579e-06	10000000.0	0
20170109_134851	56.4	-7.97524124e-06	10000000.0	0
20170109_134901	56.4	-1.07258232e-05	10000000.0	0
20170109_134911	56.4	-5.01854645e-06	10000000.0	0
20170109_134921	56.4	-1.21669256e-05	10000000.0	0
20170109_134931	56.4	-1.325848e-05	10000000.0	0
20170109_134941	56.2	-1.11226205e-05	10000000.0	0
20170109_134951	56.2	-8.46870673e-06	10000000.0	0
20170109_135001	56.2	-7.0476129e-06	10000000.0	0
20170109_135011	56.0	-9.10705388e-06	10000000.0	0
20170109_135021	56.0	-8.05889171e-06	10000000.0	0
20170109_135031	55.8	-8.06178453e-06	10000000.0	0
20170109_135041	56.0	-7.93739362e-06	10000000.0	0
20170109_135051	55.8	-7.05942522e-06	10000000.0	0
20170109_135101	55.6	-5.01468936e-06	10000000.0	0
20170109_135111	55.8	-1.29366547e-05	10000000.0	0
20170109_135121	55.8	-7.73682533e-06	10000000.0	0
20170109_135131	55.8	-7.12451348e-06	10000000.0	0
20170109_135141	56.0	-8.16496148e-06	10000000.0	0
20170109_135151	56.0	-1.1195423e-05	10000000.0	0
20170109_135201	55.8	-1.21394439e-05	10000000.0	0
20170109_135211	55.8	-8.26789737e-06	10000000.0	0
20170109_135221	55.6	-8.18882718e-06	10000000.0	0
20170109_135231	55.8	-1.18132794e-05	10000000.0	0
20170109_135241	55.6	-6.9567304e-06	10000000.0	0
20170109_135251	55.4	-5.79598964e-06	10000000.0	0
20170109_135301	55.6	-4.09501626e-06	10000000.0	0
20170109_135311	55.6	-7.41524108e-07	10000000.0	0
20170109_135321	55.6	-1.23636368e-05	10000000.0	0
20170109_135331	55.6	-8.28115609e-06	10000000.0	0
20170109_135341	55.4	-8.41109156e-06	10000000.0	0
20170109_135351	55.4	-1.03897749e-05	10000000.0	0
20170109_135401	55.4	-1.44548987e-05	10000000.0	0
20170109_135411	55.6	-1.11749322e-05	10000000.0	0
20170109_135421	55.8	-8.06106132e-06	10000000.0	0
20170109_135431	56.2	-7.48057041e-06	10000000.0	0
20170109_135441	56.2	-7.03628272e-06	10000000.0	0
20170109_135451	56.2	-4.04318671e-06	10000000.0	0
20170109_135501	56.4	-8.85778992e-06	10000000.0	0
20170109_135511	56.4	-6.03512875e-06	10000000.0	0
20170109_135521	56.4	-7.01097062e-06	10000000.0	0
20170109_135531	56.4	-1.021934e-05	10000000.0	0
20170109_135541	56.4	-4.63452567e-06	10000000.0	0
20170109_135551	56.4	-6.09973488e-06	10000000.0	0
20170109_135601	56.6	-6.19664408e-06	10000000.0	0
20170109_135611	56.6	-6.24871469e-06	10000000.0	0
20170109_135621	56.4	-6.20845639e-06	10000000.0	0
20170109_135631	56.6	-6.98589958e-06	10000000.0	0
20170109_135641	56.4	-9.44478966e-06	10000000.0	0
20170109_135651	56.6	-9.84978333e-06	10000000.0	0
20170109_135701	56.6	-2.98803359e-06	10000000.0	0
20170109_135711	56.2	-3.84406483e-06	10000000.0	0
20170109_135721	56.4	-1.3019823e-05	10000000.0	0
20170109_135731	56.2	-8.80162116e-06	10000000.0	0
20170109_135741	56.2	-4.37248513e-06	10000000.0	0
20170109_135751	56.0	-7.43283901e-06	10000000.0	0
20170109_135801	56.2	-7.62617527e-06	10000000.0	0
20170109_135811	56.2	-9.61257275e-06	10000000.0	0
20170109_135821	56.0	-7.39065217e-06	10000000.0	0
20170109_135831	55.8	-1.08114022e-05	10000000.0	0
20170109_135841	54.7	-1.34501288e-05	10000000.0	0
20170109_135851	43.0	-7.00205111e-06	10000000.0	0
20170109_135901	50.3	-6.25353604e-06	10000000.0	0
20170109_135911	59.2	-8.79752301e-06	10000000.0	0
20170109_135921	54.7	-8.76280927e-06	10000000.0	0
20170109_135931	48.6	-5.11690205e-06	10000000.0	0
20170109_135941	37.3	-6.08478869e-06	10000000.0	0
20170109_135951	30.7	-6.22653647e-06	10000000.0	0
20170109_140001	28.0	-6.71807342e-06	10000000.0	0
20170109_140011	46.6	-8.70977438e-06	10000000.0	0
20170109_140021	56.6	-6.66865455e-06	10000000.0	0
20170109_140031	61.8	-7.05098785e-06	10000000.0	0
20170109_140041	64.7	-8.22137131e-06	10000000.0	0
20170109_140051	66.4	-1.33185058e-05	10000000.0	0
20170109_140101	67.5	-1.36996338e-05	10000000.0	0
20170109_140111	68.4	-9.97875452e-06	10000000.0	0
20170109_140121	68.8	-9.03328718e-06	10000000.0	0
20170109_140131	69.0	-8.40506487e-06	10000000.0	0
20170109_140141	69.2	0.53732058	10000000.0	0
20170109_140151	69.2	0.53734133	10000000.0	0
20170109_140201	69.4	0.537266808	10000000.0	0
20170109_140211	69.6	0.537346869	10000000.0	0
20170109_140221	69.6	0.537392439	10000000.0	0
20170109_140231	69.6	0.537315118	10000000.0	0
20170109_140241	69.6	0.537350453	10000000.0	0
20170109_140251	69.6	0.537286556	10000000.0	0
20170109_140301	69.8	0.537368526	10000000.0	0
20170109_140311	69.6	0.537437302	10000000.0	0
20170109_140321	70.0	0.537433305	10000000.0	0
20170109_140331	69.6	0.537430931	10000000.0	0
20170109_140341	69.6	0.537467529	10000000.0	0
20170109_140351	69.6	0.537531779	10000000.0	0
20170109_140401	69.8	0.537486067	10000000.0	0
20170109_140411	69.8	0.537379936	10000000.0	0
20170109_140421	69.8	0.537419528	10000000.0	0
20170109_140431	69.8	0.537382245	10000000.0	0
20170109_140441	69.8	0.537429579	10000000.0	0
20170109_140451	69.8	0.537452781	10000000.0	0
20170109_140501	69.8	0.537378172	10000000.0	0
20170109_140511	69.8	0.537410473	10000000.0	0
20170109_140521	69.6	0.537400576	10000000.0	0
20170109_140531	69.6	0.537426593	10000000.0	0
20170109_140541	69.4	0.537435921	10000000.0	0
20170109_140551	69.6	0.537357559	10000000.0	0
20170109_140601	69.6	0.537382535	10000000.0	0
20170109_140611	69.6	0.537306118	10000000.0	0
20170109_140621	69.8	0.537189625	10000000.0	0
20170109_140631	69.6	0.537260363	10000000.0	0
20170109_140641	69.6	0.537346361	10000000.0	0
20170109_140651	69.6	0.537267478	10000000.0	0
20170109_140701	69.6	0.537303568	10000000.0	0
20170109_140711	69.6	0.53723627	10000000.0	0
20170109_140721	69.6	0.537200264	10000000.0	0
20170109_140731	69.6	0.537249447	10000000.0	0
20170109_140741	69.6	0.537238733	10000000.0	0
20170109_140751	69.6	0.537251638	10000000.0	0
20170109_140801	69.8	0.537199994	10000000.0	0
20170109_140811	69.6	0.537234527	10000000.0	0
20170109_140821	69.8	0.537246793	10000000.0	0
20170109_140831	69.6	0.537156411	10000000.0	0
20170109_140841	69.6	0.537199479	10000000.0	0
20170109_140851	69.6	0.537230314	10000000.0	0
20170109_140901	69.6	0.537246998	10000000.0	0
20170109_140911	69.8	0.537240413	10000000.0	0
20170109_140921	70.0	0.537247285	10000000.0	0
20170109_140931	69.6	0.537212892	10000000.0	0
20170109_140941	69.6	0.537264222	10000000.0	0
20170109_140951	69.8	0.537276061	10000000.0	0
20170109_141001	70.0	0.537192715	10000000.0	0
20170109_141011	69.8	0.537228706	10000000.0	0
20170109_141021	69.6	0.537154283	10000000.0	0
20170109_141031	70.0	0.537177386	10000000.0	0
20170109_141041	70.0	0.537135993	10000000.0	0
20170109_141051	69.8	0.537188606	10000000.0	0
20170109_141101	69.8	0.537201294	10000000.0	0
20170109_141111	69.8	0.537182117	10000000.0	0
20170109_141121	69.8	0.537144926	10000000.0	0
20170109_141131	69.8	0.537152024	10000000.0	0
20170109_141141	69.8	0.537186916	10000000.0	0
20170109_141151	69.8	0.537215425	10000000.0	0
20170109_141201	69.8	0.537313911	10000000.0	0
20170109_141211	69.8	0.537246371	10000000.0	0
20170109_141221	69.8	0.537276592	10000000.0	0
20170109_141231	69.8	0.537181257	10000000.0	0
20170109_141241	69.8	0.537226681	10000000.0	0
20170109_141251	70.0	0.537166518	10000000.0	0
20170109_141301	70.0	0.537206512	10000000.0	0
20170109_141311	70.0	0.53712069	10000000.0	0
20170109_141321	70.0	0.537196688	10000000.0	0
20170109_141331	70.0	0.537212154	10000000.0	0
20170109_141341	70.0	0.537306296	10000000.0	0
20170109_141351	70.0	0.537238374	10000000.0	0
20170109_141401	70.0	0.537239102	10000000.0	0
20170109_141411	70.0	0.537213278	10000000.0	0
20170109_141421	70.0	0.537120536	10000000.0	0
20170109_141431	70.0	0.537259886	10000000.0	0
20170109_141441	70.0	0.537259165	10000000.0	0
20170109_141451	70.0	0.537233047	10000000.0	0
20170109_141501	70.0	0.537253016	10000000.0	0
20170109_141511	70.0	0.537264403	10000000.0	0
20170109_141521	70.0	0.537229504	10000000.0	0
20170109_141531	70.0	0.537213774	10000000.0	0
20170109_141541	70.0	0.537295361	10000000.0	0
20170109_141551	70.0	0.537304419	10000000.0	0
20170109_141601	70.0	0.537266186	10000000.0	0
20170109_141611	70.0	0.537337512	10000000.0	0
20170109_141621	70.1	0.537292579	10000000.0	0
20170109_141631	70.0	0.537343533	10000000.0	0
20170109_141641	70.0	0.537297205	10000000.0	0
20170109_141651	70.0	0.537284695	10000000.0	0
20170109_141701	70.1	0.537301596	10000000.0	0
20170109_141711	70.1	0.537347954	10000000.0	0
20170109_141721	70.0	0.537410742	10000000.0	0
20170109_141731	70.1	0.537308095	10000000.0	0
20170109_141741	70.1	0.537308285	10000000.0	0
20170109_141751	70.1	0.537379131	10000000.0	0
20170109_141801	70.1	0.53736874	10000000.0	0
20170109_141811	70.3	0.537305096	10000000.0	0
20170109_141821	70.1	0.537372775	10000000.0	0
20170109_141831	70.3	0.537282704	10000000.0	0
20170109_141841	70.3	0.53727818	10000000.0	0
20170109_141851	70.3	0.537315629	10000000.0	0
20170109_141901	70.3	0.537315347	10000000.0	0
20170109_141911	70.3	0.537327661	10000000.0	0
20170109_141921	70.3	0.537355455	10000000.0	0
20170109_141931	70.3	0.537293584	10000000.0	0
20170109_141941	70.3	0.537343651	10000000.0	0
20170109_141951	70.3	0.537389799	10000000.0	0
20170109_142001	70.5	0.537320286	10000000.0	0
20170109_142011	70.3	0.537367516	10000000.0	0
20170109_142021	70.3	0.537404399	10000000.0	0
20170109_142031	70.3	0.537238246	10000000.0	0
20170109_142041	70.5	0.537453675	10000000.0	0
20170109_142051	70.5	0.537381062	10000000.0	0
20170109_142101	70.5	0.537426205	10000000.0	0
20170109_142111	70.5	0.53744965	10000000.0	0
20170109_142121	70.5	0.537379886	10000000.0	0
20170109_142131	70.5	0.537398792	10000000.0	0
20170109_142141	70.5	0.537408084	10000000.0	0
20170109_142151	70.3	0.537357067	10000000.0	0
20170109_142201	70.5	0.537436593	10000000.0	0
20170109_142211	70.7	0.537456102	10000000.0	0
20170109_142221	70.5	0.537473611	10000000.0	0
20170109_142231	70.5	0.537536216	10000000.0	0
20170109_142241	70.5	0.537475295	10000000.0	0
20170109_142251	70.5	0.537454157	10000000.0	0
20170109_142301	70.5	0.537456644	10000000.0	0
20170109_142311	70.3	0.5374053	10000000.0	0
20170109_142321	70.3	0.537424074	10000000.0	0
20170109_142331	70.3	0.537521988	10000000.0	0
20170109_142341	70.5	0.537404741	10000000.0	0
20170109_142351	70.3	0.537497239	10000000.0	0
20170109_142401	70.5	0.537455116	10000000.0	0
20170109_142411	70.5	0.537403405	10000000.0	0
20170109_142421	70.3	0.537425098	10000000.0	0
20170109_142431	70.5	0.537475385	10000000.0	0
20170109_142441	70.3	0.537471637	10000000.0	0
20170109_142451	70.3	0.537477077	10000000.0	0
20170109_142501	70.5	0.537413319	10000000.0	0
20170109_142511	70.5	0.537474558	10000000.0	0
20170109_142521	70.5	0.537315579	10000000.0	0
20170109_142531	70.3	0.537408973	10000000.0	0
20170109_142541	70.5	0.537482064	10000000.0	0
20170109_142551	70.5	0.537428979	10000000.0	0
20170109_142601	70.3	0.537454743	10000000.0	0
20170109_142611	70.3	0.537572185	10000000.0	0
20170109_142621	70.5	0.537519636	10000000.0	0
20170109_142631	70.5	0.537567369	10000000.0	0
20170109_142641	70.5	0.537540181	10000000.0	0
20170109_142651	70.5	0.537659311	10000000.0	0
20170109_142701	70.5	0.537699259	10000000.0	0
20170109_142711	70.5	0.537626367	10000000.0	0
20170109_142721	70.5	0.537647932	10000000.0	0
20170109_142731	70.3	0.53764651	10000000.0	0
20170109_142741	70.5	0.537744125	10000000.0	0
20170109_142751	70.5	0.53769347	10000000.0	0
20170109_142801	70.3	0.537613141	10000000.0	0
20170109_142811	70.3	0.53757547	10000000.0	0
20170109_142821	70.5	0.537594056	10000000.0	0
20170109_142831	70.3	0.537615952	10000000.0	0
20170109_142841	70.3	0.537610444	10000000.0	0
20170109_142851	70.5	0.537700775	10000000.0	0
20170109_142901	70.5	0.537639638	10000000.0	0
20170109_142911	70.5	0.537617224	10000000.0	0
20170109_142921	70.5	0.537605132	10000000.0	0
20170109_142931	70.3	0.537646172	10000000.0	0
20170109_142941	70.5	0.537626328	10000000.0	0
20170109_142951	70.5	0.537741449	10000000.0	0
20170109_143001	70.3	0.537676147	10000000.0	0
20170109_143011	70.5	0.53773282	10000000.0	0
20170109_143021	70.5	0.537715124	10000000.0	0
20170109_143031	70.3	0.537699944	10000000.0	0
20170109_143041	70.5	0.537673804	10000000.0	0
20170109_143051	70.5	0.537738716	10000000.0	0
20170109_143101	70.5	0.537782415	10000000.0	0
20170109_143111	70.7	0.537852124	10000000.0	0
20170109_143121	70.5	0.537763048	10000000.0	0
20170109_143131	70.3	0.537688697	10000000.0	0
20170109_143141	70.5	0.537745414	10000000.0	0
20170109_143151	70.3	0.537832704	10000000.0	0
20170109_143201	70.5	0.53776977	10000000.0	0
20170109_143211	70.3	0.537709269	10000000.0	0
20170109_143221	70.5	0.537798407	10000000.0	0
20170109_143231	70.3	0.537642602	10000000.0	0
20170109_143241	70.5	0.5377939	10000000.0	0
20170109_143251	70.5	0.537757148	10000000.0	0
20170109_143301	70.3	0.537740377	10000000.0	0
20170109_143311	70.3	0.537866829	10000000.0	0
20170109_143321	70.5	0.537935901	10000000.0	0
20170109_143331	70.5	0.537858388	10000000.0	0
20170109_143341	70.5	0.537839101	10000000.0	0
20170109_143351	70.3	0.537826736	10000000.0	0
20170109_143401	70.3	0.537838633	10000000.0	0
20170109_143411	70.5	0.537834668	10000000.0	0
20170109_143421	70.3	0.537920058	10000000.0	0
20170109_143431	70.3	0.53792975	10000000.0	0
20170109_143441	70.3	0.537929888	10000000.0	0
20170109_143451	70.5	0.537966927	10000000.0	0
20170109_143501	70.7	0.537906493	10000000.0	0
20170109_143511	70.5	0.537898218	10000000.0	0
20170109_143521	70.7	0.537898674	10000000.0	0
20170109_143531	70.7	0.537888172	10000000.0	0
20170109_143541	70.7	0.53782601	10000000.0	0
20170109_143551	70.7	0.537956345	10000000.0	0
20170109_143601	70.7	0.53792276	10000000.0	0
20170109_143611	70.7	0.537930623	10000000.0	0
20170109_143621	70.5	0.537960848	10000000.0	0
20170109_143631	70.7	0.537980044	10000000.0	0
20170109_143641	70.7	0.537896172	10000000.0	0
20170109_143651	70.5	0.537850858	10000000.0	0
20170109_143701	70.5	0.537982302	10000000.0	0
20170109_143711	70.7	0.53794466	10000000.0	0
20170109_143721	70.7	0.537911179	10000000.0	0
20170109_143731	70.7	0.537963497	10000000.0	0
20170109_143741	70.7	0.537958778	10000000.0	0
20170109_143751	70.7	0.538039566	10000000.0	0
20170109_143801	70.7	0.537913837	10000000.0	0
20170109_143811	70.7	0.537956587	10000000.0	0
20170109_143821	70.9	0.538048405	10000000.0	0
20170109_143831	70.9	0.537948558	10000000.0	0
20170109_143841	70.9	0.538029308	10000000.0	0
20170109_143851	70.9	0.538016468	10000000.0	0
20170109_143901	70.9	0.537942411	10000000.0	0
20170109_143911	70.7	0.53811209	10000000.0	0
20170109_143921	70.9	0.538170634	10000000.0	0
20170109_143931	70.7	0.53809571	10000000.0	0
20170109_143941	70.7	0.538045638	10000000.0	0
20170109_143951	70.5	0.538146302	10000000.0	0
20170109_144001	70.5	0.538087324	10000000.0	0
20170109_144011	70.7	0.538100135	10000000.0	0
20170109_144021	70.7	0.538091788	10000000.0	0
20170109_144031	70.7	0.538114737	10000000.0	0
20170109_144041	70.7	0.538147965	10000000.0	0
20170109_144051	70.7	0.538099014	10000000.0	0
20170109_144101	70.5	0.538180584	10000000.0	0
20170109_144111	70.7	0.53816095	10000000.0	0
20170109_144121	70.5	0.538128396	10000000.0	0
20170109_144131	70.5	0.538070411	10000000.0	0
20170109_144141	70.7	0.538123038	10000000.0	0
20170109_144151	70.7	0.538089209	10000000.0	0
20170109_144201	70.7	0.537990389	10000000.0	0
20170109_144211	70.7	0.538050716	10000000.0	0
20170109_144221	70.9	0.538074646	10000000.0	0
20170109_144231	70.7	0.537992548	10000000.0	0
20170109_144241	70.9	0.537994043	10000000.0	0
20170109_144251	70.7	0.538043047	10000000.0	0
20170109_144301	70.7	0.538061344	10000000.0	0
20170109_144311	70.9	0.538122534	10000000.0	0
20170109_144321	70.7	0.538100764	10000000.0	0
20170109_144331	70.9	0.538032261	10000000.0	0
20170109_144341	70.7	0.537966582	10000000.0	0
20170109_144351	70.9	0.538051297	10000000.0	0
20170109_144401	70.7	0.538131397	10000000.0	0
20170109_144411	70.9	0.538079242	10000000.0	0
20170109_144421	70.9	0.538131202	10000000.0	0
20170109_144431	70.9	0.538150441	10000000.0	0
20170109_144441	70.9	0.538074646	10000000.0	0
20170109_144451	70.9	0.53806426	10000000.0	0
20170109_144501	70.9	0.538042418	10000000.0	0
20170109_144511	70.9	0.538104997	10000000.0	0
20170109_144521	71.1	0.538050442	10000000.0	0
20170109_144531	70.9	0.538067333	10000000.0	0
20170109_144541	71.1	0.538149226	10000000.0	0
20170109_144551	70.9	0.53815354	10000000.0	0
20170109_144601	70.9	0.538115228	10000000.0	0
20170109_144611	70.9	0.53813811	10000000.0	0
20170109_144621	71.1	0.538107499	10000000.0	0
20170109_144631	70.9	0.538055436	10000000.0	0
20170109_144641	70.9	0.538072366	10000000.0	0
20170109_144651	70.9	0.538076695	10000000.0	0
20170109_144701	71.1	0.538104334	10000000.0	0
20170109_144711	71.1	0.538107547	10000000.0	0
20170109_144721	71.1	0.53800311	10000000.0	0
20170109_144731	70.9	0.538117747	10000000.0	0
20170109_144741	70.9	0.538063785	10000000.0	0
20170109_144751	70.9	0.538137145	10000000.0	0
20170109_144801	70.9	0.538015302	10000000.0	0
20170109_144811	71.1	0.53808589	10000000.0	0
20170109_144821	70.9	0.538069669	10000000.0	0
20170109_144831	71.1	0.538060124	10000000.0	0
20170109_144841	70.9	0.537965302	10000000.0	0
20170109_144851	71.1	-0.0146082739	10000000.0	0
20170109_144901	71.1	-0.100103538	10000000.0	0
20170109_144911	71.6	-0.00379406749	10000000.0	0
20170109_144921	71.6	-0.00277805972	10000000.0	0
20170109_144931	71.6	-0.00218667017	10000000.0	0
20170109_144941	71.8	-0.00179571872	10000000.0	0
20170109_144951	71.8	-0.00152048961	10000000.0	0
20170109_145001	71.6	-0.00130675783	10000000.0	0
20170109_145011	71.8	-0.00113984838	10000000.0	0
20170109_145021	71.8	-0.00101296314	10000000.0	0
20170109_145031	71.8	-0.000905788564	10000000.0	0
20170109_145041	71.8	-0.000809214934	10000000.0	0
20170109_145051	72.0	-0.000734741905	10000000.0	0
20170109_145101	71.8	-0.000669677745	10000000.0	0
20170109_145111	71.3	-0.00062094592	10000000.0	0
20170109_145121	63.5	-0.000562513049	10000000.0	0
20170109_145131	69.8	-0.00052162002	10000000.0	0
20170109_145141	71.5	-0.000485050057	10000000.0	0
20170109_145151	72.0	-0.000454342859	10000000.0	0
20170109_145201	72.4	-0.000425489231	10000000.0	0
20170109_145211	72.6	-0.000402017197	10000000.0	0
20170109_145221	72.4	-0.000377354288	10000000.0	0
20170109_145231	72.4	-0.000349975271	10000000.0	0
20170109_145241	72.4	-0.000340410671	10000000.0	0
20170109_145251	72.4	-0.000317139446	10000000.0	0
20170109_145301	72.4	-0.000309715285	10000000.0	0
20170109_145311	72.4	-0.000291227807	10000000.0	0
20170109_145321	72.2	-0.000279432849	10000000.0	0
20170109_145331	72.4	-0.000265486362	10000000.0	0
20170109_145341	72.2	-0.000249706314	10000000.0	0
20170109_145351	72.0	-0.00024599797	10000000.0	0
20170109_145401	72.0	-0.000235184157	10000000.0	0
20170109_145411	72.2	-0.000225317741	10000000.0	0
20170109_145421	72.2	-0.000217005969	10000000.0	0
20170125_160311	88.3	-0.000144194049	1000000.0	0
20170125_160321	88.1	0.00103434829	1000000.0	0
20170125_160331	88.1	-0.00447655281	1000000.0	0
20170125_160341	88.1	-0.27027693	1000000.0	0
