20170127_085609	22.1	-0.000189287718	1000000.0	2
20170127_085619	21.9	0.000161590128	1000000.0	2
20170127_085629	22.1	-0.000121947718	1000000.0	2
20170127_085639	22.1	6.37989959e-05	1000000.0	2
20170127_085649	21.9	0.000160983451	1000000.0	2
20170127_085659	22.1	0.000188826818	1000000.0	2
20170127_085709	22.1	-0.000100500005	1000000.0	2
20170127_085719	22.1	-0.000202795707	1000000.0	2
20170127_085729	22.1	5.34427521e-05	1000000.0	2
20170127_085739	21.9	7.22871606e-05	1000000.0	2
20170127_085749	22.1	-0.000171735159	1000000.0	2
20170127_085759	22.1	0.000157589051	1000000.0	2
20170127_085809	22.1	0.000176877379	1000000.0	2
20170127_085819	22.1	-3.1841723e-05	1000000.0	2
20170127_085829	22.1	0.000161545827	1000000.0	2
20170127_085839	21.9	-0.00017313916	1000000.0	2
20170127_085849	22.1	-0.000182818561	1000000.0	2
20170127_085859	21.9	0.000115663364	1000000.0	2
20170127_085909	21.9	-0.000181981674	1000000.0	2
20170127_085919	21.9	-5.44791441e-05	1000000.0	2
20170127_085929	22.1	-3.69527154e-05	1000000.0	2
20170127_085939	21.9	-0.00389156805	1000000.0	2
20170127_085949	22.1	-0.00604380246	1000000.0	2
20170127_085959	22.1	-0.00431634953	1000000.0	2
20170127_090009	22.1	-0.000918669335	1000000.0	2
20170127_090019	21.9	-0.000390752793	1000000.0	2
20170127_090029	22.1	-0.000232932344	1000000.0	2
20170127_090039	22.1	-0.00202786648	1000000.0	2
20170127_090049	22.1	-0.0002054965	1000000.0	2
20170127_090059	22.1	5.16185764e-05	1000000.0	2
20170127_090109	22.1	0.00023201391	1000000.0	2
20170127_090119	22.1	-0.00142752668	1000000.0	2
20170127_090129	22.1	-0.00244697751	1000000.0	2
20170127_090139	22.1	-0.000621709661	1000000.0	2
20170127_090149	22.1	-0.0002509377	1000000.0	2
20170127_090159	22.1	-0.000497330312	1000000.0	2
20170127_090209	22.1	-0.00340751421	1000000.0	2
20170127_090219	22.1	-0.000642028125	1000000.0	2
20170127_090229	22.1	-0.000750772623	1000000.0	2
20170127_090240	22.1	-0.000184232819	1000000.0	2
20170127_090249	22.1	-0.000228299782	1000000.0	2
20170127_090259	22.1	-0.00262242445	1000000.0	2
20170127_090309	22.1	-0.0027941818	1000000.0	2
20170127_090319	22.1	-0.00235114402	1000000.0	2
20170127_090329	22.1	-0.00159830982	1000000.0	2
20170127_090339	22.1	-0.00138489944	1000000.0	2
20170127_090349	22.1	-0.000520831753	1000000.0	2
20170127_090359	22.1	0.000160322571	1000000.0	2
20170127_090409	22.1	-0.000666508765	1000000.0	2
20170127_090419	21.9	-0.00108894313	1000000.0	2
20170127_090429	22.1	-0.000875517241	1000000.0	2
20170127_090439	21.9	-0.000361964408	1000000.0	2
20170127_090449	22.1	-0.000773216266	1000000.0	2
20170127_090459	22.1	-0.000575850478	1000000.0	2
20170127_090509	22.1	-0.000394441531	1000000.0	2
20170127_090519	22.1	0.000188494097	1000000.0	2
20170127_102529	22.1	-5.38638637e-06	1000000.0	2
20170127_102539	22.1	-0.00253096708	1000000.0	2
20170127_102549	22.1	-0.000656667813	1000000.0	2
20170127_102559	22.1	-8.6287862e-05	1000000.0	2
20170127_102609	22.1	-0.00025490909	1000000.0	2
20170127_102619	22.1	-0.000238282249	1000000.0	2
20170127_102629	22.1	-0.000172516153	1000000.0	2
20170127_102639	22.1	-4.70598204e-05	1000000.0	2
20170127_102649	22.1	0.000156413574	1000000.0	2
20170127_102659	21.9	0.000145185908	1000000.0	2
20170127_102709	21.9	0.000124736583	1000000.0	2
20170127_102719	22.1	0.000110996734	1000000.0	2
20170127_102729	21.9	-1.46430532e-05	1000000.0	2
20170127_102739	22.1	1.22306074e-05	1000000.0	2
20170127_102749	21.9	-0.000115328495	1000000.0	2
20170127_102759	22.1	-0.000111951807	1000000.0	2
20170127_102809	21.9	9.19620513e-05	1000000.0	2
20170127_102819	22.1	-9.44093491e-05	1000000.0	2
20170127_102829	22.1	0.000156539911	1000000.0	2
20170127_102839	21.9	9.669195e-05	1000000.0	2
20170127_102849	22.1	6.4408815e-05	1000000.0	2
20170127_102859	22.1	0.000125006784	1000000.0	2
20170127_102909	22.1	0.000176026334	1000000.0	2
20170127_102919	22.1	2.02139949e-05	1000000.0	2
20170127_102929	22.1	-0.000165445103	1000000.0	2
20170127_102939	22.1	-0.0001005716	1000000.0	2
20170127_102949	22.1	-0.000130537974	1000000.0	2
20170127_102959	22.1	6.58744692e-05	1000000.0	2
20170127_103009	22.1	0.000157598918	1000000.0	2
20170127_103019	22.1	-0.000157847726	1000000.0	2
20170127_103029	22.3	-0.000146979418	1000000.0	2
20170127_103039	22.3	-7.45960199e-05	1000000.0	2
20170127_103049	22.3	8.12911139e-05	1000000.0	2
20170127_103059	22.3	7.53900499e-05	1000000.0	2
20170127_103109	22.1	2.49880103e-05	1000000.0	2
20170127_103119	22.3	-6.41265079e-05	1000000.0	2
20170127_103129	22.3	7.19934751e-07	1000000.0	2
20170127_103139	22.1	0.00010179922	1000000.0	2
20170127_103149	22.3	0.000123289667	1000000.0	2
20170127_103159	22.3	7.31459416e-05	1000000.0	2
20170127_103209	22.3	-2.54870504e-05	1000000.0	2
20170127_103219	22.3	-3.14916365e-05	1000000.0	2
20170127_103229	22.3	-0.000118748683	1000000.0	2
20170127_103239	22.3	-0.000166313033	1000000.0	2
20170127_103249	22.3	-0.000116038192	1000000.0	2
20170127_103259	22.1	-0.000160150546	1000000.0	2
20170127_103309	21.9	-6.94093802e-05	1000000.0	2
20170127_103319	22.3	-4.51810072e-05	1000000.0	2
20170127_103329	22.3	0.000140046182	1000000.0	2
20170127_103339	22.1	0.000141562308	1000000.0	2
20170127_103349	22.1	7.81135841e-05	1000000.0	2
20170127_103359	22.3	0.000127995889	1000000.0	2
20170127_103409	22.3	0.000105755455	1000000.0	2
20170127_103419	22.3	-0.000134820212	1000000.0	2
20170127_103429	22.3	-0.00019127957	1000000.0	2
20170127_103439	22.3	-0.000142804211	1000000.0	2
20170127_103449	22.5	-0.000151827855	1000000.0	2
20170127_103459	22.8	-0.000159924401	1000000.0	2
20170127_103509	23.4	-9.384531e-06	1000000.0	2
20170127_103519	24.0	-6.49805464e-06	1000000.0	2
20170127_103529	24.8	9.68862293e-05	1000000.0	2
20170127_103539	25.5	0.000130854869	1000000.0	2
20170127_103549	26.3	5.56379407e-05	1000000.0	2
20170127_103559	26.9	0.000143269908	1000000.0	2
20170127_103609	27.6	0.000127780395	1000000.0	2
20170127_103619	28.4	0.00016653771	1000000.0	2
20170127_103629	29.2	-2.64018312e-05	1000000.0	2
20170127_103639	29.6	-0.000300044656	1000000.0	2
20170127_103649	30.3	-0.00164277368	1000000.0	2
20170127_103659	30.9	-0.000403539763	1000000.0	2
20170127_103709	31.7	-0.000336732981	1000000.0	2
20170127_103719	32.5	-0.000314184474	1000000.0	2
20170127_103729	33.0	-0.000241219271	1000000.0	2
20170127_103739	33.8	-5.71954711e-05	1000000.0	2
20170127_103749	34.8	8.5992276e-05	1000000.0	2
20170127_103759	35.5	6.7651505e-05	1000000.0	2
20170127_103809	36.1	0.000110046627	1000000.0	2
20170127_103819	36.7	0.000139696228	1000000.0	2
20170127_103829	37.6	0.000127855455	1000000.0	2
20170127_103839	38.4	0.000136601267	1000000.0	2
20170127_103849	38.8	0.000158982678	1000000.0	2
20170127_103859	39.6	-8.16136948e-05	1000000.0	2
20170127_103909	40.3	-0.000181758549	1000000.0	2
20170127_103919	40.9	-0.00010665273	1000000.0	2
20170127_103929	41.6	7.93801613e-05	1000000.0	2
20170127_103939	42.2	-0.000174695101	1000000.0	2
20170127_103949	43.0	-0.000123151017	1000000.0	2
20170127_103959	43.5	-7.37039182e-05	1000000.0	2
20170127_104009	44.1	-0.000170484341	1000000.0	2
20170127_104019	44.9	-7.60399845e-05	1000000.0	2
20170127_104029	45.4	2.55778134e-05	1000000.0	2
20170127_104039	46.0	6.02504931e-05	1000000.0	2
20170127_104049	46.6	1.89472468e-05	1000000.0	2
20170127_104059	47.3	0.000129456259	1000000.0	2
20170127_104109	47.9	0.000168806342	1000000.0	2
20170127_104119	48.4	0.00016865758	1000000.0	2
20170127_104129	49.0	4.23053302e-05	1000000.0	2
20170127_104139	49.6	-5.532989e-05	1000000.0	2
20170127_104149	50.1	-0.00013898053	1000000.0	2
20170127_104159	50.7	-0.000189186302	1000000.0	2
20170127_104209	51.3	-0.000127622477	1000000.0	2
20170127_104219	51.6	-0.00016122729	1000000.0	2
20170127_104229	52.4	-0.000152687292	1000000.0	2
20170127_104239	52.8	-0.00012819474	1000000.0	2
20170127_104249	53.3	0.000149199155	1000000.0	2
20170127_104259	53.9	7.94669094e-05	1000000.0	2
20170127_104309	54.3	2.88201104e-05	1000000.0	2
20170127_104319	54.9	-0.000162971811	1000000.0	2
20170127_104329	55.2	-0.000143124349	1000000.0	2
20170127_104339	55.6	0.000168117022	1000000.0	2
20170127_104349	56.0	8.38967619e-05	1000000.0	2
20170127_104359	56.7	3.90620183e-05	1000000.0	2
20170127_104409	57.3	-6.57784335e-06	1000000.0	2
20170127_104419	57.7	5.98017849e-05	1000000.0	2
20170127_104429	58.3	0.000131872008	1000000.0	2
20170127_104439	58.4	2.79310399e-05	1000000.0	2
20170127_104449	58.8	1.77518868e-05	1000000.0	2
20170127_104459	59.2	0.000260727731	1000000.0	2
20170127_104509	59.8	7.30707178e-05	1000000.0	2
20170127_104519	60.1	-0.000158624306	1000000.0	2
20170127_104529	60.5	-0.000123142778	1000000.0	2
20170127_104539	61.1	-0.000160764663	1000000.0	2
20170127_104549	61.3	-0.000169757356	1000000.0	2
20170127_104559	62.0	-0.000156493932	1000000.0	2
20170127_104609	62.2	-1.9277325e-05	1000000.0	2
20170127_104619	62.4	0.000188004006	1000000.0	2
20170127_104629	63.2	0.000118073205	1000000.0	2
20170127_104639	63.5	8.66652674e-05	1000000.0	2
20170127_104649	63.9	-8.37788369e-05	1000000.0	2
20170127_104659	64.3	-3.26735808e-05	1000000.0	2
20170127_104709	64.5	3.32729463e-05	1000000.0	2
20170127_104719	64.9	-7.86743714e-05	1000000.0	2
20170127_104729	64.9	-5.36885115e-05	1000000.0	2
20170127_104739	65.6	-3.06960711e-05	1000000.0	2
20170127_104749	66.0	0.000162457544	1000000.0	2
20170127_104759	66.2	-2.61080306e-06	1000000.0	2
20170127_104809	66.4	7.68781361e-05	1000000.0	2
20170127_104819	66.6	2.34874701e-05	1000000.0	2
20170127_104829	66.9	-9.46320709e-05	1000000.0	2
20170127_104839	67.5	-3.90676201e-05	1000000.0	2
20170127_104849	67.9	-0.000630343047	1000000.0	2
20170127_104859	67.9	0.000121145778	1000000.0	2
20170127_104909	68.8	-0.00073077527	1000000.0	2
20170127_104919	68.6	-0.000318071634	1000000.0	2
20170127_104929	69.0	-0.00285350105	1000000.0	2
20170127_104939	69.2	-0.000626983739	1000000.0	2
20170127_104949	69.6	-0.000331300728	1000000.0	2
20170127_104959	70.1	-0.000294437941	1000000.0	2
20170127_105009	70.1	-0.000277701953	1000000.0	2
20170127_105019	70.3	-0.000260187886	1000000.0	2
20170127_105029	70.7	-3.25124059e-05	1000000.0	2
20170127_105039	71.1	5.91358988e-05	1000000.0	2
20170127_105049	71.3	0.00012352482	1000000.0	2
20170127_105059	71.1	-8.54204611e-05	1000000.0	2
20170127_105109	71.1	-0.000142749817	1000000.0	2
20170127_105119	71.5	-0.000172565948	1000000.0	2
20170127_105129	72.2	-0.000138543731	1000000.0	2
20170127_105139	72.4	-0.000138927474	1000000.0	2
20170127_105149	72.4	-0.00017418123	1000000.0	2
20170127_105159	72.4	-7.7528411e-05	1000000.0	2
20170127_105209	73.0	-2.84521391e-05	1000000.0	2
20170127_105219	73.5	-2.94665789e-05	1000000.0	2
20170127_105229	73.7	6.95294612e-06	1000000.0	2
20170127_105239	73.5	2.10087328e-05	1000000.0	2
20170127_105249	73.9	0.000188813726	1000000.0	2
20170127_105259	73.7	0.000165555988	1000000.0	2
20170127_105309	73.7	0.000133010439	1000000.0	2
20170127_105319	73.9	0.000153071728	1000000.0	2
20170127_105329	73.7	8.86250804e-05	1000000.0	2
20170127_105339	74.1	1.59204098e-05	1000000.0	2
20170127_105349	74.3	4.73734098e-05	1000000.0	2
20170127_105359	74.5	-0.000149783511	1000000.0	2
20170127_105409	74.5	8.17630223e-05	1000000.0	2
20170127_105419	74.9	-1.44518948e-05	1000000.0	2
20170127_105429	74.7	-3.67578654e-06	1000000.0	2
20170127_105439	75.0	8.53095698e-05	1000000.0	2
20170127_105449	75.6	0.000179094136	1000000.0	2
20170127_105459	76.9	0.000123391434	1000000.0	2
20170127_105509	76.0	-5.44487407e-05	1000000.0	2
20170127_105519	76.2	-2.1823518e-05	1000000.0	2
20170127_105529	76.6	-4.77097412e-05	1000000.0	2
20170127_105539	76.6	0.000125197133	1000000.0	2
20170127_105549	76.6	0.000128524608	1000000.0	2
20170127_105559	76.2	0.000156972927	1000000.0	2
20170127_105609	75.6	0.000132588213	1000000.0	2
20170127_105619	75.6	3.83235475e-05	1000000.0	2
20170127_105629	75.8	-0.00016614857	1000000.0	2
20170127_105639	75.4	-4.65796384e-05	1000000.0	2
20170127_105649	75.6	0.000144187369	1000000.0	2
20170127_105659	76.4	0.000170025614	1000000.0	2
20170127_105709	76.9	0.000149425221	1000000.0	2
20170127_105719	77.1	0.000149895006	1000000.0	2
20170127_105729	77.5	0.000105185012	1000000.0	2
20170127_105739	77.5	7.33316183e-05	1000000.0	2
20170127_105749	77.9	-9.9e+37	1000000.0	2
20170127_105759	77.9	0.000169637042	1000000.0	2
20170127_105809	77.9	-5.73286746e-05	1000000.0	2
20170127_105819	77.9	-0.000160242747	1000000.0	2
20170127_105829	78.1	-3.66461098e-05	1000000.0	2
20170127_105839	78.4	5.68387908e-05	1000000.0	2
20170127_105849	77.5	5.42409647e-05	1000000.0	2
20170127_105859	77.5	5.72330736e-05	1000000.0	2
20170127_105909	77.7	-0.000167670604	1000000.0	2
20170127_105919	77.9	3.26328608e-05	1000000.0	2
20170127_105929	77.9	-9.85605514e-05	1000000.0	2
20170127_105939	77.7	-0.000164018446	1000000.0	2
20170127_105949	78.3	-0.000120274024	1000000.0	2
20170127_105959	78.4	0.000114217148	1000000.0	2
20170127_110009	78.4	-2.47403269e-05	1000000.0	2
20170127_110019	78.4	-2.20984848e-05	1000000.0	2
20170127_110029	78.1	-2.02126139e-05	1000000.0	2
20170127_110039	78.4	-5.76021598e-05	1000000.0	2
20170127_110049	78.3	2.64292383e-05	1000000.0	2
20170127_110059	78.6	5.51082807e-05	1000000.0	2
20170127_110109	78.6	2.57673207e-05	1000000.0	2
20170127_110119	79.2	-0.000137073968	1000000.0	2
20170127_110129	79.0	-6.03181384e-05	1000000.0	2
20170127_110139	79.4	-9.1120853e-05	1000000.0	2
20170127_110149	79.6	-5.33703787e-05	1000000.0	2
20170127_110159	79.6	5.38652949e-06	1000000.0	2
20170127_110209	81.1	8.56788637e-05	1000000.0	2
20170127_110219	79.8	-8.55994072e-05	1000000.0	2
20170127_110229	79.6	-0.000191088048	1000000.0	2
20170127_110239	80.0	5.61660304e-05	1000000.0	2
20170127_110249	80.1	-1.65359973e-06	1000000.0	2
20170127_110259	80.5	-0.000174159166	1000000.0	2
20170127_110309	80.5	-9.8444322e-05	1000000.0	2
20170127_110319	80.7	4.02508048e-05	1000000.0	2
20170127_110329	80.7	3.24743405e-05	1000000.0	2
20170127_110339	80.7	8.93116563e-05	1000000.0	2
20170127_110349	80.5	0.000115980638	1000000.0	2
20170127_110359	80.7	4.76447289e-05	1000000.0	2
20170127_110409	80.7	-5.79531382e-05	1000000.0	2
20170127_110419	80.7	-2.55557405e-05	1000000.0	2
20170127_110429	81.1	-0.000167265959	1000000.0	2
20170127_110439	81.3	-0.000173201345	1000000.0	2
20170127_110449	81.3	-8.85557097e-05	1000000.0	2
20170127_110459	81.3	5.95515006e-06	1000000.0	2
20170127_110509	81.5	7.04947136e-05	1000000.0	2
20170127_110519	81.6	-9.25589358e-05	1000000.0	2
20170127_110529	81.8	0.000102109695	1000000.0	2
20170127_110539	81.6	0.000167632578	1000000.0	2
20170127_110549	81.8	0.000140605387	1000000.0	2
20170127_110559	82.2	-0.000125674992	1000000.0	2
20170127_110609	82.0	-0.000177611061	1000000.0	2
20170127_110619	82.0	2.73441586e-05	1000000.0	2
20170127_110629	82.0	0.000167768875	1000000.0	2
20170127_110639	82.2	8.48441096e-05	1000000.0	2
20170127_110649	82.2	-3.12033552e-05	1000000.0	2
20170127_110659	82.4	-0.000144469231	1000000.0	2
20170127_110709	82.4	-0.000173977151	1000000.0	2
20170127_110719	82.6	-8.18444999e-05	1000000.0	2
20170127_110729	82.2	3.10798248e-05	1000000.0	2
20170127_110739	82.8	-0.000139519019	1000000.0	2
20170127_110749	82.6	0.000141380916	1000000.0	2
20170127_110759	82.8	0.000168782621	1000000.0	2
20170127_110809	83.2	0.00017516569	1000000.0	2
20170127_110819	83.2	0.000127562454	1000000.0	2
20170127_110829	83.5	1.47491113e-06	1000000.0	2
20170127_110839	83.5	-4.5822923e-07	1000000.0	2
20170127_110849	83.2	0.000150695092	1000000.0	2
20170127_110859	83.2	0.000174616715	1000000.0	2
20170127_110909	83.7	0.000104507853	1000000.0	2
20170127_110919	83.3	7.32375705e-05	1000000.0	2
20170127_110929	83.7	-4.07648218e-05	1000000.0	2
20170127_110939	83.5	-5.57469577e-05	1000000.0	2
20170127_110949	83.5	-0.000152794971	1000000.0	2
20170127_110959	84.1	-0.000131741521	1000000.0	2
20170127_111009	83.7	0.000119180346	1000000.0	2
20170127_111019	83.5	0.000177837577	1000000.0	2
20170127_111029	83.5	-0.000163065149	1000000.0	2
20170127_111039	83.3	-8.5261498e-05	1000000.0	2
20170127_111049	83.5	0.000181477855	1000000.0	2
20170127_111059	83.5	8.5967786e-05	1000000.0	2
20170127_111109	83.3	-0.000135515391	1000000.0	2
20170127_111119	83.9	-0.000186461987	1000000.0	2
20170127_111129	83.5	-9.37787635e-05	1000000.0	2
20170127_111139	84.1	-2.23125638e-05	1000000.0	2
20170127_111149	83.9	-5.47220699e-05	1000000.0	2
20170127_111159	83.7	0.00013708919	1000000.0	2
20170127_111209	83.9	0.000125163668	1000000.0	2
20170127_111219	83.9	-0.000157473212	1000000.0	2
20170127_111229	84.1	-0.000149601694	1000000.0	2
20170127_111239	83.9	-1.95838269e-05	1000000.0	2
20170127_111249	84.1	0.000156892313	1000000.0	2
20170127_111259	83.9	9.55274325e-05	1000000.0	2
20170127_111309	84.1	-5.85482512e-05	1000000.0	2
20170127_111319	83.7	2.75690038e-05	1000000.0	2
20170127_111329	83.3	2.92383809e-05	1000000.0	2
20170127_111339	84.7	-1.76368399e-05	1000000.0	2
20170127_111349	83.3	-2.55868509e-05	1000000.0	2
20170127_111359	83.2	2.03214421e-06	1000000.0	2
20170127_111409	83.2	0.000184385117	1000000.0	2
20170127_111419	83.2	8.81952897e-05	1000000.0	2
20170127_111429	83.0	-0.000191296938	1000000.0	2
20170127_111439	83.0	-2.15735729e-05	1000000.0	2
20170127_111449	83.0	0.000165501142	1000000.0	2
20170127_111459	83.2	0.000154611691	1000000.0	2
20170127_111509	82.8	0.000148572737	1000000.0	2
20170127_111519	83.0	-5.16947641e-05	1000000.0	2
20170127_111529	83.3	0.000125842567	1000000.0	2
20170127_111539	83.7	-0.000101051603	1000000.0	2
20170127_111549	83.5	-0.000163110748	1000000.0	2
20170127_111559	83.0	7.31115981e-06	1000000.0	2
20170127_111609	83.0	0.000146589673	1000000.0	2
20170127_111619	83.0	0.000164815693	1000000.0	2
20170127_111629	83.2	0.000175709886	1000000.0	2
20170127_111639	83.2	0.00018496162	1000000.0	2
20170127_111649	83.0	0.000162554736	1000000.0	2
20170127_111659	83.0	-0.000157897683	1000000.0	2
20170127_111709	83.3	-0.000139047537	1000000.0	2
20170127_111719	84.3	-0.000122381	1000000.0	2
20170127_111729	83.5	-0.00015102202	1000000.0	2
20170127_111739	83.5	-9.6533268e-05	1000000.0	2
20170127_111749	83.7	6.20959382e-05	1000000.0	2
20170127_111759	83.0	0.000127634964	1000000.0	2
20170127_111809	83.3	-4.72333707e-05	1000000.0	2
20170127_111819	83.2	-9.45526573e-05	1000000.0	2
20170127_111829	83.7	-3.61966203e-05	1000000.0	2
20170127_111839	83.2	-4.25070532e-05	1000000.0	2
20170127_111849	83.3	0.000110092301	1000000.0	2
20170127_111859	83.2	-5.26414684e-05	1000000.0	2
20170127_111909	83.3	-0.000134819661	1000000.0	2
20170127_111919	83.5	-7.64600812e-05	1000000.0	2
20170127_111929	83.3	0.00015572707	1000000.0	2
20170127_111939	83.7	0.00013666717	1000000.0	2
20170127_111949	83.5	-3.20798239e-05	1000000.0	2
20170127_111959	83.5	-7.5600733e-05	1000000.0	2
20170127_112009	83.7	-0.000156229846	1000000.0	2
20170127_112019	84.5	-0.000166944707	1000000.0	2
20170127_112029	85.0	-2.43978787e-05	1000000.0	2
20170127_112039	83.7	7.21431789e-06	1000000.0	2
20170127_112049	83.9	0.000132380524	1000000.0	2
20170127_112059	84.3	4.26643684e-05	1000000.0	2
20170127_112109	84.1	0.000163842027	1000000.0	2
20170127_112119	84.1	-7.34249827e-05	1000000.0	2
20170127_112129	83.9	-5.25649199e-05	1000000.0	2
20170127_112139	83.9	-8.72933912e-05	1000000.0	2
20170127_112149	83.7	-0.000100519729	1000000.0	2
20170127_112159	84.1	0.000109911106	1000000.0	2
20170127_112209	83.9	0.00012364128	1000000.0	2
20170127_112219	84.3	7.66504474e-05	1000000.0	2
20170127_112229	84.1	5.94968263e-05	1000000.0	2
20170127_112239	84.3	-0.000178304909	1000000.0	2
20170127_112249	84.7	-0.000162182476	1000000.0	2
20170127_112259	85.4	-0.000148088755	1000000.0	2
20170127_112309	85.2	-0.000166499113	1000000.0	2
20170127_112319	85.2	0.000146893782	1000000.0	2
20170127_112329	85.6	-0.00016679887	1000000.0	2
20170127_112339	85.6	6.10071704e-05	1000000.0	2
20170127_112349	85.8	0.000157831594	1000000.0	2
20170127_112359	86.0	-6.82671604e-05	1000000.0	2
20170127_112409	86.2	-0.000188299294	1000000.0	2
20170127_112419	85.4	-0.000128111814	1000000.0	2
20170127_112429	85.4	5.46021971e-07	1000000.0	2
20170127_112439	85.8	2.69306395e-05	1000000.0	2
20170127_112449	86.2	8.26545529e-05	1000000.0	2
20170127_112459	86.2	-2.29204434e-05	1000000.0	2
20170127_112509	86.2	-0.000177425387	1000000.0	2
20170127_112519	85.8	-0.000168852497	1000000.0	2
20170127_112529	85.4	2.59530656e-06	1000000.0	2
20170127_112539	84.3	0.000133619068	1000000.0	2
20170127_112549	84.9	-0.000102580623	1000000.0	2
20170127_112559	85.4	-0.00015341784	1000000.0	2
20170127_112609	85.0	-1.96122351e-07	1000000.0	2
20170127_112619	85.2	0.000136876025	1000000.0	2
20170127_112629	85.6	5.5339976e-05	1000000.0	2
20170127_112639	85.2	-1.02286584e-05	1000000.0	2
20170127_112649	85.6	-5.34283996e-05	1000000.0	2
20170127_112659	85.8	-0.000121973212	1000000.0	2
20170127_112709	85.6	0.000137241367	1000000.0	2
20170127_112719	85.8	0.000135863417	1000000.0	2
20170127_112729	86.4	-1.29207291e-05	1000000.0	2
20170127_112739	86.4	-0.000187078389	1000000.0	2
20170127_112749	86.2	-9.83050747e-05	1000000.0	2
20170127_112759	86.2	0.000121378537	1000000.0	2
20170127_112809	86.6	7.81092334e-05	1000000.0	2
20170127_112819	86.6	-2.40522638e-05	1000000.0	2
20170127_112829	86.7	-0.000174683007	1000000.0	2
20170127_112839	86.9	7.83791099e-05	1000000.0	2
20170127_112849	87.1	0.000125412753	1000000.0	2
20170127_112859	87.1	0.000181013079	1000000.0	2
20170127_112909	87.1	-2.44213204e-05	1000000.0	2
20170127_112919	87.1	-9.73184593e-05	1000000.0	2
20170127_112929	87.1	0.000177285287	1000000.0	2
20170127_112939	87.1	9.96409008e-05	1000000.0	2
20170127_112949	86.7	-0.000166258549	1000000.0	2
20170127_112959	86.6	-2.03227615e-05	1000000.0	2
20170127_113009	86.6	-9.77699251e-05	1000000.0	2
20170127_113019	86.4	4.67584054e-05	1000000.0	2
20170127_113029	86.2	-6.52107105e-05	1000000.0	2
20170127_113039	86.0	-0.000103627931	1000000.0	2
20170127_113049	86.2	0.000138882297	1000000.0	2
20170127_113059	86.0	3.52364236e-05	1000000.0	2
20170127_113109	86.0	-2.94558669e-05	1000000.0	2
20170127_113119	86.2	0.000159656775	1000000.0	2
20170127_113129	85.6	-8.51868067e-06	1000000.0	2
20170127_113139	85.6	-0.000103992134	1000000.0	2
20170127_113149	85.0	0.000175749731	1000000.0	2
20170127_113159	85.0	-1.69570711e-05	1000000.0	2
20170127_113209	85.8	-0.00013697198	1000000.0	2
20170127_113219	85.8	-0.000103300686	1000000.0	2
20170127_113229	84.7	0.000157382569	1000000.0	2
20170127_113239	85.0	5.90447149e-05	1000000.0	2
20170127_113249	85.2	-6.01434376e-05	1000000.0	2
20170127_113259	85.0	-0.000182164028	1000000.0	2
20170127_113309	84.5	0.000153502528	1000000.0	2
20170127_113319	84.5	0.000143071609	1000000.0	2
20170127_113329	84.5	-0.000160206635	1000000.0	2
20170127_113339	84.3	-0.000180600337	1000000.0	2
20170127_113349	84.3	-6.47911354e-05	1000000.0	2
20170127_113359	84.5	0.00018316139	1000000.0	2
20170127_113409	84.5	6.20850624e-05	1000000.0	2
20170127_113419	84.3	2.69672996e-05	1000000.0	2
20170127_113429	84.5	-0.0001033442	1000000.0	2
20170127_113439	84.7	-6.41567977e-05	1000000.0	2
20170127_113449	84.7	0.000118419376	1000000.0	2
20170127_113459	84.9	0.000102341618	1000000.0	2
20170127_113509	84.9	-0.000175130638	1000000.0	2
20170127_113519	84.9	6.91419761e-05	1000000.0	2
20170127_113529	84.9	6.76018313e-06	1000000.0	2
20170127_113539	85.2	5.87606677e-05	1000000.0	2
20170127_113549	85.0	-0.000170205061	1000000.0	2
20170127_113559	84.1	0.000127911417	1000000.0	2
20170127_113609	84.3	-5.96345388e-05	1000000.0	2
20170127_113619	84.5	-2.64480141e-05	1000000.0	2
20170127_113629	84.5	0.000153572737	1000000.0	2
20170127_113639	84.7	0.000159921348	1000000.0	2
20170127_113649	84.1	9.39031405e-05	1000000.0	2
20170127_113659	84.9	-0.000159961512	1000000.0	2
20170127_113709	84.7	-7.60553993e-05	1000000.0	2
20170127_113719	85.6	0.000184920611	1000000.0	2
20170127_113729	85.6	0.00016364319	1000000.0	2
20170127_113739	85.2	-0.000104304207	1000000.0	2
20170127_113749	85.2	-0.000123035817	1000000.0	2
20170127_113759	85.2	3.82996802e-05	1000000.0	2
20170127_113809	85.2	5.99568606e-05	1000000.0	2
20170127_113819	84.5	0.000142685821	1000000.0	2
20170127_113829	84.5	0.000161090869	1000000.0	2
20170127_113839	85.0	2.6476593e-05	1000000.0	2
20170127_113849	85.4	-7.37811087e-05	1000000.0	2
20170127_113859	85.6	0.000192137956	1000000.0	2
20170127_113909	85.4	-2.85686292e-05	1000000.0	2
20170127_113919	85.6	0.000125611929	1000000.0	2
20170127_113929	85.4	-0.000143335119	1000000.0	2
20170127_113939	85.6	0.00019127567	1000000.0	2
20170127_113949	85.6	0.000191266892	1000000.0	2
20170127_113959	85.6	-0.000179209797	1000000.0	2
20170127_114009	85.6	-9.56061618e-05	1000000.0	2
20170127_114019	85.6	5.07842317e-05	1000000.0	2
20170127_114029	85.8	0.000174292583	1000000.0	2
20170127_114039	85.8	9.98931783e-05	1000000.0	2
20170127_114049	85.8	0.000104894782	1000000.0	2
20170127_114059	86.4	-0.000130224679	1000000.0	2
20170127_114109	85.8	-0.000126097576	1000000.0	2
20170127_114119	85.8	0.000138290752	1000000.0	2
20170127_114129	86.2	1.27669451e-05	1000000.0	2
20170127_114139	85.0	-0.00016452898	1000000.0	2
20170127_114149	85.4	3.72913336e-05	1000000.0	2
20170127_114159	85.0	0.000146305147	1000000.0	2
20170127_114209	85.4	-0.000174956668	1000000.0	2
20170127_114219	85.0	5.74344811e-05	1000000.0	2
20170127_114229	85.2	0.000122375544	1000000.0	2
20170127_114239	84.9	-0.000103766101	1000000.0	2
20170127_114249	85.0	9.75644146e-05	1000000.0	2
20170127_114259	85.8	-0.000167753736	1000000.0	2
20170127_114309	85.0	-8.19699722e-05	1000000.0	2
20170127_114319	84.9	0.000169797581	1000000.0	2
20170127_114329	84.9	-0.000185848503	1000000.0	2
20170127_114339	84.9	-0.000101501424	1000000.0	2
20170127_114349	85.2	0.000117704254	1000000.0	2
20170127_114359	84.9	-0.000154513951	1000000.0	2
20170127_114409	85.0	0.000183653651	1000000.0	2
20170127_114419	85.0	4.76389104e-06	1000000.0	2
20170127_114429	84.9	0.000158410205	1000000.0	2
20170127_114439	85.2	-0.000141947517	1000000.0	2
20170127_114449	84.9	-4.61611233e-06	1000000.0	2
20170127_114459	85.2	0.000186154129	1000000.0	2
20170127_114509	85.2	7.0209339e-05	1000000.0	2
20170127_114519	86.7	-0.000153183147	1000000.0	2
20170127_114529	86.4	3.31946161e-05	1000000.0	2
20170127_114539	86.4	0.000115612699	1000000.0	2
20170127_114549	86.4	-0.000103647181	1000000.0	2
20170127_114559	87.5	0.00011669449	1000000.0	2
20170127_114609	86.4	-1.16971299e-05	1000000.0	2
20170127_114619	86.6	-0.000136498461	1000000.0	2
20170127_114629	87.1	-7.69847633e-05	1000000.0	2
20170127_114639	86.6	-1.70330744e-05	1000000.0	2
20170127_114649	86.0	-0.00015304037	1000000.0	2
20170127_114659	85.8	-8.98391647e-05	1000000.0	2
20170127_114709	86.7	-0.00012555955	1000000.0	2
20170127_114719	85.8	-0.000101879665	1000000.0	2
20170127_114729	86.2	3.30277986e-05	1000000.0	2
20170127_114739	86.0	-5.62012963e-05	1000000.0	2
20170127_114749	86.9	-9.12855782e-05	1000000.0	2
20170127_114759	86.2	-6.49674084e-06	1000000.0	2
20170127_114809	87.1	7.91751029e-05	1000000.0	2
20170127_114819	86.4	2.35305686e-05	1000000.0	2
20170127_114829	86.6	6.58957467e-05	1000000.0	2
20170127_114839	87.3	-0.000119064001	1000000.0	2
20170127_114849	86.6	-0.000158340527	1000000.0	2
20170127_114859	86.4	-0.000165951676	1000000.0	2
20170127_114909	85.6	-0.000167273952	1000000.0	2
20170127_114919	85.6	-0.000120920501	1000000.0	2
20170127_114929	85.8	-0.000134563706	1000000.0	2
20170127_114939	85.4	-7.72152538e-05	1000000.0	2
20170127_114949	84.9	-0.000122304323	1000000.0	2
20170127_114959	85.0	-4.90475115e-05	1000000.0	2
20170127_115009	84.9	-9.609492e-05	1000000.0	2
20170127_115019	85.4	2.18759219e-05	1000000.0	2
20170127_115029	85.0	0.000108911459	1000000.0	2
20170127_115039	85.0	0.000183213223	1000000.0	2
20170127_115049	85.0	0.000153542629	1000000.0	2
20170127_115059	85.2	0.000179992635	1000000.0	2
20170127_115109	86.7	0.000123045086	1000000.0	2
20170127_115119	86.9	0.000161541109	1000000.0	2
20170127_115129	86.6	2.69147546e-05	1000000.0	2
20170127_115139	86.6	0.000152499931	1000000.0	2
20170127_115149	87.5	-3.77643165e-05	1000000.0	2
20170127_115159	87.1	-4.92054867e-06	1000000.0	2
20170127_115209	86.9	-0.000106767955	1000000.0	2
20170127_115219	87.5	-2.73934388e-05	1000000.0	2
20170127_115229	86.7	5.74383361e-05	1000000.0	2
20170127_115239	87.1	0.000100214478	1000000.0	2
20170127_115249	87.5	0.000167638443	1000000.0	2
20170127_115259	86.9	0.00011789074	1000000.0	2
20170127_115309	86.9	7.01659539e-06	1000000.0	2
20170127_115319	86.9	-0.000129743442	1000000.0	2
20170127_115329	86.6	-9.0933351e-05	1000000.0	2
20170127_115339	86.4	-4.21507933e-05	1000000.0	2
20170127_115349	86.6	9.6410261e-05	1000000.0	2
20170127_115359	86.9	-0.000131260468	1000000.0	2
20170127_115409	86.9	0.000144970078	1000000.0	2
20170127_115419	86.6	3.93068651e-05	1000000.0	2
20170127_115429	86.7	-9.26310331e-05	1000000.0	2
20170127_115439	85.6	-2.76089747e-05	1000000.0	2
20170127_115449	85.8	-0.000135916087	1000000.0	2
20170127_115459	85.2	-0.000185431832	1000000.0	2
20170127_115509	85.0	-0.00012757346	1000000.0	2
20170127_115519	84.9	-0.000129074874	1000000.0	2
20170127_115529	85.2	-2.86903946e-05	1000000.0	2
20170127_115539	85.4	-0.000164081589	1000000.0	2
20170127_115549	85.4	2.13168049e-05	1000000.0	2
20170127_115559	85.6	1.34752797e-05	1000000.0	2
20170127_115609	85.4	-9.95746219e-06	1000000.0	2
20170127_115619	85.2	-9.68359825e-05	1000000.0	2
20170127_115629	85.4	-0.000180312161	1000000.0	2
20170127_115639	85.6	-0.000168766912	1000000.0	2
20170127_115649	86.0	-0.000155655969	1000000.0	2
20170127_115659	85.8	-0.000164370636	1000000.0	2
20170127_115709	85.4	-0.000164221829	1000000.0	2
20170127_115719	85.8	-0.000148074008	1000000.0	2
20170127_115729	85.8	-0.000188445878	1000000.0	2
20170127_115739	85.8	-1.86815137e-05	1000000.0	2
20170127_115749	85.8	3.64981025e-05	1000000.0	2
20170127_115759	85.6	-4.32839695e-06	1000000.0	2
20170127_115809	86.0	-2.57955028e-05	1000000.0	2
20170127_115819	85.8	1.27718138e-05	1000000.0	2
20170127_115829	85.8	-8.51853601e-05	1000000.0	2
20170127_115839	85.8	9.56283235e-05	1000000.0	2
20170127_115849	85.2	-8.81660553e-05	1000000.0	2
20170127_115859	85.4	-8.16313148e-05	1000000.0	2
20170127_115909	85.4	0.000176935928	1000000.0	2
20170127_115919	85.2	-4.25824176e-06	1000000.0	2
20170127_115929	85.4	3.68290079e-05	1000000.0	2
20170127_115939	85.4	-2.70225297e-05	1000000.0	2
20170127_115949	85.4	-2.32137079e-05	1000000.0	2
20170127_115959	85.2	-2.21042101e-05	1000000.0	2
20170127_120009	85.2	5.32445462e-05	1000000.0	2
20170127_120019	85.2	-2.96505228e-05	1000000.0	2
20170127_120029	85.2	-0.000101514939	1000000.0	2
20170127_120039	85.2	8.14108168e-05	1000000.0	2
20170127_120049	85.4	0.000100307448	1000000.0	2
20170127_120059	85.4	9.0265469e-05	1000000.0	2
20170127_120109	85.2	-0.000133234515	1000000.0	2
20170127_120119	85.4	-1.53941894e-05	1000000.0	2
20170127_120129	85.4	2.81473668e-05	1000000.0	2
20170127_120139	85.4	-3.393843e-05	1000000.0	2
20170127_120149	85.4	9.56522474e-05	1000000.0	2
20170127_120159	85.4	8.0651931e-05	1000000.0	2
20170127_120209	85.6	-3.0989468e-05	1000000.0	2
20170127_120219	85.4	-0.000136737811	1000000.0	2
20170127_120229	85.4	3.28655248e-05	1000000.0	2
20170127_120239	85.6	1.48836657e-05	1000000.0	2
20170127_120249	85.4	0.000182688406	1000000.0	2
20170127_120259	85.8	6.50258266e-05	1000000.0	2
20170127_120309	85.4	-0.000167026906	1000000.0	2
20170127_120319	85.6	-0.000134133006	1000000.0	2
20170127_120329	85.6	-6.29897509e-05	1000000.0	2
20170127_120339	85.6	0.000182735499	1000000.0	2
20170127_120349	85.4	4.44477537e-05	1000000.0	2
20170127_120359	85.8	-0.000133727627	1000000.0	2
20170127_120409	86.2	-0.00017441804	1000000.0	2
20170127_120419	85.6	-0.000147734093	1000000.0	2
20170127_120429	85.2	-0.000145725371	1000000.0	2
20170127_120439	85.4	-1.20066506e-06	1000000.0	2
20170127_120449	85.8	6.64360923e-05	1000000.0	2
20170127_120459	85.4	7.51423111e-05	1000000.0	2
20170127_120509	85.6	3.44027696e-05	1000000.0	2
20170127_120519	86.4	-4.43215802e-05	1000000.0	2
20170127_120529	86.2	-0.000130658707	1000000.0	2
20170127_120539	86.0	0.000185643655	1000000.0	2
20170127_120549	86.0	-2.95286687e-05	1000000.0	2
20170127_120559	86.4	-0.00016591084	1000000.0	2
20170127_120609	86.4	2.62821326e-05	1000000.0	2
20170127_120619	86.0	0.000168329685	1000000.0	2
20170127_120629	86.2	-0.000156497928	1000000.0	2
20170127_120639	85.8	-0.000156551224	1000000.0	2
20170127_120649	86.2	-1.48556801e-05	1000000.0	2
20170127_120659	86.2	8.53116827e-05	1000000.0	2
20170127_120709	86.6	0.000103743302	1000000.0	2
20170127_120719	86.0	7.17224708e-05	1000000.0	2
20170127_120729	85.8	-0.000154612946	1000000.0	2
20170127_120739	86.0	-0.000177014264	1000000.0	2
20170127_120749	86.4	-0.0001812367	1000000.0	2
20170127_120759	86.0	0.000160510723	1000000.0	2
20170127_120809	86.0	0.000174933439	1000000.0	2
20170127_120819	86.0	5.78453032e-05	1000000.0	2
20170127_120829	86.2	0.000148840278	1000000.0	2
20170127_120839	85.4	2.99506188e-05	1000000.0	2
20170127_120849	85.2	-0.000178857452	1000000.0	2
20170127_120859	85.2	-7.73489684e-05	1000000.0	2
20170127_120909	85.0	1.73889419e-05	1000000.0	2
20170127_120919	85.2	0.000101266407	1000000.0	2
20170127_120929	85.0	-2.58186263e-05	1000000.0	2
20170127_120939	85.8	-6.85161793e-05	1000000.0	2
20170127_120949	86.0	-0.000104034143	1000000.0	2
20170127_120959	86.2	0.000169899514	1000000.0	2
20170127_121009	86.2	2.62898075e-08	1000000.0	2
20170127_121019	86.2	-0.000152079252	1000000.0	2
20170127_121029	86.4	0.000151682419	1000000.0	2
20170127_121039	86.2	-0.000139550806	1000000.0	2
20170127_121049	86.2	-0.000168483523	1000000.0	2
20170127_121059	86.2	0.000122887564	1000000.0	2
20170127_121109	86.4	6.80711917e-05	1000000.0	2
20170127_121119	86.2	0.000174238861	1000000.0	2
20170127_121129	86.2	0.000186234609	1000000.0	2
20170127_121139	86.2	0.00010137061	1000000.0	2
20170127_121149	86.2	-0.000171182284	1000000.0	2
20170127_121159	86.0	4.22448577e-05	1000000.0	2
20170127_121209	86.2	0.000155795087	1000000.0	2
20170127_121219	86.0	0.000154654998	1000000.0	2
20170127_121229	86.4	-2.68987681e-05	1000000.0	2
20170127_121239	86.2	-0.000142509741	1000000.0	2
20170127_121249	86.4	-0.000101164561	1000000.0	2
20170127_121259	86.4	-0.00015794607	1000000.0	2
20170127_121309	86.4	3.58900202e-05	1000000.0	2
20170127_121319	86.2	-2.06942089e-05	1000000.0	2
20170127_121329	86.4	0.000133051367	1000000.0	2
20170127_121339	86.4	0.000150427305	1000000.0	2
20170127_121349	86.2	0.000151722038	1000000.0	2
20170127_121359	86.0	-4.71870946e-05	1000000.0	2
20170127_121409	86.2	-0.000156243759	1000000.0	2
20170127_121419	86.2	-0.000105911666	1000000.0	2
20170127_121429	86.0	-8.49906512e-05	1000000.0	2
20170127_121439	86.2	3.61474299e-05	1000000.0	2
20170127_121449	86.4	0.000168444455	1000000.0	2
20170127_121459	86.4	7.45058905e-05	1000000.0	2
20170127_121509	86.2	-5.92880696e-05	1000000.0	2
20170127_121519	86.2	-0.000129339431	1000000.0	2
20170127_121529	86.2	-2.58393847e-05	1000000.0	2
20170127_121539	86.0	-9.84276458e-05	1000000.0	2
20170127_121549	86.0	0.000179136976	1000000.0	2
20170127_121559	86.4	-9.58189955e-06	1000000.0	2
20170127_121609	86.2	2.63244556e-05	1000000.0	2
20170127_121619	86.4	-0.000101947171	1000000.0	2
20170127_121629	86.2	-0.000101691351	1000000.0	2
20170127_121639	86.0	-5.1030086e-05	1000000.0	2
20170127_121649	86.6	5.28953045e-05	1000000.0	2
20170127_121659	86.2	-0.000103522902	1000000.0	2
20170127_121709	86.7	-2.56099683e-05	1000000.0	2
20170127_121719	86.6	-0.00012849756	1000000.0	2
20170127_121729	86.6	-5.28828077e-05	1000000.0	2
20170127_121739	86.9	-2.18049182e-05	1000000.0	2
20170127_121749	86.7	2.51800357e-05	1000000.0	2
20170127_121759	86.7	3.30044284e-05	1000000.0	2
20170127_121809	86.7	-0.00012008372	1000000.0	2
20170127_121819	86.9	-0.000160395208	1000000.0	2
20170127_121829	86.9	-9.26130865e-05	1000000.0	2
20170127_121839	86.9	-9.94965508e-05	1000000.0	2
20170127_121849	87.3	-0.000129544925	1000000.0	2
20170127_121859	86.6	-7.98344114e-05	1000000.0	2
20170127_121909	88.1	9.39811325e-05	1000000.0	2
20170127_121919	88.3	0.00017338744	1000000.0	2
