20170301_123624	27.1	-0.00110233666	1000000.0	5
20170301_123634	27.1	9.48965175e-05	1000000.0	5
20170301_123644	27.1	-0.00134455397	1000000.0	5
20170301_123654	27.1	-0.00209113514	1000000.0	5
20170301_123704	27.1	-0.00085636192	1000000.0	5
20170301_123714	27.1	-9.9e+37	1000000.0	5
20170301_123724	27.1	-0.000315480595	1000000.0	5
20170301_123734	27.1	0.000346997735	1000000.0	5
20170301_123744	27.1	-0.00152248232	1000000.0	5
20170301_123754	27.1	-2.98850748e-05	1000000.0	5
20170301_123804	27.1	8.01527614e-05	1000000.0	5
20170301_123814	26.9	8.00554363e-05	1000000.0	5
20170301_123824	26.9	-7.95469922e-05	1000000.0	5
20170301_123834	26.7	-6.02505568e-05	1000000.0	5
20170301_123844	26.9	7.1743762e-05	1000000.0	5
20170301_123854	26.7	3.9354853e-05	1000000.0	5
20170301_123904	26.9	-8.19126483e-05	1000000.0	5
20170301_123914	26.9	0.000105212655	1000000.0	5
20170301_123924	26.7	-5.52779996e-05	1000000.0	5
20170301_123934	26.7	-6.27570297e-05	1000000.0	5
20170301_123944	26.7	0.000510380087	1000000.0	5
20170301_123954	26.7	-5.46757092e-05	1000000.0	5
20170301_124004	26.7	-0.000236073283	1000000.0	5
20170301_124014	26.7	1.7122194e-05	1000000.0	5
20170301_124024	26.7	-7.24310551e-05	1000000.0	5
20170301_124034	26.5	-6.56354777e-05	1000000.0	5
20170301_124044	26.5	-7.0506771e-05	1000000.0	5
20170301_124054	26.5	-5.9310517e-05	1000000.0	5
20170301_124104	26.5	0.000607975458	1000000.0	5
20170301_124114	26.5	8.58629677e-05	1000000.0	5
20170301_124124	26.5	6.87396675e-05	1000000.0	5
20170301_124134	26.7	-0.000212511175	1000000.0	5
20170301_124144	26.5	0.000385784339	1000000.0	5
20170301_124154	26.5	-0.000427551585	1000000.0	5
20170301_124204	26.5	-0.000420251585	1000000.0	5
20170301_124214	26.5	-0.0119354882	1000000.0	5
20170301_124224	26.3	-0.00572663223	1000000.0	5
20170301_124234	26.5	-0.00179393946	1000000.0	5
20170301_124244	26.5	-0.00206843683	1000000.0	5
20170301_124254	26.3	-0.000658562709	1000000.0	5
20170301_124304	26.3	0.000845761572	1000000.0	5
20170301_124314	26.3	2.19040857e-05	1000000.0	5
20170301_124324	26.3	3.01992266e-06	1000000.0	5
20170301_124334	26.3	-4.06168529e-05	1000000.0	5
20170301_124344	26.3	-0.0021353294	1000000.0	5
20170301_124354	26.3	-0.0012159224	1000000.0	5
20170301_124404	26.1	-0.000530793088	1000000.0	5
20170301_124414	26.1	-0.000327281519	1000000.0	5
20170301_124424	26.3	-0.000295383319	1000000.0	5
20170301_124434	26.1	-0.000467566244	1000000.0	5
20170301_124444	26.1	-0.00100069735	1000000.0	5
20170301_124454	26.1	-0.000282250711	1000000.0	5
20170301_124504	26.1	-0.000105719548	1000000.0	5
20170301_124514	26.1	2.22638461e-05	1000000.0	5
20170301_124524	26.1	-0.000105859584	1000000.0	5
20170301_124534	26.1	0.00017317665	1000000.0	5
20170301_124544	26.1	4.40965407e-05	1000000.0	5
20170301_124554	26.1	4.89262963e-05	1000000.0	5
20170301_124604	25.9	-2.77991748e-05	1000000.0	5
20170301_124614	25.9	-8.17665883e-06	1000000.0	5
20170301_124624	26.1	6.19974798e-05	1000000.0	5
20170301_124634	25.9	7.8942626e-06	1000000.0	5
20170301_124644	25.9	5.03719852e-05	1000000.0	5
20170301_124654	25.9	7.43555209e-05	1000000.0	5
20170301_124704	25.9	-0.00112929195	1000000.0	5
20170301_124714	25.7	0.000218797247	1000000.0	5
20170301_124724	25.7	-3.90687018e-05	1000000.0	5
20170301_124734	25.9	4.69944732e-05	1000000.0	5
20170301_124744	25.9	-6.17671107e-05	1000000.0	5
20170301_124754	25.7	-3.43580372e-05	1000000.0	5
20170301_124804	25.9	4.26002277e-05	1000000.0	5
20170301_124814	25.7	7.71882031e-05	1000000.0	5
20170301_124824	25.9	1.52952153e-07	1000000.0	5
20170301_124834	25.7	-4.39933849e-05	1000000.0	5
20170301_124844	25.7	2.66129472e-05	1000000.0	5
20170301_124854	25.7	-2.53857756e-05	1000000.0	5
20170301_124904	25.7	-6.7633066e-05	1000000.0	5
20170301_124914	25.7	5.78101067e-05	1000000.0	5
20170301_124924	25.7	-0.000658099637	1000000.0	5
20170301_124934	25.7	7.57558648e-05	1000000.0	5
20170301_124944	25.5	-2.93699255e-05	1000000.0	5
20170301_124954	25.7	6.97748823e-05	1000000.0	5
20170301_125004	25.5	-1.18194932e-05	1000000.0	5
20170301_125014	25.5	1.17511482e-05	1000000.0	5
20170301_125024	25.5	0.000607795074	1000000.0	5
20170301_125034	25.5	-2.5810377e-05	1000000.0	5
20170301_125044	25.5	6.53830471e-05	1000000.0	5
20170301_125054	25.5	0.000155341532	1000000.0	5
20170301_125104	25.5	9.76191177e-05	1000000.0	5
20170301_125114	25.5	7.75668969e-05	1000000.0	5
20170301_125124	25.5	5.63776891e-05	1000000.0	5
20170301_125134	25.5	0.000378561956	1000000.0	5
20170301_125144	25.5	-0.000328139369	1000000.0	5
20170301_125154	25.3	-0.000969925711	1000000.0	5
20170301_125204	25.5	-0.000431358243	1000000.0	5
20170301_125214	25.3	3.45717032e-05	1000000.0	5
20170301_125224	25.3	-0.000168664219	1000000.0	5
20170301_125234	25.3	6.31324664e-05	1000000.0	5
20170301_125244	25.5	9.12006133e-05	1000000.0	5
20170301_125254	25.3	7.88560741e-05	1000000.0	5
20170301_125305	25.3	0.000168729742	1000000.0	5
20170301_125315	25.3	-2.56642443e-05	1000000.0	5
20170301_125325	25.3	-0.000682968147	1000000.0	5
20170301_125335	25.3	-5.22985669e-05	1000000.0	5
20170301_125345	25.3	5.70799744e-05	1000000.0	5
20170301_125355	25.3	-9.2439083e-05	1000000.0	5
20170301_125405	25.1	-2.66755889e-06	1000000.0	5
20170301_125415	25.1	-4.58355639e-05	1000000.0	5
20170301_125425	25.1	3.79711926e-05	1000000.0	5
20170301_125435	25.3	7.54737784e-05	1000000.0	5
20170301_125445	25.3	1.38565763e-05	1000000.0	5
20170301_125455	25.1	-0.000110838487	1000000.0	5
20170301_125505	25.3	0.000139963124	1000000.0	5
20170301_125515	25.1	-7.15773887e-05	1000000.0	5
20170301_125525	25.1	-7.41848037e-05	1000000.0	5
20170301_125535	25.1	4.47417339e-05	1000000.0	5
20170301_125545	25.1	0.0012185917	1000000.0	5
20170301_125555	25.1	-0.000217412511	1000000.0	5
20170301_125605	25.1	-0.000146336068	1000000.0	5
20170301_125615	25.1	-0.000147585394	1000000.0	5
20170301_125625	25.1	0.000100421857	1000000.0	5
20170301_125635	25.1	0.000791816571	1000000.0	5
20170301_125645	25.1	5.96446608e-05	1000000.0	5
20170301_125655	25.0	-0.00570888073	1000000.0	5
20170301_125705	25.1	-0.000172143305	1000000.0	5
20170301_125715	25.0	5.01566396e-06	1000000.0	5
20170301_125725	25.1	-8.00746771e-05	1000000.0	5
20170301_125735	25.0	-0.00011580748	1000000.0	5
20170301_125745	25.1	-0.000123100651	1000000.0	5
20170301_125755	25.0	-1.65931778e-05	1000000.0	5
20170301_125805	25.0	-9.94798078e-05	1000000.0	5
20170301_125815	25.0	-3.25727531e-06	1000000.0	5
20170301_125825	25.0	6.90781242e-05	1000000.0	5
20170301_125835	25.0	-1.5398738e-05	1000000.0	5
20170301_125845	25.0	6.64221715e-05	1000000.0	5
20170301_125855	25.0	4.05685447e-05	1000000.0	5
20170301_125905	25.0	-4.8425258e-05	1000000.0	5
20170301_125914	25.0	-4.41631893e-05	1000000.0	5
20170301_125925	25.0	7.99996178e-05	1000000.0	5
20170301_125935	24.8	0.000291191287	1000000.0	5
20170301_125945	25.0	-3.73957135e-05	1000000.0	5
20170301_125955	25.0	-2.46024066e-05	1000000.0	5
20170301_130005	25.0	-1.01741773e-05	1000000.0	5
20170301_130015	24.8	-1.17156326e-05	1000000.0	5
20170301_130025	25.0	-0.0002806439	1000000.0	5
20170301_130035	24.8	-6.33076029e-05	1000000.0	5
20170301_130045	25.0	-0.000168053072	1000000.0	5
20170301_130055	24.8	-0.000109580111	1000000.0	5
20170301_130104	24.8	3.22645474e-05	1000000.0	5
20170301_130115	24.8	9.83906117e-05	1000000.0	5
20170301_130125	25.0	5.31652929e-05	1000000.0	5
20170301_130135	24.8	-5.74109867e-05	1000000.0	5
20170301_130145	24.8	-3.26792701e-05	1000000.0	5
20170301_130155	24.8	-0.000729584311	1000000.0	5
20170301_130205	24.8	5.48744392e-05	1000000.0	5
20170301_130215	24.8	6.02229093e-05	1000000.0	5
20170301_130225	24.8	-6.12859636e-05	1000000.0	5
20170301_130235	24.8	8.0818289e-05	1000000.0	5
20170301_130245	24.6	2.97207928e-05	1000000.0	5
20170301_130255	24.6	-5.54860799e-05	1000000.0	5
20170301_130305	24.6	1.37495781e-05	1000000.0	5
20170301_130315	24.8	8.81573488e-05	1000000.0	5
20170301_130325	24.8	-0.000135673871	1000000.0	5
20170301_130335	24.6	8.62758502e-05	1000000.0	5
20170301_130345	24.8	-2.42291123e-06	1000000.0	5
20170301_130355	24.6	-4.01189812e-05	1000000.0	5
20170301_130405	24.6	-9.37348856e-05	1000000.0	5
20170301_130415	24.6	-5.04974039e-06	1000000.0	5
20170301_130425	24.6	-8.5154302e-05	1000000.0	5
20170301_130435	24.6	6.77465762e-05	1000000.0	5
20170301_130445	24.6	3.02821658e-05	1000000.0	5
20170301_130455	24.6	-8.61332986e-05	1000000.0	5
20170301_130505	24.6	6.96754933e-05	1000000.0	5
20170301_130515	24.6	-7.94373038e-05	1000000.0	5
20170301_130525	24.6	7.30236309e-05	1000000.0	5
20170301_130535	24.6	-7.88290517e-05	1000000.0	5
20170301_130545	24.4	7.76538441e-05	1000000.0	5
20170301_130555	24.6	0.000649496042	1000000.0	5
20170301_130605	24.4	-5.65105318e-05	1000000.0	5
20170301_130615	24.4	1.5035893e-05	1000000.0	5
20170301_130625	24.4	9.99864522e-05	1000000.0	5
20170301_130635	24.6	3.17229442e-06	1000000.0	5
20170301_130645	24.6	-1.98134228e-05	1000000.0	5
20170301_130655	24.4	6.09249428e-05	1000000.0	5
20170301_130705	24.4	-3.14375361e-05	1000000.0	5
20170301_130715	24.6	-6.51013109e-05	1000000.0	5
20170301_130725	24.4	-0.000118294803	1000000.0	5
20170301_130735	24.4	3.19682865e-05	1000000.0	5
20170301_130745	24.4	5.63941525e-05	1000000.0	5
20170301_130755	24.4	6.70349628e-05	1000000.0	5
20170301_130805	24.4	-7.19756575e-05	1000000.0	5
20170301_130815	24.4	-5.37929937e-06	1000000.0	5
20170301_130825	24.2	-4.06850526e-05	1000000.0	5
20170301_130835	24.4	1.13124559e-05	1000000.0	5
20170301_130845	24.4	-1.62530619e-05	1000000.0	5
20170301_130856	24.4	4.66735365e-05	1000000.0	5
20170301_130906	24.4	-0.000140548644	1000000.0	5
20170301_130916	24.4	1.10304571e-05	1000000.0	5
20170301_130926	24.4	8.60440126e-05	1000000.0	5
20170301_130936	24.4	0.000222120812	1000000.0	5
20170301_130946	24.4	8.90989349e-06	1000000.0	5
20170301_130956	24.4	0.000532137361	1000000.0	5
20170301_131006	24.2	0.000141658088	1000000.0	5
20170301_131016	24.4	0.000138074036	1000000.0	5
20170301_131026	24.4	-2.94698552e-05	1000000.0	5
20170301_131036	24.2	0.000110608008	1000000.0	5
20170301_131046	24.2	7.72624197e-05	1000000.0	5
20170301_131056	24.2	-2.63843841e-06	1000000.0	5
20170301_131106	24.2	0.00019853516	1000000.0	5
20170301_131116	24.2	-1.79360929e-05	1000000.0	5
20170301_131126	24.4	0.000110209935	1000000.0	5
20170301_131136	24.2	9.93548346e-05	1000000.0	5
20170301_131146	24.4	2.18851516e-05	1000000.0	5
20170301_131156	24.2	-7.52878435e-05	1000000.0	5
20170301_131206	24.2	7.08508699e-05	1000000.0	5
20170301_131216	24.2	5.52501247e-05	1000000.0	5
20170301_131226	24.2	-7.02662302e-05	1000000.0	5
20170301_131236	24.0	-6.17014708e-05	1000000.0	5
20170301_131246	24.2	-8.65541736e-05	1000000.0	5
20170301_131256	24.2	8.26801212e-05	1000000.0	5
20170301_131306	24.2	-4.04336908e-05	1000000.0	5
20170301_131316	24.2	5.93668835e-05	1000000.0	5
20170301_131326	24.2	-0.000559972029	1000000.0	5
20170301_131336	24.4	-6.48741827e-05	1000000.0	5
20170301_131346	24.8	9.40857834e-05	1000000.0	5
20170301_131356	25.3	-1.11572818e-05	1000000.0	5
20170301_131406	26.1	-8.43886779e-05	1000000.0	5
20170301_131416	26.7	-2.0588133e-05	1000000.0	5
20170301_131426	27.5	8.19306262e-05	1000000.0	5
20170301_131436	28.2	-5.22166649e-05	1000000.0	5
20170301_131446	28.8	-1.04538735e-05	1000000.0	5
20170301_131456	29.4	-6.14432456e-05	1000000.0	5
20170301_131506	30.0	-3.27246028e-05	1000000.0	5
20170301_131516	30.5	7.37447327e-05	1000000.0	5
20170301_131526	31.1	0.00013879963	1000000.0	5
20170301_131536	31.7	-6.00543249e-05	1000000.0	5
20170301_131546	32.3	-6.12596914e-05	1000000.0	5
20170301_131556	32.8	-2.67604803e-05	1000000.0	5
20170301_131606	33.4	-9.72337637e-05	1000000.0	5
20170301_131616	34.0	-0.000110303492	1000000.0	5
20170301_131626	34.8	8.06063717e-05	1000000.0	5
20170301_131636	35.3	-7.67008993e-05	1000000.0	5
20170301_131646	36.1	0.000118575686	1000000.0	5
20170301_131656	36.7	-6.59416044e-05	1000000.0	5
20170301_131706	37.3	-9.90631296e-05	1000000.0	5
20170301_131716	37.8	6.72281779e-05	1000000.0	5
20170301_131726	38.6	-6.77953811e-05	1000000.0	5
20170301_131736	39.2	-4.02940344e-06	1000000.0	5
20170301_131746	39.8	-7.93875065e-05	1000000.0	5
20170301_131756	40.3	7.45928887e-05	1000000.0	5
20170301_131806	40.9	-9.90338903e-06	1000000.0	5
20170301_131816	41.5	-7.5414604e-05	1000000.0	5
20170301_131826	42.2	2.1657326e-05	1000000.0	5
20170301_131836	42.6	9.83094004e-05	1000000.0	5
20170301_131846	43.0	-4.65517483e-05	1000000.0	5
20170301_131856	43.5	-4.15252696e-05	1000000.0	5
20170301_131906	44.3	7.09434067e-05	1000000.0	5
20170301_131916	44.7	3.12283303e-05	1000000.0	5
20170301_131926	45.2	-2.61291407e-05	1000000.0	5
20170301_131936	45.6	-7.46193921e-05	1000000.0	5
20170301_131946	46.2	1.57490156e-05	1000000.0	5
20170301_131956	46.6	1.95591208e-05	1000000.0	5
20170301_132006	47.1	1.15442498e-05	1000000.0	5
20170301_132016	47.7	-3.13138287e-05	1000000.0	5
20170301_132026	48.3	-4.50783401e-05	1000000.0	5
20170301_132036	48.6	4.51539365e-05	1000000.0	5
20170301_132046	49.2	4.64536941e-05	1000000.0	5
20170301_132056	49.8	3.19170285e-05	1000000.0	5
20170301_132106	50.3	6.94228683e-05	1000000.0	5
20170301_132116	50.7	4.54807241e-05	1000000.0	5
20170301_132126	51.3	9.9e+37	1000000.0	5
20170301_132136	51.1	-3.73200451e-05	1000000.0	5
20170301_132146	51.8	-1.76359094e-05	1000000.0	5
20170301_132156	52.4	-8.06246335e-06	1000000.0	5
20170301_132206	52.8	5.55475354e-05	1000000.0	5
20170301_132216	53.2	-6.57097402e-05	1000000.0	5
20170301_132226	53.7	3.39409103e-05	1000000.0	5
20170301_132236	54.3	-6.63631002e-05	1000000.0	5
20170301_132246	54.7	1.4196985e-05	1000000.0	5
20170301_132256	54.9	-1.4687634e-05	1000000.0	5
20170301_132306	55.4	6.38681779e-05	1000000.0	5
20170301_132316	56.0	3.90001283e-05	1000000.0	5
20170301_132326	56.4	9.11344076e-05	1000000.0	5
20170301_132336	56.9	-7.52776425e-05	1000000.0	5
20170301_132346	57.3	1.45251173e-05	1000000.0	5
20170301_132356	57.7	-3.68251308e-05	1000000.0	5
20170301_132406	58.1	5.45511612e-05	1000000.0	5
20170301_132416	58.4	6.31372732e-06	1000000.0	5
20170301_132426	58.8	-6.99486614e-05	1000000.0	5
20170301_132436	59.0	9.75795295e-06	1000000.0	5
20170301_132446	59.2	-1.48914708e-05	1000000.0	5
20170301_132456	59.6	-7.69633191e-05	1000000.0	5
20170301_132506	60.1	0.00106258337	1000000.0	5
20170301_132516	60.3	-6.63354371e-05	1000000.0	5
20170301_132526	60.7	-1.34211717e-05	1000000.0	5
20170301_132536	61.3	-7.7645515e-05	1000000.0	5
20170301_132546	61.6	3.35987708e-05	1000000.0	5
20170301_132556	61.8	2.83409778e-05	1000000.0	5
20170301_132606	62.4	2.79882093e-05	1000000.0	5
20170301_132616	62.6	-4.25745307e-05	1000000.0	5
20170301_132626	63.0	-6.60260455e-05	1000000.0	5
20170301_132636	63.3	8.84943938e-05	1000000.0	5
20170301_132646	63.5	3.52674777e-05	1000000.0	5
20170301_132656	63.9	-6.85632331e-05	1000000.0	5
20170301_132706	64.3	8.96793202e-05	1000000.0	5
20170301_132716	64.5	7.62839763e-05	1000000.0	5
20170301_132726	64.9	-6.98393308e-05	1000000.0	5
20170301_132736	65.2	-4.39159567e-05	1000000.0	5
20170301_132746	65.2	-3.07427917e-05	1000000.0	5
20170301_132756	65.8	-8.25951237e-05	1000000.0	5
20170301_132806	66.2	5.00755008e-05	1000000.0	5
20170301_132816	66.2	4.23077754e-05	1000000.0	5
20170301_132826	66.7	6.42382291e-05	1000000.0	5
20170301_132836	67.1	6.39363814e-05	1000000.0	5
20170301_132846	67.3	5.61678968e-06	1000000.0	5
20170301_132856	67.7	2.59801611e-05	1000000.0	5
20170301_132906	67.7	4.20449297e-05	1000000.0	5
20170301_132916	68.1	8.19390899e-05	1000000.0	5
20170301_132926	68.3	-4.53245969e-05	1000000.0	5
20170301_132936	68.8	-8.79014186e-05	1000000.0	5
20170301_132946	69.0	3.41361755e-05	1000000.0	5
20170301_132956	69.2	2.20422342e-05	1000000.0	5
20170301_133006	69.4	-4.91741649e-05	1000000.0	5
20170301_133016	69.8	-1.64075301e-05	1000000.0	5
20170301_133026	70.0	4.68467825e-05	1000000.0	5
20170301_133036	70.1	-7.71580118e-05	1000000.0	5
20170301_133046	70.5	-3.48052465e-05	1000000.0	5
20170301_133056	70.7	-3.85927618e-05	1000000.0	5
20170301_133106	70.7	-8.09551229e-05	1000000.0	5
20170301_133116	71.1	-4.26725646e-05	1000000.0	5
20170301_133126	71.3	-5.80330817e-05	1000000.0	5
20170301_133136	71.5	2.2218234e-05	1000000.0	5
20170301_133146	71.8	-7.7453409e-06	1000000.0	5
20170301_133156	72.2	1.65194426e-05	1000000.0	5
20170301_133206	72.2	-7.02966492e-05	1000000.0	5
20170301_133216	72.4	1.85961783e-05	1000000.0	5
20170301_133226	72.6	-2.53155156e-05	1000000.0	5
20170301_133236	72.8	-7.51712194e-05	1000000.0	5
20170301_133246	73.2	-8.89358912e-05	1000000.0	5
20170301_133256	73.3	6.61027112e-05	1000000.0	5
20170301_133306	73.2	-7.47430195e-05	1000000.0	5
20170301_133316	73.3	-5.15945012e-06	1000000.0	5
20170301_133326	73.7	8.78247125e-05	1000000.0	5
20170301_133336	73.9	-3.75026977e-05	1000000.0	5
20170301_133346	74.5	-8.33037541e-05	1000000.0	5
20170301_133356	74.3	-6.88458639e-05	1000000.0	5
20170301_133406	74.1	-7.41082684e-05	1000000.0	5
20170301_133416	74.5	-6.94253745e-05	1000000.0	5
20170301_133426	74.7	-1.12645482e-05	1000000.0	5
20170301_133436	75.0	-7.2296473e-05	1000000.0	5
20170301_133446	75.2	-9.81403631e-05	1000000.0	5
20170301_133456	75.2	-6.65169171e-05	1000000.0	5
20170301_133506	75.4	-5.82142756e-05	1000000.0	5
20170301_133516	75.6	9.34414172e-05	1000000.0	5
20170301_133526	75.8	-9.55174914e-05	1000000.0	5
20170301_133536	76.0	-5.90410037e-05	1000000.0	5
20170301_133546	75.8	-8.88700893e-05	1000000.0	5
20170301_133556	76.0	8.81617359e-05	1000000.0	5
20170301_133606	76.4	-7.27615436e-05	1000000.0	5
20170301_133616	76.2	3.02289053e-06	1000000.0	5
20170301_133626	76.9	8.59006846e-05	1000000.0	5
20170301_133636	76.7	-2.75304549e-05	1000000.0	5
20170301_133646	76.7	-4.41442639e-05	1000000.0	5
20170301_133656	76.7	8.44080095e-06	1000000.0	5
20170301_133706	76.9	2.12038772e-05	1000000.0	5
20170301_133716	77.3	9.61644473e-05	1000000.0	5
20170301_133726	77.3	-5.65081823e-05	1000000.0	5
20170301_133736	77.5	-5.96072946e-05	1000000.0	5
20170301_133746	77.5	-9.73314849e-06	1000000.0	5
20170301_133756	77.7	7.83426881e-05	1000000.0	5
20170301_133806	77.7	5.95752067e-05	1000000.0	5
20170301_133816	78.1	0.000112787381	1000000.0	5
20170301_133826	78.1	7.85548652e-05	1000000.0	5
20170301_133836	78.3	2.01920926e-05	1000000.0	5
20170301_133846	78.4	4.5913454e-05	1000000.0	5
20170301_133856	78.4	-4.41768253e-05	1000000.0	5
20170301_133906	78.4	-5.14090992e-07	1000000.0	5
20170301_133916	78.8	-7.07056755e-05	1000000.0	5
20170301_133926	78.8	-1.75965154e-05	1000000.0	5
20170301_133936	79.2	9.14700698e-05	1000000.0	5
20170301_133946	79.4	8.53970665e-05	1000000.0	5
20170301_133956	79.4	8.59176449e-05	1000000.0	5
20170301_134006	79.4	1.18923599e-05	1000000.0	5
20170301_134016	79.6	9.46132663e-05	1000000.0	5
20170301_134026	79.8	6.85218395e-05	1000000.0	5
20170301_134036	80.0	7.61066264e-05	1000000.0	5
20170301_134046	80.1	-8.50020848e-05	1000000.0	5
20170301_134056	80.3	4.37408695e-06	1000000.0	5
20170301_134106	80.3	7.96653355e-05	1000000.0	5
20170301_134116	80.5	7.93573703e-05	1000000.0	5
20170301_134126	80.5	9.37723027e-05	1000000.0	5
20170301_134136	80.7	-6.5174759e-05	1000000.0	5
20170301_134146	81.1	-7.11788622e-05	1000000.0	5
20170301_134156	81.1	6.61991623e-05	1000000.0	5
20170301_134206	81.5	8.47284754e-05	1000000.0	5
20170301_134216	81.5	-1.81717297e-05	1000000.0	5
20170301_134226	81.6	-6.93122395e-05	1000000.0	5
20170301_134236	81.8	5.79819361e-05	1000000.0	5
20170301_134246	81.8	9.60911532e-05	1000000.0	5
20170301_134256	82.0	-7.62992322e-05	1000000.0	5
20170301_134306	82.2	0.000101637601	1000000.0	5
20170301_134316	82.4	6.44290254e-05	1000000.0	5
20170301_134326	82.6	-8.49143461e-05	1000000.0	5
20170301_134336	82.4	-4.62861314e-05	1000000.0	5
20170301_134346	82.4	5.92854365e-06	1000000.0	5
20170301_134356	82.8	8.22015846e-05	1000000.0	5
20170301_134406	82.6	9.38085686e-05	1000000.0	5
20170301_134416	82.6	-7.33613803e-05	1000000.0	5
20170301_134426	82.8	-3.86404017e-05	1000000.0	5
20170301_134436	82.8	-2.9733551e-05	1000000.0	5
20170301_134446	82.6	-6.00328423e-05	1000000.0	5
20170301_134456	82.6	-1.36361331e-05	1000000.0	5
20170301_134506	81.8	-2.50350872e-05	1000000.0	5
20170301_134516	81.3	6.89605495e-05	1000000.0	5
20170301_134526	81.1	-2.44393024e-05	1000000.0	5
20170301_134536	81.1	-7.12692341e-05	1000000.0	5
20170301_134546	80.9	-8.18191645e-05	1000000.0	5
20170301_134556	81.3	-6.35333496e-05	1000000.0	5
20170301_134606	81.1	-8.53952648e-05	1000000.0	5
20170301_134616	81.1	2.9041121e-05	1000000.0	5
20170301_134626	81.3	7.63910082e-05	1000000.0	5
20170301_134636	81.5	-7.06373643e-05	1000000.0	5
20170301_134646	81.5	-4.79437002e-05	1000000.0	5
20170301_134656	81.6	-3.25564652e-05	1000000.0	5
20170301_134706	81.5	4.79906101e-05	1000000.0	5
20170301_134716	81.6	4.96748222e-05	1000000.0	5
20170301_134726	81.6	4.62210823e-05	1000000.0	5
20170301_134736	81.8	-7.51695356e-05	1000000.0	5
20170301_134746	81.8	-5.64146118e-05	1000000.0	5
20170301_134756	81.8	-1.32507546e-05	1000000.0	5
20170301_134806	82.2	8.20292643e-05	1000000.0	5
20170301_134816	82.2	7.83483619e-05	1000000.0	5
20170301_134826	82.2	7.47680571e-05	1000000.0	5
20170301_134836	82.0	-3.21788429e-05	1000000.0	5
20170301_134846	82.4	-8.52163491e-05	1000000.0	5
20170301_134856	82.4	-7.44589529e-05	1000000.0	5
20170301_134906	82.4	-4.18695465e-05	1000000.0	5
20170301_134916	82.4	4.90786513e-05	1000000.0	5
20170301_134926	82.2	-4.31335276e-05	1000000.0	5
20170301_134935	82.4	4.52222795e-05	1000000.0	5
20170301_134946	82.4	8.36672172e-05	1000000.0	5
20170301_134956	82.4	7.36996186e-05	1000000.0	5
20170301_135006	82.4	6.24618505e-05	1000000.0	5
20170301_135016	82.6	5.17411977e-05	1000000.0	5
20170301_135026	82.6	7.53865448e-05	1000000.0	5
20170301_135036	82.6	8.52514153e-05	1000000.0	5
20170301_135046	82.6	-5.31017295e-05	1000000.0	5
20170301_135056	82.6	-7.79215449e-05	1000000.0	5
20170301_135106	82.4	2.61114878e-05	1000000.0	5
20170301_135116	82.6	7.16756256e-05	1000000.0	5
20170301_135126	82.6	6.19419815e-05	1000000.0	5
20170301_135136	82.4	5.76386414e-05	1000000.0	5
20170301_135146	82.8	-8.27803114e-05	1000000.0	5
20170301_135156	82.8	-6.74177028e-05	1000000.0	5
20170301_135206	83.0	-2.05855443e-05	1000000.0	5
20170301_135215	83.0	3.49966433e-05	1000000.0	5
20170301_135226	83.2	-5.66188367e-05	1000000.0	5
20170301_135236	83.0	7.79958803e-05	1000000.0	5
20170301_135246	83.2	7.88385483e-05	1000000.0	5
20170301_135256	83.2	7.39522115e-05	1000000.0	5
20170301_135306	83.2	1.31342838e-05	1000000.0	5
20170301_135316	83.3	-5.32114716e-05	1000000.0	5
20170301_135326	83.3	-9.97576135e-05	1000000.0	5
20170301_135336	83.2	4.48190674e-05	1000000.0	5
20170301_135346	83.2	4.48701784e-05	1000000.0	5
20170301_135356	83.2	1.74103418e-05	1000000.0	5
20170301_135406	83.3	-4.85217746e-05	1000000.0	5
20170301_135416	83.3	-6.8342683e-05	1000000.0	5
20170301_135426	83.3	9.23513707e-05	1000000.0	5
20170301_135436	83.3	4.92399247e-05	1000000.0	5
20170301_135446	83.3	-5.02913574e-05	1000000.0	5
20170301_135456	83.3	-8.34528712e-05	1000000.0	5
20170301_135506	83.3	-2.51793002e-05	1000000.0	5
20170301_135516	83.5	9.85380581e-05	1000000.0	5
20170301_135526	83.3	5.83707051e-05	1000000.0	5
20170301_135536	83.7	1.06582949e-06	1000000.0	5
20170301_135546	83.3	-7.94851355e-05	1000000.0	5
20170301_135556	83.3	-8.18870138e-05	1000000.0	5
20170301_135606	83.7	9.9e+37	1000000.0	5
20170301_135616	83.5	-5.45213745e-05	1000000.0	5
20170301_135626	83.5	4.9210995e-05	1000000.0	5
20170301_135636	83.7	-2.90816057e-05	1000000.0	5
20170301_135646	83.5	6.07463768e-05	1000000.0	5
20170301_135656	83.7	6.9740677e-05	1000000.0	5
20170301_135706	83.7	-7.51027553e-05	1000000.0	5
20170301_135716	83.9	-7.60839934e-05	1000000.0	5
20170301_135726	84.1	8.13717027e-05	1000000.0	5
20170301_135736	84.1	-6.09646608e-05	1000000.0	5
20170301_135746	84.3	6.30314993e-05	1000000.0	5
20170301_135756	85.0	-5.57432831e-05	1000000.0	5
20170301_135806	85.8	-5.98991861e-05	1000000.0	5
20170301_135816	84.9	2.08247359e-06	1000000.0	5
20170301_135826	85.4	2.37764193e-05	1000000.0	5
20170301_135836	85.0	-5.1302024e-05	1000000.0	5
20170301_135846	85.4	4.06775029e-05	1000000.0	5
20170301_135856	84.9	2.75927414e-05	1000000.0	5
20170301_135906	84.9	-6.63532761e-05	1000000.0	5
20170301_135916	84.9	-3.66194854e-05	1000000.0	5
20170301_135926	84.5	5.09253391e-05	1000000.0	5
20170301_135936	84.7	7.26309977e-05	1000000.0	5
20170301_135946	84.5	3.47922177e-05	1000000.0	5
20170301_135956	84.5	6.76667853e-05	1000000.0	5
20170301_140006	84.5	7.606643e-05	1000000.0	5
20170301_140016	84.7	-4.95041859e-05	1000000.0	5
20170301_140026	84.7	4.6128056e-05	1000000.0	5
20170301_140036	84.9	-1.84705066e-05	1000000.0	5
20170301_140046	84.9	2.99341302e-05	1000000.0	5
20170301_140056	84.7	7.75480853e-05	1000000.0	5
20170301_140106	84.5	-5.77753603e-05	1000000.0	5
20170301_140116	84.9	-5.50723724e-05	1000000.0	5
20170301_140126	84.9	7.78112432e-05	1000000.0	5
20170301_140136	84.9	-6.78631135e-05	1000000.0	5
20170301_140146	84.7	9.26752697e-05	1000000.0	5
20170301_140156	84.9	7.70240506e-05	1000000.0	5
20170301_140206	84.5	3.70483451e-05	1000000.0	5
20170301_140216	84.9	-7.34967399e-06	1000000.0	5
20170301_140226	85.0	3.15892575e-05	1000000.0	5
20170301_140236	85.0	3.55979757e-05	1000000.0	5
20170301_140246	85.0	4.8105907e-05	1000000.0	5
20170301_140256	85.0	-8.00203123e-05	1000000.0	5
20170301_140306	85.0	7.80677154e-05	1000000.0	5
20170301_140316	85.0	-7.48729068e-05	1000000.0	5
20170301_140326	85.0	6.62685262e-05	1000000.0	5
20170301_140336	85.2	-8.44711492e-05	1000000.0	5
20170301_140346	85.2	8.64441218e-05	1000000.0	5
20170301_140356	85.2	2.0011101e-05	1000000.0	5
20170301_140406	85.2	3.50304362e-05	1000000.0	5
20170301_140416	85.2	4.42305266e-05	1000000.0	5
20170301_140426	85.4	7.48176156e-05	1000000.0	5
20170301_140436	85.4	-5.65863047e-05	1000000.0	5
20170301_140446	85.4	9.9e+37	1000000.0	5
20170301_140456	85.4	-1.12122813e-05	1000000.0	5
20170301_140506	85.6	-8.32715945e-05	1000000.0	5
20170301_140516	85.4	8.99922532e-05	1000000.0	5
20170301_140526	85.4	-1.78887179e-05	1000000.0	5
20170301_140536	85.4	3.33154256e-05	1000000.0	5
20170301_140546	85.4	-9.62662326e-05	1000000.0	5
20170301_140556	85.6	-1.36708756e-05	1000000.0	5
20170301_140606	85.6	-6.51440003e-05	1000000.0	5
20170301_140616	85.4	-4.98614872e-05	1000000.0	5
20170301_140626	85.8	4.68030586e-05	1000000.0	5
20170301_140636	85.6	2.34588144e-05	1000000.0	5
20170301_140646	85.6	-5.88211034e-05	1000000.0	5
20170301_140656	85.8	2.97661663e-05	1000000.0	5
20170301_140706	85.8	-5.83048684e-05	1000000.0	5
20170301_140716	85.8	-6.70470837e-05	1000000.0	5
20170301_140726	85.8	8.05183942e-05	1000000.0	5
20170301_140736	86.0	-8.28093371e-05	1000000.0	5
20170301_140746	86.0	4.77545665e-06	1000000.0	5
20170301_140756	86.0	-2.17517615e-06	1000000.0	5
20170301_140806	85.8	5.45222549e-05	1000000.0	5
20170301_140816	86.0	0.000758533519	1000000.0	5
20170301_140826	86.2	7.52480352e-05	1000000.0	5
20170301_140836	86.0	-1.62274642e-05	1000000.0	5
20170301_140846	86.2	-6.99040599e-05	1000000.0	5
20170301_140856	86.2	6.92465523e-05	1000000.0	5
20170301_140906	86.2	-5.93352913e-05	1000000.0	5
20170301_140916	86.0	-7.77438264e-05	1000000.0	5
20170301_140926	86.4	3.78088562e-05	1000000.0	5
20170301_140936	86.2	2.31430618e-05	1000000.0	5
20170301_140945	86.4	6.84576648e-05	1000000.0	5
20170301_140956	86.2	1.11026578e-05	1000000.0	5
20170301_141006	86.7	-2.61263634e-05	1000000.0	5
20170301_141016	86.6	-7.38267022e-05	1000000.0	5
20170301_141026	86.4	8.3465834e-05	1000000.0	5
20170301_141036	87.1	4.30325357e-05	1000000.0	5
20170301_141046	86.6	6.63250231e-05	1000000.0	5
20170301_141056	86.2	4.33178998e-05	1000000.0	5
20170301_141106	86.6	-1.35372151e-05	1000000.0	5
20170301_141116	86.4	-4.79138612e-06	1000000.0	5
20170301_141126	86.4	-7.49289769e-05	1000000.0	5
20170301_141136	86.4	5.43320981e-05	1000000.0	5
20170301_141146	86.4	8.52285303e-05	1000000.0	5
20170301_141156	86.6	8.2900252e-05	1000000.0	5
20170301_141206	86.4	-5.54687612e-05	1000000.0	5
20170301_141216	86.4	-9.89463174e-05	1000000.0	5
20170301_141225	86.4	9.26898533e-05	1000000.0	5
20170301_141236	86.2	6.31812435e-05	1000000.0	5
20170301_141246	86.0	-3.41546768e-05	1000000.0	5
20170301_141256	86.2	8.69146224e-05	1000000.0	5
20170301_141306	86.2	6.49055595e-06	1000000.0	5
20170301_141316	86.2	-3.65298525e-05	1000000.0	5
20170301_141325	82.0	-7.11952144e-05	1000000.0	5
20170301_141336	84.3	7.46015915e-05	1000000.0	5
20170301_141346	84.5	-7.57404511e-05	1000000.0	5
20170301_141355	85.8	-7.2852835e-05	1000000.0	5
20170301_141405	85.6	-8.56953046e-05	1000000.0	5
20170301_141415	85.8	6.95668793e-05	1000000.0	5
20170301_141426	85.6	8.34778906e-05	1000000.0	5
20170301_141435	85.8	-1.89738117e-05	1000000.0	5
20170301_141445	85.6	0.000105044546	1000000.0	5
20170301_141456	85.4	-4.51303528e-05	1000000.0	5
20170301_141505	85.6	4.49265449e-05	1000000.0	5
20170301_141515	86.0	4.47681788e-05	1000000.0	5
20170301_141526	85.8	9.02697647e-05	1000000.0	5
20170301_141535	86.0	-3.29818378e-05	1000000.0	5
20170301_141545	86.4	6.23322095e-05	1000000.0	5
20170301_141555	86.0	6.80891607e-05	1000000.0	5
20170301_141605	86.2	-3.78144435e-05	1000000.0	5
20170301_141615	86.0	7.02988905e-06	1000000.0	5
20170301_141625	85.6	-6.99433127e-06	1000000.0	5
20170301_141635	85.8	1.48126708e-07	1000000.0	5
20170301_141645	85.8	-3.79167256e-05	1000000.0	5
20170301_141655	86.0	-3.91850445e-05	1000000.0	5
20170301_141705	86.7	1.44431999e-05	1000000.0	5
20170301_141715	86.7	-4.17892401e-05	1000000.0	5
20170301_141725	86.0	7.01542714e-05	1000000.0	5
20170301_141735	85.8	-6.48321135e-05	1000000.0	5
20170301_141745	85.8	8.02003088e-05	1000000.0	5
20170301_141755	85.6	6.80805897e-05	1000000.0	5
20170301_141805	86.0	-6.73259076e-05	1000000.0	5
20170301_141815	86.0	2.48664545e-05	1000000.0	5
20170301_141825	86.2	7.86346425e-06	1000000.0	5
20170301_141835	86.0	-9.01808839e-05	1000000.0	5
20170301_141845	86.2	1.36041988e-05	1000000.0	5
20170301_141856	86.2	-1.90909878e-05	1000000.0	5
20170301_141905	86.2	7.04712554e-05	1000000.0	5
20170301_141915	85.8	8.5373618e-05	1000000.0	5
20170301_141925	85.2	-2.05010465e-05	1000000.0	5
20170301_141935	84.9	7.72276152e-05	1000000.0	5
20170301_141945	84.9	0.000101905876	1000000.0	5
20170301_141955	84.9	-1.93462175e-06	1000000.0	5
20170301_142005	85.0	-9.61108598e-05	1000000.0	5
20170301_142015	85.2	0.000101890722	1000000.0	5
20170301_142025	85.0	9.9e+37	1000000.0	5
20170301_142035	84.9	-2.85738518e-06	1000000.0	5
20170301_142045	85.2	-4.57003784e-05	1000000.0	5
20170301_142055	85.2	6.96611786e-05	1000000.0	5
20170301_142105	85.2	-6.09349205e-05	1000000.0	5
20170301_142115	85.2	3.71538846e-06	1000000.0	5
20170301_142125	85.2	9.93757331e-05	1000000.0	5
20170301_142135	85.4	-8.26671497e-05	1000000.0	5
20170301_142145	85.4	5.76775865e-05	1000000.0	5
20170301_142155	85.4	1.87493946e-05	1000000.0	5
20170301_142205	86.2	-3.56005235e-05	1000000.0	5
20170301_142215	85.8	8.42943064e-05	1000000.0	5
20170301_142225	86.2	1.92482969e-05	1000000.0	5
20170301_142235	86.0	5.0781755e-06	1000000.0	5
20170301_142245	86.2	-7.86317885e-06	1000000.0	5
20170301_142255	86.0	-8.23488107e-05	1000000.0	5
20170301_142305	86.2	5.95908651e-05	1000000.0	5
20170301_142315	86.0	9.04340161e-05	1000000.0	5
20170301_142325	86.2	7.35683858e-05	1000000.0	5
20170301_142335	86.4	9.9e+37	1000000.0	5
20170301_142345	86.4	7.80959111e-05	1000000.0	5
20170301_142355	86.2	-0.000100735079	1000000.0	5
20170301_142405	86.4	6.90044765e-05	1000000.0	5
20170301_142415	86.4	-1.14147041e-05	1000000.0	5
20170301_142425	86.2	-2.64208637e-05	1000000.0	5
20170301_142435	86.2	-7.5956777e-05	1000000.0	5
20170301_142445	86.4	2.54290479e-05	1000000.0	5
20170301_142455	86.6	9.64815048e-05	1000000.0	5
20170301_142505	86.4	8.87595073e-05	1000000.0	5
20170301_142515	86.6	-2.01327737e-05	1000000.0	5
20170301_142525	86.7	-7.30525979e-05	1000000.0	5
20170301_142535	86.7	-5.70870428e-05	1000000.0	5
20170301_142545	86.6	-9.2453841e-05	1000000.0	5
20170301_142555	86.7	-7.64218203e-05	1000000.0	5
20170301_142605	86.6	3.41910402e-05	1000000.0	5
20170301_142615	86.6	8.38058749e-05	1000000.0	5
20170301_142625	86.7	0.000116199422	1000000.0	5
20170301_142635	86.6	6.28774108e-05	1000000.0	5
20170301_142645	86.7	0.000101296583	1000000.0	5
20170301_142655	86.6	8.24556937e-05	1000000.0	5
20170301_142705	86.7	-8.74696061e-05	1000000.0	5
20170301_142715	86.7	3.74552101e-05	1000000.0	5
20170301_142725	86.7	9.08765083e-05	1000000.0	5
20170301_142735	86.6	6.11346216e-05	1000000.0	5
20170301_142745	86.7	-6.00342295e-05	1000000.0	5
20170301_142755	86.6	-9.04139968e-05	1000000.0	5
20170301_142805	86.7	-0.000101502404	1000000.0	5
20170301_142815	86.2	4.16164695e-05	1000000.0	5
20170301_142825	86.6	8.04487916e-05	1000000.0	5
20170301_142835	87.3	-7.35354533e-05	1000000.0	5
20170301_142845	86.6	-9.25082848e-05	1000000.0	5
20170301_142855	86.6	8.56468126e-05	1000000.0	5
20170301_142905	86.7	7.712504e-05	1000000.0	5
20170301_142915	86.9	5.59383852e-05	1000000.0	5
20170301_142925	86.7	8.16393831e-05	1000000.0	5
20170301_142935	86.6	-5.72775211e-05	1000000.0	5
20170301_142945	86.9	2.46775725e-06	1000000.0	5
20170301_142955	86.6	7.31302997e-05	1000000.0	5
20170301_143006	86.7	-3.26450451e-05	1000000.0	5
20170301_143016	87.1	-6.81130301e-05	1000000.0	5
20170301_143025	86.4	2.4377086e-05	1000000.0	5
20170301_143035	86.6	3.42627386e-05	1000000.0	5
20170301_143045	86.4	0.000110236386	1000000.0	5
20170301_143055	87.1	5.41170025e-05	1000000.0	5
20170301_143105	87.1	-8.25847351e-05	1000000.0	5
20170301_143115	86.6	7.52736807e-06	1000000.0	5
20170301_143125	86.6	0.000120153954	1000000.0	5
20170301_143135	86.7	1.72283563e-05	1000000.0	5
20170301_143145	86.9	-4.32973139e-05	1000000.0	5
20170301_143155	86.7	-8.46321518e-05	1000000.0	5
20170301_143205	86.7	-9.28716573e-05	1000000.0	5
20170301_143215	86.7	9.44001603e-05	1000000.0	5
20170301_143225	86.6	0.000101902932	1000000.0	5
20170301_143235	87.1	-0.000102412566	1000000.0	5
20170301_143245	86.6	-9.37369725e-05	1000000.0	5
20170301_143255	86.7	-9.17556876e-05	1000000.0	5
20170301_143305	87.3	6.94893923e-05	1000000.0	5
20170301_143315	86.9	7.78642241e-05	1000000.0	5
20170301_143325	87.1	-2.11936034e-06	1000000.0	5
20170301_143335	86.6	-0.00010175313	1000000.0	5
20170301_143345	85.8	9.08554135e-06	1000000.0	5
20170301_143355	86.0	0.00013019458	1000000.0	5
20170301_143405	86.4	-2.63635535e-05	1000000.0	5
20170301_143415	86.2	-8.28588063e-05	1000000.0	5
20170301_143425	86.4	-8.30853238e-05	1000000.0	5
20170301_143435	86.2	0.000108725821	1000000.0	5
20170301_143445	86.4	-7.22228407e-05	1000000.0	5
20170301_143455	86.4	-9.79493709e-05	1000000.0	5
20170301_143505	86.4	-7.47285654e-06	1000000.0	5
20170301_143515	86.6	0.00270195575	1000000.0	5
20170301_143525	86.6	0.00010723422	1000000.0	5
20170301_143535	86.6	8.60133246e-06	1000000.0	5
20170301_143545	86.6	0.000109899722	1000000.0	5
20170301_143555	86.7	0.000132086592	1000000.0	5
20170301_143605	86.7	-9.51834828e-05	1000000.0	5
20170301_143615	86.7	-1.81008584e-05	1000000.0	5
20170301_143625	86.7	-4.01875256e-05	1000000.0	5
20170301_143635	87.1	-8.49015413e-05	1000000.0	5
20170301_143645	86.7	1.57472635e-05	1000000.0	5
20170301_143655	87.1	-9.61927985e-05	1000000.0	5
20170301_143705	86.9	0.000125513672	1000000.0	5
20170301_143715	87.1	-3.76052152e-05	1000000.0	5
20170301_143725	87.1	2.89479941e-05	1000000.0	5
20170301_143735	87.1	7.42929588e-05	1000000.0	5
20170301_143745	87.3	0.000129130643	1000000.0	5
20170301_143755	87.3	2.51243065e-05	1000000.0	5
20170301_143805	86.7	1.54527822e-05	1000000.0	5
20170301_143815	87.1	-6.94908431e-05	1000000.0	5
20170301_143825	86.9	-0.000131320972	1000000.0	5
20170301_143835	87.1	-9.68328908e-05	1000000.0	5
20170301_143845	87.1	-0.000116042347	1000000.0	5
20170301_143855	87.1	-7.96614192e-05	1000000.0	5
20170301_143905	87.3	-9.97634086e-05	1000000.0	5
20170301_143915	87.1	-8.11803941e-05	1000000.0	5
20170301_143925	87.1	6.89428708e-05	1000000.0	5
20170301_143935	87.1	0.000116571594	1000000.0	5
20170301_143945	87.3	4.83975811e-05	1000000.0	5
20170301_143955	87.3	0.000101608447	1000000.0	5
20170301_144005	87.3	0.000121773794	1000000.0	5
20170301_144015	87.3	9.26791171e-05	1000000.0	5
20170301_144025	87.3	8.95232429e-05	1000000.0	5
20170301_144035	87.3	0.000130899795	1000000.0	5
20170301_144045	87.3	0.000115446173	1000000.0	5
20170301_144055	87.5	7.14523933e-05	1000000.0	5
20170301_144105	87.5	4.14378645e-05	1000000.0	5
20170301_144115	87.5	-9.85714656e-05	1000000.0	5
20170301_144125	87.5	-6.29365776e-05	1000000.0	5
20170301_144135	87.5	0.000107684834	1000000.0	5
20170301_144145	87.7	9.78451973e-05	1000000.0	5
20170301_144155	87.9	0.000106944775	1000000.0	5
20170301_144205	87.3	0.000131186462	1000000.0	5
20170301_144215	87.5	1.27326363e-05	1000000.0	5
20170301_144225	87.9	0.000126036261	1000000.0	5
20170301_144235	87.9	7.28805643e-05	1000000.0	5
20170301_144245	87.9	9.9e+37	1000000.0	5
20170301_144255	87.9	0.000118722403	1000000.0	5
20170301_144305	88.1	-1.28334691e-05	1000000.0	5
20170301_144315	88.1	-3.89115591e-06	1000000.0	5
20170301_144325	88.1	-0.000101834478	1000000.0	5
20170301_144335	88.1	6.89964278e-06	1000000.0	5
20170301_144345	87.9	-9.18455408e-05	1000000.0	5
20170301_144355	88.1	0.000128200122	1000000.0	5
20170301_144405	88.3	-0.000110992262	1000000.0	5
20170301_144415	88.4	-9.57728699e-05	1000000.0	5
20170301_144426	88.1	-5.90638618e-05	1000000.0	5
20170301_144435	88.1	7.58043167e-05	1000000.0	5
20170301_144446	88.3	1.12534589e-05	1000000.0	5
20170301_144456	88.1	-8.68936752e-05	1000000.0	5
20170301_144505	86.7	-0.000119520941	1000000.0	5
20170301_144515	87.3	2.91908746e-05	1000000.0	5
20170301_144525	87.7	-9.41225156e-05	1000000.0	5
20170301_144535	87.5	4.79221626e-05	1000000.0	5
20170301_144545	87.3	-9.5586003e-05	1000000.0	5
20170301_144555	87.1	-0.000126670546	1000000.0	5
20170301_144605	87.5	-0.000109769621	1000000.0	5
20170301_144615	86.9	-0.000143444545	1000000.0	5
20170301_144625	86.9	-6.80784494e-05	1000000.0	5
20170301_144635	86.9	6.28193608e-06	1000000.0	5
20170301_144645	87.1	-4.76003582e-05	1000000.0	5
20170301_144655	86.6	2.0510736e-05	1000000.0	5
20170301_144705	87.5	-0.000114850742	1000000.0	5
20170301_144715	86.9	-0.00010174783	1000000.0	5
20170301_144725	86.7	6.90407833e-05	1000000.0	5
20170301_144735	87.3	0.000138762915	1000000.0	5
20170301_144745	86.9	0.000120624666	1000000.0	5
20170301_144755	86.7	-4.09172098e-06	1000000.0	5
20170301_144805	87.3	-0.000116903874	1000000.0	5
20170301_144815	87.3	-0.000132876814	1000000.0	5
20170301_144825	87.1	-7.65112087e-05	1000000.0	5
20170301_144835	87.1	6.1815997e-05	1000000.0	5
20170301_144845	87.1	8.20771308e-05	1000000.0	5
20170301_144856	87.1	8.11438199e-05	1000000.0	5
20170301_144906	87.1	0.000134412565	1000000.0	5
20170301_144915	87.3	-5.38444685e-05	1000000.0	5
20170301_144925	87.3	-1.45751268e-05	1000000.0	5
20170301_144935	87.1	-0.000120981501	1000000.0	5
20170301_144945	87.3	-1.81304316e-05	1000000.0	5
20170301_144955	87.9	0.000123759694	1000000.0	5
20170301_145005	86.9	0.000137154629	1000000.0	5
20170301_145015	86.7	5.52996574e-05	1000000.0	5
20170301_145025	86.9	7.74041153e-05	1000000.0	5
20170301_145035	86.9	-0.000128030818	1000000.0	5
20170301_145045	87.1	0.0001214061	1000000.0	5
20170301_145055	87.1	0.000120048483	1000000.0	5
20170301_145105	86.9	0.000133707309	1000000.0	5
20170301_145115	86.9	0.000100085525	1000000.0	5
20170301_145125	87.1	7.33666661e-05	1000000.0	5
20170301_145135	86.9	0.000126654998	1000000.0	5
20170301_145145	86.9	0.000113763802	1000000.0	5
20170301_145155	86.2	1.88322231e-05	1000000.0	5
20170301_145205	85.6	9.74148933e-06	1000000.0	5
20170301_145215	85.6	0.000134838199	1000000.0	5
20170301_145225	85.6	0.000118698824	1000000.0	5
20170301_145235	85.2	0.000129769422	1000000.0	5
20170301_145245	84.9	8.78172171e-05	1000000.0	5
20170301_145255	85.6	-2.715405e-06	1000000.0	5
20170301_145305	85.8	0.00012642687	1000000.0	5
20170301_145315	85.8	0.000113667533	1000000.0	5
20170301_145325	85.8	-3.87220111e-05	1000000.0	5
20170301_145335	85.4	-0.000132902213	1000000.0	5
20170301_145345	86.0	1.32731361e-05	1000000.0	5
20170301_145355	84.9	-3.20104119e-05	1000000.0	5
20170301_145405	86.2	-0.000101345981	1000000.0	5
20170301_145415	85.4	8.17554652e-05	1000000.0	5
20170301_145425	85.8	-8.24809031e-05	1000000.0	5
20170301_145435	85.4	-1.14168346e-05	1000000.0	5
20170301_145445	85.4	-0.000133034289	1000000.0	5
20170301_145455	85.8	7.11272295e-05	1000000.0	5
20170301_145505	86.0	0.000153098459	1000000.0	5
20170301_145515	85.6	0.000113212694	1000000.0	5
20170301_145525	85.6	-1.9719535e-05	1000000.0	5
20170301_145535	85.8	-7.78074352e-05	1000000.0	5
20170301_145545	85.8	-8.52644127e-05	1000000.0	5
20170301_145555	85.8	1.77184174e-05	1000000.0	5
20170301_145605	85.8	8.5367911e-05	1000000.0	5
20170301_145615	85.8	0.000107908054	1000000.0	5
20170301_145625	86.0	0.000104508439	1000000.0	5
20170301_145635	85.8	-4.5260445e-05	1000000.0	5
20170301_145645	85.8	-0.000125963304	1000000.0	5
20170301_145655	86.0	-5.47507264e-05	1000000.0	5
20170301_145705	86.0	0.000119381931	1000000.0	5
20170301_145715	86.2	7.83902339e-05	1000000.0	5
20170301_145725	86.0	8.34829866e-05	1000000.0	5
20170301_145735	86.0	-3.55890125e-05	1000000.0	5
20170301_145745	86.2	-0.000119735307	1000000.0	5
20170301_145755	86.2	-0.000109769631	1000000.0	5
20170301_145805	86.2	4.57182359e-05	1000000.0	5
20170301_145815	86.2	8.1007953e-05	1000000.0	5
20170301_145825	86.4	-8.48783747e-05	1000000.0	5
20170301_145835	86.2	9.9e+37	1000000.0	5
20170301_145845	86.2	-0.000113661487	1000000.0	5
20170301_145855	86.0	-0.000117683683	1000000.0	5
20170301_145905	85.8	-0.000137030901	1000000.0	5
20170301_145915	86.0	-1.50869556e-05	1000000.0	5
20170301_145925	86.0	-6.45719188e-05	1000000.0	5
20170301_145935	86.0	-7.91856162e-05	1000000.0	5
20170301_145945	86.0	6.35550941e-05	1000000.0	5
20170301_145955	86.0	-3.71663522e-05	1000000.0	5
20170301_150005	86.0	-0.000124692205	1000000.0	5
20170301_150015	86.0	6.52041888e-05	1000000.0	5
20170301_150025	86.0	-5.20161408e-05	1000000.0	5
20170301_150035	86.2	3.02539794e-05	1000000.0	5
20170301_150045	86.2	-7.07651182e-05	1000000.0	5
20170301_150055	86.2	-0.000131128054	1000000.0	5
20170301_150105	86.2	2.98703954e-05	1000000.0	5
20170301_150115	86.2	-6.47765219e-05	1000000.0	5
20170301_150125	86.2	-7.29045443e-05	1000000.0	5
20170301_150135	86.2	-0.000136656359	1000000.0	5
20170301_150145	86.4	-0.000121400799	1000000.0	5
20170301_150155	86.7	8.41525328e-05	1000000.0	5
20170301_150205	86.9	0.000119012837	1000000.0	5
20170301_150215	87.1	0.000130745311	1000000.0	5
20170301_150225	87.1	3.40303395e-05	1000000.0	5
20170301_150235	87.1	-0.000137116928	1000000.0	5
20170301_150245	87.1	-5.24192709e-05	1000000.0	5
20170301_150255	86.9	6.63123869e-05	1000000.0	5
20170301_150305	86.9	5.97426648e-05	1000000.0	5
20170301_150315	87.1	-6.95297581e-05	1000000.0	5
20170301_150325	87.1	-5.61853895e-05	1000000.0	5
20170301_150335	86.9	0.000113615322	1000000.0	5
20170301_150345	87.1	-9.54029046e-05	1000000.0	5
20170301_150355	87.1	3.31395975e-05	1000000.0	5
20170301_150406	87.1	3.87429514e-05	1000000.0	5
20170301_150415	86.9	-5.42003639e-05	1000000.0	5
20170301_150425	86.9	-0.000144330205	1000000.0	5
20170301_150435	87.1	-0.000152137765	1000000.0	5
20170301_150445	87.1	-2.30847041e-05	1000000.0	5
20170301_150455	87.1	-2.19094676e-05	1000000.0	5
20170301_150505	87.5	0.000157760439	1000000.0	5
20170301_150515	87.1	0.000108068515	1000000.0	5
20170301_150525	86.9	-5.15239645e-05	1000000.0	5
20170301_150535	86.7	1.82529648e-05	1000000.0	5
20170301_150545	86.7	2.10779209e-05	1000000.0	5
20170301_150555	86.6	-6.61352582e-05	1000000.0	5
20170301_150605	86.7	1.27615289e-05	1000000.0	5
20170301_150615	86.6	-5.67537822e-05	1000000.0	5
20170301_150625	86.0	-9.07968775e-05	1000000.0	5
20170301_150635	87.1	-0.000102529417	1000000.0	5
20170301_150645	86.7	-6.63290568e-05	1000000.0	5
20170301_150655	86.7	0.000145933096	1000000.0	5
20170301_150705	86.6	0.00012301071	1000000.0	5
20170301_150715	86.7	0.000150740919	1000000.0	5
20170301_150725	86.9	8.65971574e-05	1000000.0	5
20170301_150735	86.7	0.000111961204	1000000.0	5
20170301_150745	86.7	0.000100900547	1000000.0	5
20170301_150755	86.7	6.93483063e-05	1000000.0	5
20170301_150805	86.9	0.000129849307	1000000.0	5
20170301_150815	86.9	8.75062853e-05	1000000.0	5
20170301_150825	86.7	0.000115177068	1000000.0	5
20170301_150835	86.7	-2.2022092e-05	1000000.0	5
20170301_150845	86.9	-4.41773959e-05	1000000.0	5
20170301_150855	87.1	-8.72287242e-05	1000000.0	5
20170301_150905	86.4	-0.00014596716	1000000.0	5
20170301_150915	86.4	-2.74292935e-06	1000000.0	5
20170301_150925	86.6	0.000133247392	1000000.0	5
20170301_150935	86.6	2.65948476e-05	1000000.0	5
20170301_150945	86.6	8.63514574e-05	1000000.0	5
20170301_150955	86.6	9.38012291e-05	1000000.0	5
20170301_151005	86.6	-7.40481256e-05	1000000.0	5
20170301_151015	86.7	3.85006113e-05	1000000.0	5
20170301_151025	86.6	-0.000149018056	1000000.0	5
20170301_151035	86.9	-3.53082597e-05	1000000.0	5
20170301_151045	86.6	7.47137906e-05	1000000.0	5
20170301_151055	86.4	5.62912001e-05	1000000.0	5
20170301_151105	86.2	9.98662275e-05	1000000.0	5
20170301_151115	86.2	-1.03417545e-05	1000000.0	5
20170301_151125	86.4	-5.13738377e-06	1000000.0	5
20170301_151135	86.6	-0.00010054147	1000000.0	5
20170301_151145	86.2	-6.86881661e-05	1000000.0	5
20170301_151155	86.0	-8.63979838e-05	1000000.0	5
20170301_151205	86.4	9.16736257e-05	1000000.0	5
20170301_151215	86.4	0.000158036107	1000000.0	5
20170301_151225	86.4	3.04733377e-05	1000000.0	5
20170301_151235	86.7	-0.000109219852	1000000.0	5
20170301_151245	86.9	6.64372865e-05	1000000.0	5
20170301_151255	86.9	0.000126461496	1000000.0	5
20170301_151305	86.9	2.62591867e-05	1000000.0	5
20170301_151315	86.9	-8.23665798e-05	1000000.0	5
20170301_151325	86.9	1.07101911e-05	1000000.0	5
20170301_151335	87.1	0.000163562411	1000000.0	5
20170301_151345	86.9	0.000152945967	1000000.0	5
20170301_151355	86.9	9.18335891e-05	1000000.0	5
20170301_151405	87.1	1.45203886e-05	1000000.0	5
20170301_151415	87.1	-5.80671566e-05	1000000.0	5
20170301_151425	86.9	0.000120523416	1000000.0	5
20170301_151435	87.3	2.08435538e-06	1000000.0	5
20170301_151445	87.1	-0.000119847534	1000000.0	5
20170301_151455	87.1	-0.000158966072	1000000.0	5
20170301_151505	87.1	0.000180401745	1000000.0	5
20170301_151515	87.1	-6.8261383e-05	1000000.0	5
20170301_151525	86.9	-9.52476071e-06	1000000.0	5
20170301_151535	86.9	5.82409835e-05	1000000.0	5
20170301_151545	86.9	-0.000112589157	1000000.0	5
20170301_151555	86.9	0.000189806686	1000000.0	5
20170301_151605	86.9	0.000155123759	1000000.0	5
20170301_151615	86.9	9.9e+37	1000000.0	5
20170301_151625	87.1	6.51831889e-05	1000000.0	5
20170301_151635	86.9	0.000110671687	1000000.0	5
20170301_151645	86.9	-7.29889479e-05	1000000.0	5
20170301_151655	86.7	-0.000114659696	1000000.0	5
20170301_151705	86.9	0.000136066528	1000000.0	5
20170301_151715	86.9	0.00010720783	1000000.0	5
20170301_151725	86.9	-0.000119552051	1000000.0	5
20170301_151735	86.9	-6.16982906e-05	1000000.0	5
20170301_151745	86.9	-4.18056151e-05	1000000.0	5
20170301_151755	87.1	0.000168834196	1000000.0	5
20170301_151806	86.9	-6.77123232e-05	1000000.0	5
20170301_151815	86.9	8.6489044e-05	1000000.0	5
20170301_151825	87.1	-0.000159646256	1000000.0	5
20170301_151835	86.9	6.95613487e-05	1000000.0	5
20170301_151845	87.1	-0.000152432457	1000000.0	5
20170301_151855	86.9	7.47511907e-05	1000000.0	5
20170301_151905	87.1	0.000182768769	1000000.0	5
20170301_151915	87.1	-3.45972266e-05	1000000.0	5
20170301_151925	86.9	-0.000168425496	1000000.0	5
20170301_151935	86.9	0.000162175443	1000000.0	5
20170301_151945	86.9	-8.08536347e-05	1000000.0	5
20170301_151956	87.1	-7.18962091e-06	1000000.0	5
20170301_152006	87.1	-1.24391407e-05	1000000.0	5
20170301_152016	86.9	-6.16970875e-06	1000000.0	5
20170301_152026	87.1	8.86158033e-05	1000000.0	5
20170301_152036	87.1	-0.000130445594	1000000.0	5
20170301_152046	87.5	0.000151256043	1000000.0	5
20170301_152056	87.5	-6.38063304e-05	1000000.0	5
20170301_152106	87.3	0.000148615115	1000000.0	5
20170301_152116	87.3	-0.000176380619	1000000.0	5
20170301_152126	87.3	0.000171966799	1000000.0	5
20170301_152136	87.3	3.4079035e-05	1000000.0	5
20170301_152146	87.5	3.56266864e-05	1000000.0	5
20170301_152156	87.3	2.74964482e-05	1000000.0	5
20170301_152206	87.3	-0.00015514051	1000000.0	5
20170301_152216	87.3	0.000990536139	1000000.0	5
20170301_152226	87.3	-5.59751277e-05	1000000.0	5
20170301_152236	87.3	-0.00010041104	1000000.0	5
20170301_152245	87.3	5.34706423e-05	1000000.0	5
20170301_152255	87.3	1.29402471e-05	1000000.0	5
20170301_152306	86.7	-0.00012543037	1000000.0	5
20170301_152316	86.7	6.83131997e-05	1000000.0	5
20170301_152326	86.7	-5.81485062e-05	1000000.0	5
20170301_152336	86.7	0.000143075263	1000000.0	5
20170301_152346	86.6	-0.000141575885	1000000.0	5
20170301_152356	86.4	-6.93916256e-05	1000000.0	5
20170301_152406	86.4	0.0011094198	1000000.0	5
20170301_152416	86.2	0.000191653289	1000000.0	5
20170301_152426	86.4	-0.000129497193	1000000.0	5
20170301_152436	86.4	0.00016017869	1000000.0	5
20170301_152446	86.6	-2.16028452e-05	1000000.0	5
20170301_152456	86.4	6.88590247e-05	1000000.0	5
20170301_152506	86.6	-0.000184735056	1000000.0	5
20170301_152516	86.6	0.000127908122	1000000.0	5
20170301_152526	86.4	-0.000122668131	1000000.0	5
20170301_152536	86.7	0.000166899695	1000000.0	5
20170301_152546	86.6	-6.33409369e-05	1000000.0	5
20170301_152556	86.7	-0.000135349118	1000000.0	5
20170301_152606	86.2	-6.72667756e-05	1000000.0	5
20170301_152616	86.2	-0.000115603389	1000000.0	5
20170301_152626	85.8	0.000106362886	1000000.0	5
20170301_152636	84.9	-2.45398046e-06	1000000.0	5
20170301_152646	84.1	0.000111834146	1000000.0	5
20170301_152656	83.9	0.000172651797	1000000.0	5
20170301_152706	83.9	-0.000115661852	1000000.0	5
20170301_152716	83.9	7.31932504e-05	1000000.0	5
20170301_152726	83.9	1.60128125e-05	1000000.0	5
20170301_152736	83.9	9.9e+37	1000000.0	5
20170301_152745	83.9	4.7179077e-05	1000000.0	5
20170301_152755	84.1	0.000160767023	1000000.0	5
20170301_152806	84.1	-0.000177394409	1000000.0	5
20170301_152816	84.3	-0.000172267832	1000000.0	5
20170301_152825	84.1	-8.65173571e-05	1000000.0	5
20170301_152835	84.1	6.85055449e-05	1000000.0	5
20170301_152845	85.2	-0.000132809579	1000000.0	5
20170301_152855	85.4	0.000106358362	1000000.0	5
20170301_152905	85.6	5.79711768e-05	1000000.0	5
20170301_152915	85.8	-3.64620667e-05	1000000.0	5
20170301_152925	85.6	-8.62829357e-05	1000000.0	5
20170301_152935	85.6	1.70465359e-05	1000000.0	5
20170301_152945	85.6	-0.000137825022	1000000.0	5
20170301_152955	85.4	0.00015696519	1000000.0	5
20170301_153005	85.6	-0.000138624393	1000000.0	5
20170301_153015	85.6	6.00874499e-05	1000000.0	5
20170301_153026	85.6	1.2069007e-06	1000000.0	5
20170301_153035	85.8	8.01683533e-05	1000000.0	5
20170301_153045	85.8	-5.55637669e-06	1000000.0	5
20170301_153055	85.8	-0.000195144438	1000000.0	5
20170301_153105	85.8	0.000190798707	1000000.0	5
20170301_153115	85.8	-0.000131433473	1000000.0	5
20170301_153126	85.8	9.8843793e-06	1000000.0	5
20170301_153136	85.4	-0.00011339591	1000000.0	5
20170301_153146	85.6	-0.000105614392	1000000.0	5
20170301_153156	85.6	8.82211695e-05	1000000.0	5
20170301_153206	86.0	4.33841543e-07	1000000.0	5
20170301_153216	85.8	-0.000141579172	1000000.0	5
20170301_153226	86.0	5.37779299e-05	1000000.0	5
20170301_153236	86.0	-5.61357603e-05	1000000.0	5
20170301_153246	85.8	0.000178407081	1000000.0	5
20170301_153256	86.0	0.000155034219	1000000.0	5
20170301_153306	86.4	-0.000163657767	1000000.0	5
20170301_153315	86.2	2.25792234e-05	1000000.0	5
20170301_153326	86.4	-0.000176313866	1000000.0	5
20170301_153336	86.4	0.000159230272	1000000.0	5
20170301_153345	86.4	6.1133705e-05	1000000.0	5
20170301_153356	86.2	-3.49513141e-05	1000000.0	5
20170301_153406	86.2	0.000116612776	1000000.0	5
20170301_153416	86.4	-0.000169429252	1000000.0	5
20170301_153426	86.7	-1.21874313e-06	1000000.0	5
20170301_153436	86.7	-1.25349312e-05	1000000.0	5
20170301_153446	86.6	0.000138000695	1000000.0	5
20170301_153456	86.6	-0.000105784482	1000000.0	5
20170301_153506	86.9	-5.06254561e-05	1000000.0	5
20170301_153516	86.4	-3.88650272e-06	1000000.0	5
20170301_153526	86.7	-0.000131960911	1000000.0	5
20170301_153536	86.6	0.000168840907	1000000.0	5
20170301_153546	86.0	9.95323005e-05	1000000.0	5
20170301_153556	85.8	-1.1156872e-05	1000000.0	5
20170301_153606	86.0	-0.000104009923	1000000.0	5
20170301_153616	85.8	-4.32862472e-05	1000000.0	5
20170301_153626	85.6	5.05246686e-05	1000000.0	5
20170301_153636	86.0	-0.000125194371	1000000.0	5
20170301_153646	86.0	-0.000145071818	1000000.0	5
20170301_153656	86.0	8.38132524e-05	1000000.0	5
20170301_153706	86.0	-0.000144819816	1000000.0	5
20170301_153716	86.0	-8.74907338e-06	1000000.0	5
20170301_153726	85.8	0.000183814749	1000000.0	5
20170301_153736	85.8	8.11121973e-05	1000000.0	5
20170301_153746	85.6	-6.4737647e-05	1000000.0	5
20170301_153756	85.8	0.000181246549	1000000.0	5
20170301_153806	85.8	8.68542144e-07	1000000.0	5
20170301_153816	86.0	0.000121819525	1000000.0	5
20170301_153826	85.8	-0.000172168053	1000000.0	5
20170301_153836	86.0	-0.00012459117	1000000.0	5
20170301_153846	85.8	-0.000165619685	1000000.0	5
20170301_153856	86.0	0.000195308585	1000000.0	5
20170301_153906	86.0	-0.000166314737	1000000.0	5
20170301_153916	86.0	0.00127569496	1000000.0	5
20170301_153926	86.2	-0.000115477931	1000000.0	5
20170301_153936	86.2	0.000124809964	1000000.0	5
20170301_153946	86.2	0.000124486374	1000000.0	5
20170301_153956	86.4	-0.000192311945	1000000.0	5
20170301_154006	86.2	9.9e+37	1000000.0	5
20170301_154016	86.4	-0.000185862629	1000000.0	5
20170301_154026	86.4	0.000191570768	1000000.0	5
20170301_154036	86.4	7.36979241e-05	1000000.0	5
20170301_154046	86.4	3.2493701e-05	1000000.0	5
20170301_154056	86.2	-0.000115796705	1000000.0	5
20170301_154106	86.2	-6.99280346e-05	1000000.0	5
20170301_154116	86.2	-0.000160725651	1000000.0	5
20170301_154126	86.4	-1.93366163e-05	1000000.0	5
20170301_154136	86.6	7.42610795e-05	1000000.0	5
20170301_154146	86.2	-0.000181349351	1000000.0	5
20170301_154156	86.4	2.33924396e-05	1000000.0	5
20170301_154206	86.4	0.000157940301	1000000.0	5
20170301_154216	86.4	-2.85883042e-05	1000000.0	5
20170301_154226	86.6	6.54780862e-05	1000000.0	5
20170301_154236	86.6	-0.000122414152	1000000.0	5
20170301_154246	86.6	0.000109265337	1000000.0	5
20170301_154256	86.6	-3.8322484e-05	1000000.0	5
20170301_154306	86.6	-0.000142508717	1000000.0	5
20170301_154316	86.6	0.000176566597	1000000.0	5
20170301_154326	86.6	0.000170048007	1000000.0	5
20170301_154336	86.7	4.98571697e-05	1000000.0	5
20170301_154346	87.1	-0.000159423224	1000000.0	5
20170301_154356	86.6	0.000104802825	1000000.0	5
20170301_154406	86.4	-2.07053997e-05	1000000.0	5
20170301_154416	86.6	0.00014040579	1000000.0	5
20170301_154426	86.6	-0.000190847532	1000000.0	5
20170301_154436	86.6	7.64325756e-05	1000000.0	5
20170301_154446	86.7	-0.00018378277	1000000.0	5
20170301_154456	86.9	-0.000115881846	1000000.0	5
20170301_154506	86.7	0.000175001813	1000000.0	5
20170301_154516	86.7	-0.000161430565	1000000.0	5
20170301_154526	87.3	-0.000110606845	1000000.0	5
20170301_154535	86.9	0.000185240364	1000000.0	5
20170301_154546	86.9	-0.000106108007	1000000.0	5
20170301_154556	87.5	0.000134691623	1000000.0	5
20170301_154606	86.9	-0.000108364832	1000000.0	5
20170301_154616	87.3	-3.69927771e-05	1000000.0	5
20170301_154626	87.3	0.000179576355	1000000.0	5
20170301_154636	86.9	-0.000115085054	1000000.0	5
20170301_154646	87.3	0.000132524076	1000000.0	5
20170301_154656	87.3	0.000204725454	1000000.0	5
20170301_154705	87.3	-0.00017339571	1000000.0	5
20170301_154716	87.3	0.000185208601	1000000.0	5
20170301_154726	87.1	-6.93314393e-05	1000000.0	5
20170301_154736	87.3	6.08836872e-05	1000000.0	5
20170301_154746	87.3	4.81587924e-05	1000000.0	5
20170301_154756	87.1	-6.84927856e-06	1000000.0	5
20170301_154806	87.5	7.55637778e-05	1000000.0	5
20170301_154816	87.1	0.000180069178	1000000.0	5
20170301_154826	87.5	-0.000114493387	1000000.0	5
20170301_154836	87.7	5.11896914e-07	1000000.0	5
20170301_154846	86.9	0.000177806144	1000000.0	5
20170301_154856	87.3	-2.43343707e-05	1000000.0	5
20170301_154906	87.5	-6.85529301e-06	1000000.0	5
20170301_154916	86.9	9.04863635e-05	1000000.0	5
20170301_154926	86.9	-0.000124733015	1000000.0	5
20170301_154936	87.1	0.00018575654	1000000.0	5
20170301_154946	87.3	-0.000173366747	1000000.0	5
20170301_154956	87.3	0.00016827581	1000000.0	5
20170301_155006	87.3	9.57504112e-05	1000000.0	5
20170301_155016	87.1	5.06952745e-06	1000000.0	5
20170301_155026	87.3	-7.57390709e-05	1000000.0	5
20170301_155036	87.3	0.00018526426	1000000.0	5
20170301_155046	87.3	-4.47162563e-05	1000000.0	5
20170301_155056	86.9	6.52017719e-07	1000000.0	5
20170301_155106	87.3	-0.000164885546	1000000.0	5
20170301_155116	87.1	-1.92534178e-05	1000000.0	5
20170301_155126	87.1	-6.12545121e-05	1000000.0	5
20170301_155136	87.1	4.89151529e-06	1000000.0	5
20170301_155146	86.9	-0.000112541358	1000000.0	5
20170301_155156	87.1	-1.04538757e-05	1000000.0	5
20170301_155206	86.9	-0.000200791008	1000000.0	5
20170301_155216	87.3	-6.79504382e-05	1000000.0	5
20170301_155226	86.9	0.000116751754	1000000.0	5
20170301_155236	87.1	-0.000156310605	1000000.0	5
20170301_155246	87.1	0.000110558216	1000000.0	5
20170301_155256	87.1	5.77876738e-05	1000000.0	5
20170301_155306	86.9	7.81653682e-05	1000000.0	5
20170301_155316	87.3	0.000138485819	1000000.0	5
20170301_155326	87.3	-8.5478343e-05	1000000.0	5
20170301_155336	87.1	-5.47713871e-05	1000000.0	5
20170301_155346	86.7	0.000201891932	1000000.0	5
20170301_155356	86.9	-5.91205051e-05	1000000.0	5
20170301_155406	87.3	-0.000146247031	1000000.0	5
20170301_155416	86.6	-0.000199303923	1000000.0	5
20170301_155426	86.9	-9.79571967e-05	1000000.0	5
20170301_155436	87.5	5.59908033e-06	1000000.0	5
20170301_155446	87.3	-0.000166008695	1000000.0	5
20170301_155456	86.9	-0.000149964235	1000000.0	5
20170301_155506	86.4	3.43124438e-05	1000000.0	5
20170301_155516	86.6	-0.000133955595	1000000.0	5
20170301_155526	87.5	0.000174444678	1000000.0	5
20170301_155536	87.5	-0.000103674003	1000000.0	5
20170301_155546	86.6	-0.000161554536	1000000.0	5
20170301_155556	86.6	0.000152933153	1000000.0	5
20170301_155606	87.1	-0.000173291312	1000000.0	5
20170301_155616	87.7	6.23627124e-05	1000000.0	5
20170301_155626	86.4	7.99984925e-05	1000000.0	5
20170301_155636	86.9	-0.000188941533	1000000.0	5
20170301_155646	87.1	4.12128212e-05	1000000.0	5
20170301_155656	87.5	0.00016723117	1000000.0	5
20170301_155706	86.7	-0.000136558467	1000000.0	5
20170301_155716	86.9	0.000195696952	1000000.0	5
20170301_155726	87.5	-2.69643978e-05	1000000.0	5
20170301_155736	88.1	0.000189877905	1000000.0	5
20170301_155746	86.7	-0.000124044774	1000000.0	5
20170301_155756	86.7	0.0001247901	1000000.0	5
20170301_155805	86.9	0.000155544354	1000000.0	5
20170301_155816	86.7	0.000156540658	1000000.0	5
20170301_155826	87.1	-0.000177280365	1000000.0	5
20170301_155836	87.1	-9.59192282e-05	1000000.0	5
20170301_155846	86.9	0.000137248713	1000000.0	5
20170301_155856	86.9	-9.98143143e-05	1000000.0	5
20170301_155906	86.7	0.000130816091	1000000.0	5
20170301_155916	87.3	-0.000144001578	1000000.0	5
20170301_155926	87.3	9.9e+37	1000000.0	5
20170301_155936	87.3	-6.7951713e-05	1000000.0	5
20170301_155946	86.9	-4.8968744e-05	1000000.0	5
20170301_155956	86.9	0.000194174553	1000000.0	5
20170301_160006	86.9	0.000157323168	1000000.0	5
20170301_160016	87.7	-5.75962142e-05	1000000.0	5
20170301_160026	87.1	8.53676366e-05	1000000.0	5
20170301_160036	87.3	-0.000177183466	1000000.0	5
20170301_160046	87.5	0.000177553952	1000000.0	5
20170301_160056	87.1	-0.000103957658	1000000.0	5
20170301_160106	86.6	0.000170188383	1000000.0	5
20170301_160116	86.2	3.2318871e-05	1000000.0	5
20170301_160126	86.7	-0.000194074036	1000000.0	5
20170301_160136	86.4	9.05247823e-05	1000000.0	5
20170301_160146	86.4	0.000149119793	1000000.0	5
20170301_160156	86.4	-0.000178196916	1000000.0	5
20170301_160206	86.4	0.000188956864	1000000.0	5
20170301_160216	86.2	-0.00016490195	1000000.0	5
20170301_160226	86.4	0.000109944448	1000000.0	5
20170301_160236	86.4	0.000184452482	1000000.0	5
20170301_160246	86.4	-6.97605442e-05	1000000.0	5
20170301_160256	86.2	-0.000167711303	1000000.0	5
20170301_160306	86.2	-6.7971938e-06	1000000.0	5
20170301_160316	86.6	1.61655516e-05	1000000.0	5
20170301_160326	86.6	-3.03743988e-05	1000000.0	5
20170301_160336	86.6	0.000118062181	1000000.0	5
20170301_160346	86.4	0.000120703543	1000000.0	5
20170301_160356	86.4	-6.67079929e-05	1000000.0	5
20170301_160406	86.6	0.000108275811	1000000.0	5
20170301_160416	86.7	-7.45365601e-05	1000000.0	5
20170301_160426	86.7	0.000195110618	1000000.0	5
20170301_160436	86.9	-0.000187218016	1000000.0	5
20170301_160446	86.4	6.77665291e-05	1000000.0	5
20170301_160456	86.4	-0.000102742593	1000000.0	5
20170301_160506	86.7	-0.000147083257	1000000.0	5
20170301_160516	86.9	7.4576229e-06	1000000.0	5
20170301_160526	87.1	-0.000162685898	1000000.0	5
20170301_160536	86.9	0.000157103801	1000000.0	5
20170301_160546	86.9	-0.000149520848	1000000.0	5
20170301_160556	86.7	0.000110205176	1000000.0	5
20170301_160606	86.9	-0.0001386334	1000000.0	5
20170301_160616	86.7	0.000140728135	1000000.0	5
20170301_160626	86.7	-0.000109600944	1000000.0	5
20170301_160636	86.6	-0.000131557271	1000000.0	5
20170301_160646	86.7	0.000128572979	1000000.0	5
20170301_160656	86.6	9.84740727e-05	1000000.0	5
20170301_160706	86.7	-0.000181468451	1000000.0	5
20170301_160716	86.7	7.92011177e-05	1000000.0	5
20170301_160726	86.9	3.45933197e-07	1000000.0	5
20170301_160736	87.3	-7.82912747e-05	1000000.0	5
20170301_160746	87.1	0.000174292022	1000000.0	5
20170301_160756	86.9	-0.000185013974	1000000.0	5
20170301_160806	86.9	0.000151760039	1000000.0	5
20170301_160816	87.3	4.51876198e-05	1000000.0	5
20170301_160826	87.3	-7.60205104e-05	1000000.0	5
20170301_160836	86.7	-2.32338994e-05	1000000.0	5
20170301_160846	86.7	7.85537805e-05	1000000.0	5
20170301_160856	86.6	-0.000193339629	1000000.0	5
20170301_160906	86.4	-8.32061266e-05	1000000.0	5
20170301_160916	86.6	-0.000153761112	1000000.0	5
20170301_160926	86.4	0.000167538487	1000000.0	5
20170301_160936	86.2	5.87270053e-06	1000000.0	5
20170301_160946	86.4	9.92708865e-06	1000000.0	5
20170301_160956	86.4	-0.000123981075	1000000.0	5
20170301_161006	86.4	8.6260425e-05	1000000.0	5
20170301_161016	86.6	-0.000172480142	1000000.0	5
20170301_161026	86.6	0.000201965488	1000000.0	5
20170301_161036	86.6	6.89352204e-05	1000000.0	5
20170301_161046	86.6	7.10230449e-05	1000000.0	5
20170301_161056	86.9	-0.000109895732	1000000.0	5
20170301_161106	86.7	1.68316588e-05	1000000.0	5
20170301_161116	86.9	-0.000114962544	1000000.0	5
20170301_161126	86.6	-1.54404942e-05	1000000.0	5
20170301_161136	86.6	-5.13300887e-05	1000000.0	5
20170301_161146	86.6	1.69212769e-05	1000000.0	5
20170301_161156	86.4	-0.000181946923	1000000.0	5
20170301_161206	86.4	0.000146464225	1000000.0	5
20170301_161216	86.0	-0.000182330031	1000000.0	5
20170301_161226	86.4	2.72504735e-05	1000000.0	5
20170301_161236	86.4	0.000168113598	1000000.0	5
20170301_161246	86.2	-0.000138812333	1000000.0	5
20170301_161255	86.7	0.000549928883	1000000.0	5
20170301_161306	86.6	-7.58689796e-05	1000000.0	5
20170301_161316	86.4	-8.66035043e-06	1000000.0	5
20170301_161326	86.6	0.000172819139	1000000.0	5
20170301_161336	86.6	-7.65761825e-05	1000000.0	5
20170301_161346	86.6	3.91379876e-05	1000000.0	5
20170301_161356	86.2	0.000150700578	1000000.0	5
20170301_161406	86.9	0.000151451523	1000000.0	5
20170301_161416	86.4	-0.000169948104	1000000.0	5
20170301_161426	86.6	-2.39228592e-05	1000000.0	5
20170301_161436	86.4	-0.000146938733	1000000.0	5
20170301_161446	86.4	2.63788918e-05	1000000.0	5
20170301_161456	86.7	-4.89870489e-05	1000000.0	5
20170301_161506	86.4	5.00392282e-06	1000000.0	5
20170301_161516	86.4	-0.000162549619	1000000.0	5
20170301_161526	87.5	2.55786043e-06	1000000.0	5
20170301_161536	86.7	-4.93341994e-05	1000000.0	5
20170301_161546	87.1	0.000187322297	1000000.0	5
20170301_161556	87.5	-6.23651371e-06	1000000.0	5
20170301_161606	87.9	-0.000211040249	1000000.0	5
20170301_161616	86.7	0.000117030072	1000000.0	5
20170301_161626	86.9	-0.000176745951	1000000.0	5
20170301_161636	86.9	0.000166624503	1000000.0	5
20170301_161646	86.9	-5.48794855e-05	1000000.0	5
20170301_161656	87.1	0.000161242017	1000000.0	5
20170301_161705	87.3	-0.000116950296	1000000.0	5
20170301_161716	86.7	0.000112136755	1000000.0	5
20170301_161726	87.1	-8.42862029e-05	1000000.0	5
20170301_161736	87.1	0.000176375587	1000000.0	5
20170301_161746	87.3	-2.25054565e-05	1000000.0	5
20170301_161756	86.7	9.69937944e-05	1000000.0	5
20170301_161806	87.3	0.00176496748	1000000.0	5
20170301_161816	87.5	-5.27953708e-05	1000000.0	5
20170301_161826	87.7	0.000164085285	1000000.0	5
20170301_161836	87.1	0.000166962796	1000000.0	5
20170301_161845	87.7	-0.000178521232	1000000.0	5
20170301_161856	87.3	-3.16506641e-06	1000000.0	5
20170301_161906	87.5	-6.30186924e-05	1000000.0	5
20170301_161916	87.5	-0.000108203211	1000000.0	5
20170301_161926	87.7	0.000173020216	1000000.0	5
20170301_161936	87.5	-0.000185472874	1000000.0	5
20170301_161946	87.7	7.95758611e-05	1000000.0	5
