20170217_130814	88.8	0.00017752191	1000000.0	8
20170217_130824	87.3	-0.000366373188	1000000.0	8
20170217_130834	87.7	0.000141304289	1000000.0	8
20170217_130844	87.5	3.51209393e-05	1000000.0	8
20170217_130854	87.5	6.64298826e-05	1000000.0	8
20170217_130904	87.7	7.26728759e-05	1000000.0	8
20170217_130914	87.7	2.96563694e-05	1000000.0	8
20170217_130924	87.9	1.0095725e-05	1000000.0	8
20170217_130934	87.7	4.1594091e-05	1000000.0	8
20170217_130944	87.5	8.72841134e-05	1000000.0	8
20170217_130954	87.7	4.28379854e-05	1000000.0	8
20170217_131004	87.7	8.77174574e-05	1000000.0	8
20170217_131014	87.7	2.95783465e-05	1000000.0	8
20170217_131024	87.3	0.00010740919	1000000.0	8
20170217_131034	87.1	0.000108308377	1000000.0	8
20170217_131044	86.9	-9.26600343e-06	1000000.0	8
20170217_131054	86.9	8.50486679e-05	1000000.0	8
20170217_131104	86.9	-3.38017034e-05	1000000.0	8
20170217_131114	86.9	2.05830443e-05	1000000.0	8
20170217_131124	86.7	9.86519544e-05	1000000.0	8
20170217_131134	86.4	-3.89470779e-05	1000000.0	8
20170217_131144	86.4	-3.41428294e-05	1000000.0	8
20170217_131154	86.6	1.67622679e-05	1000000.0	8
20170217_131204	86.6	-2.96006468e-05	1000000.0	8
20170217_131214	86.6	5.89210302e-06	1000000.0	8
20170217_131224	86.7	-3.09512878e-05	1000000.0	8
20170217_131234	86.7	-4.40764815e-05	1000000.0	8
20170217_131244	86.9	6.20026614e-05	1000000.0	8
20170217_131254	87.3	2.33207857e-05	1000000.0	8
20170217_131304	87.7	-3.15353178e-05	1000000.0	8
20170217_131314	87.5	7.33586447e-05	1000000.0	8
20170217_131324	87.5	-6.76773387e-05	1000000.0	8
20170217_131334	87.7	-4.68090414e-05	1000000.0	8
20170217_131344	87.5	-3.36515539e-05	1000000.0	8
20170217_131354	87.7	-3.95215894e-05	1000000.0	8
20170217_131404	87.7	-2.57139823e-05	1000000.0	8
20170217_131414	87.7	4.27491002e-05	1000000.0	8
20170217_131424	87.7	8.88957446e-05	1000000.0	8
20170217_131434	87.9	-5.61614354e-05	1000000.0	8
20170217_131444	88.1	-4.22090816e-05	1000000.0	8
20170217_131454	88.1	1.83371206e-05	1000000.0	8
20170217_131504	87.9	4.90013653e-05	1000000.0	8
20170217_131514	88.1	-4.53407901e-05	1000000.0	8
20170217_131524	88.1	3.01417166e-06	1000000.0	8
20170217_131534	88.3	2.74586051e-05	1000000.0	8
20170217_131544	88.4	0.000101569816	1000000.0	8
20170217_131554	88.1	1.83354169e-05	1000000.0	8
20170217_131604	88.3	-5.3959512e-05	1000000.0	8
20170217_131614	88.3	6.14578156e-05	1000000.0	8
20170217_131624	88.3	8.3532317e-05	1000000.0	8
20170217_131634	88.3	9.39150943e-05	1000000.0	8
20170217_131644	88.3	6.78424901e-05	1000000.0	8
20170217_131655	88.3	9.11670415e-05	1000000.0	8
20170217_131704	88.3	5.53334371e-06	1000000.0	8
20170217_131714	88.4	-2.52638525e-05	1000000.0	8
20170217_131724	88.4	-6.80159586e-06	1000000.0	8
20170217_131734	88.4	-3.86298951e-05	1000000.0	8
20170217_131744	88.4	-2.96747274e-05	1000000.0	8
20170217_131754	87.5	2.69878168e-05	1000000.0	8
20170217_131804	87.7	8.89956186e-06	1000000.0	8
20170217_131814	87.7	-4.14230028e-05	1000000.0	8
20170217_131825	87.7	-1.32352107e-05	1000000.0	8
20170217_131834	87.9	4.86624058e-06	1000000.0	8
20170217_131844	87.7	7.30606967e-05	1000000.0	8
20170217_131854	87.7	7.05439929e-05	1000000.0	8
20170217_131904	87.5	-7.24244224e-05	1000000.0	8
20170217_131914	87.3	7.60138195e-05	1000000.0	8
20170217_131924	87.5	-1.50684819e-05	1000000.0	8
20170217_131934	87.5	-1.82058761e-05	1000000.0	8
20170217_131944	87.5	4.76372511e-05	1000000.0	8
20170217_131954	87.7	-2.16863327e-05	1000000.0	8
20170217_132004	87.7	3.30765717e-05	1000000.0	8
20170217_132014	87.7	9.34282989e-05	1000000.0	8
20170217_132024	87.7	-2.11031994e-05	1000000.0	8
20170217_132034	87.7	5.8115084e-05	1000000.0	8
20170217_132044	87.9	9.69025728e-06	1000000.0	8
20170217_132054	87.5	-3.89921204e-05	1000000.0	8
20170217_132104	87.5	-1.00598415e-05	1000000.0	8
20170217_132114	87.3	7.5281895e-05	1000000.0	8
20170217_132124	87.3	2.65551551e-05	1000000.0	8
20170217_132134	87.1	-2.41811281e-05	1000000.0	8
20170217_132144	87.7	4.16953686e-06	1000000.0	8
20170217_132154	87.9	-4.39201199e-05	1000000.0	8
20170217_132204	88.3	-6.51606489e-05	1000000.0	8
20170217_132214	88.3	6.9053354e-05	1000000.0	8
20170217_132224	88.3	1.93501856e-05	1000000.0	8
20170217_132234	88.4	8.23537928e-05	1000000.0	8
20170217_132244	88.4	6.52816399e-05	1000000.0	8
20170217_132254	88.4	9.20810261e-05	1000000.0	8
20170217_132304	88.4	6.64717141e-05	1000000.0	8
20170217_132314	88.1	7.65358367e-05	1000000.0	8
20170217_132324	88.6	4.64335283e-05	1000000.0	8
20170217_132334	88.6	-6.5830306e-05	1000000.0	8
20170217_132344	88.6	1.69571572e-05	1000000.0	8
20170217_132354	88.6	8.24532924e-05	1000000.0	8
20170217_132404	88.6	-3.33630836e-05	1000000.0	8
20170217_132414	88.6	-3.23248382e-05	1000000.0	8
20170217_132424	88.6	-4.60110338e-05	1000000.0	8
20170217_132434	88.4	5.7489883e-05	1000000.0	8
20170217_132444	88.8	1.94952876e-05	1000000.0	8
20170217_132454	88.6	5.36686771e-05	1000000.0	8
20170217_132504	88.8	7.99855581e-05	1000000.0	8
20170217_132514	88.6	2.23611946e-05	1000000.0	8
20170217_132524	88.6	-2.24118806e-05	1000000.0	8
20170217_132534	88.6	8.47892816e-05	1000000.0	8
20170217_132544	88.4	3.19980145e-05	1000000.0	8
20170217_132554	88.4	-5.79103509e-05	1000000.0	8
20170217_132604	88.3	-3.74766402e-05	1000000.0	8
20170217_132614	88.1	-4.61358689e-05	1000000.0	8
20170217_132624	87.7	6.90037477e-05	1000000.0	8
20170217_132634	88.1	1.12572228e-05	1000000.0	8
20170217_132644	88.1	3.37169597e-05	1000000.0	8
20170217_132654	88.1	-4.62348198e-05	1000000.0	8
20170217_132704	88.1	-6.28536383e-05	1000000.0	8
20170217_132714	88.1	9.07144924e-05	1000000.0	8
20170217_132724	88.3	1.65939784e-05	1000000.0	8
20170217_132734	88.1	-2.23956107e-05	1000000.0	8
20170217_132744	86.7	1.38145601e-05	1000000.0	8
20170217_132754	87.9	-3.55357346e-05	1000000.0	8
20170217_132804	88.3	-3.8974442e-05	1000000.0	8
20170217_132814	88.1	-4.18334265e-05	1000000.0	8
20170217_132824	87.9	8.26426056e-05	1000000.0	8
20170217_132834	87.9	6.55096745e-05	1000000.0	8
20170217_132844	87.7	-2.51450315e-05	1000000.0	8
20170217_132854	87.9	-4.53520423e-06	1000000.0	8
20170217_132904	87.9	8.68460157e-05	1000000.0	8
20170217_132914	87.9	-3.31467189e-06	1000000.0	8
20170217_132924	87.9	-4.33262013e-05	1000000.0	8
20170217_132934	88.1	2.4687459e-05	1000000.0	8
20170217_132944	87.9	9.28297202e-05	1000000.0	8
20170217_132954	88.1	-7.23786134e-05	1000000.0	8
20170217_133004	88.1	-4.7358705e-05	1000000.0	8
20170217_133014	87.5	-9.02522934e-06	1000000.0	8
20170217_133024	87.5	7.14685669e-05	1000000.0	8
20170217_133034	87.5	-3.98631993e-05	1000000.0	8
20170217_133044	87.3	5.16182089e-06	1000000.0	8
20170217_133054	87.5	7.73387677e-05	1000000.0	8
20170217_133104	87.7	-1.54997163e-05	1000000.0	8
20170217_133114	87.9	8.64164959e-05	1000000.0	8
20170217_133124	87.9	-1.98479707e-05	1000000.0	8
20170217_133134	87.9	-4.81488507e-05	1000000.0	8
20170217_133144	87.9	5.64450919e-05	1000000.0	8
20170217_133154	88.1	8.30465347e-05	1000000.0	8
20170217_133204	83.5	7.56465629e-06	1000000.0	8
20170217_133214	87.5	7.77340748e-05	1000000.0	8
20170217_133224	87.7	3.16994115e-05	1000000.0	8
20170217_133234	87.7	-5.43042984e-05	1000000.0	8
20170217_133244	87.7	7.18708825e-05	1000000.0	8
20170217_133254	87.9	7.70558699e-05	1000000.0	8
20170217_133304	87.9	-1.05807015e-05	1000000.0	8
20170217_133314	87.7	7.50486952e-05	1000000.0	8
20170217_133324	88.1	8.33153403e-05	1000000.0	8
20170217_133334	87.9	-4.32342502e-05	1000000.0	8
20170217_133344	87.9	5.60273283e-05	1000000.0	8
20170217_133354	88.1	-3.50626845e-05	1000000.0	8
20170217_133404	88.3	-3.13398436e-05	1000000.0	8
20170217_133414	88.4	4.25274944e-05	1000000.0	8
20170217_133424	88.4	-4.6164755e-05	1000000.0	8
20170217_133434	88.3	-4.64835338e-05	1000000.0	8
20170217_133444	88.4	-2.93008102e-05	1000000.0	8
20170217_133454	88.6	6.07298294e-05	1000000.0	8
20170217_133504	88.3	2.26189759e-05	1000000.0	8
20170217_133514	88.3	7.68251546e-05	1000000.0	8
20170217_133524	88.3	-2.20658669e-05	1000000.0	8
20170217_133534	88.3	7.54161921e-05	1000000.0	8
20170217_133544	88.3	-4.2406772e-05	1000000.0	8
20170217_133554	88.3	-2.52916021e-05	1000000.0	8
20170217_133604	88.3	3.27977807e-05	1000000.0	8
20170217_133614	88.4	-1.32009275e-06	1000000.0	8
20170217_133624	88.4	-4.55438167e-05	1000000.0	8
20170217_133634	88.3	8.2937378e-05	1000000.0	8
20170217_133644	88.3	4.01606028e-05	1000000.0	8
20170217_133654	88.4	-3.81606939e-05	1000000.0	8
20170217_133704	88.4	1.09786512e-05	1000000.0	8
20170217_133714	88.3	-3.93070803e-05	1000000.0	8
20170217_133724	88.4	-5.7024152e-05	1000000.0	8
20170217_133734	88.4	7.33760369e-05	1000000.0	8
20170217_133744	88.6	-3.88786064e-05	1000000.0	8
20170217_133754	88.6	3.35900572e-05	1000000.0	8
20170217_133804	88.8	-1.84883348e-05	1000000.0	8
20170217_133814	89.4	-1.42817565e-05	1000000.0	8
20170217_133824	88.6	3.56942127e-05	1000000.0	8
20170217_133834	88.4	3.0091402e-05	1000000.0	8
20170217_133844	88.6	4.68840611e-05	1000000.0	8
20170217_133854	88.6	7.43368527e-05	1000000.0	8
20170217_133904	88.3	-1.06602896e-05	1000000.0	8
20170217_133914	88.6	8.02276201e-06	1000000.0	8
20170217_133924	88.8	-4.47265515e-05	1000000.0	8
20170217_133934	88.6	-2.29777805e-05	1000000.0	8
20170217_133944	88.6	4.43413289e-05	1000000.0	8
20170217_133954	88.6	-2.86910154e-05	1000000.0	8
20170217_134004	88.8	6.41210483e-05	1000000.0	8
20170217_134014	88.8	-7.35065946e-06	1000000.0	8
20170217_134024	89.0	3.83010125e-05	1000000.0	8
20170217_134034	88.8	-5.10285896e-05	1000000.0	8
20170217_134044	88.8	7.17512579e-05	1000000.0	8
20170217_134054	88.8	-3.59734702e-05	1000000.0	8
20170217_134104	88.8	5.52189855e-05	1000000.0	8
20170217_134114	87.5	6.47170639e-05	1000000.0	8
20170217_134124	88.3	1.27533752e-05	1000000.0	8
20170217_134134	87.9	2.05041914e-05	1000000.0	8
20170217_134144	87.9	-4.95722604e-05	1000000.0	8
20170217_134154	87.9	8.63249713e-05	1000000.0	8
20170217_134204	87.1	4.7598481e-05	1000000.0	8
20170217_134214	87.1	-2.44487457e-05	1000000.0	8
20170217_134224	87.1	6.47394473e-05	1000000.0	8
20170217_134234	86.9	7.9374636e-05	1000000.0	8
20170217_134244	87.3	-4.39833295e-05	1000000.0	8
20170217_134254	87.3	7.06035235e-05	1000000.0	8
20170217_134304	87.5	1.61409006e-05	1000000.0	8
20170217_134314	87.5	4.32741155e-05	1000000.0	8
20170217_134324	87.5	-5.34892703e-05	1000000.0	8
20170217_134334	87.7	6.96255348e-05	1000000.0	8
20170217_134344	87.7	4.32556327e-05	1000000.0	8
20170217_134354	87.7	-4.55247115e-05	1000000.0	8
20170217_134404	87.9	9.46284564e-06	1000000.0	8
20170217_134414	88.1	2.41003572e-05	1000000.0	8
20170217_134424	88.8	8.6743595e-05	1000000.0	8
20170217_134434	89.2	7.78709713e-05	1000000.0	8
20170217_134444	89.0	-4.86906434e-05	1000000.0	8
20170217_134454	88.6	-6.00858354e-05	1000000.0	8
20170217_134504	88.6	-1.50653027e-06	1000000.0	8
20170217_134514	88.4	-4.99926439e-05	1000000.0	8
20170217_134524	87.3	4.39651753e-05	1000000.0	8
20170217_134534	87.5	-6.31608709e-06	1000000.0	8
20170217_134544	87.3	2.60093204e-05	1000000.0	8
20170217_134555	87.3	-3.16926437e-05	1000000.0	8
20170217_134604	87.3	2.16646981e-05	1000000.0	8
20170217_134614	87.3	3.66397763e-05	1000000.0	8
20170217_134624	87.1	5.64357463e-05	1000000.0	8
20170217_134634	87.3	2.82724985e-05	1000000.0	8
20170217_134644	87.1	6.44457347e-05	1000000.0	8
20170217_134654	87.1	-5.07341414e-05	1000000.0	8
20170217_134704	87.3	-2.75448043e-05	1000000.0	8
20170217_134714	87.3	-5.62612545e-05	1000000.0	8
20170217_134724	87.3	-1.80803567e-05	1000000.0	8
20170217_134734	87.3	-3.22219436e-05	1000000.0	8
20170217_134744	87.5	6.86562554e-07	1000000.0	8
20170217_134754	87.5	8.30580204e-05	1000000.0	8
20170217_134804	87.5	4.80782173e-05	1000000.0	8
20170217_134814	87.5	-2.48621552e-05	1000000.0	8
20170217_134824	87.5	-3.49588747e-05	1000000.0	8
20170217_134834	87.5	6.36276458e-05	1000000.0	8
20170217_134844	87.5	9.98327412e-06	1000000.0	8
20170217_134854	87.7	0.000149074013	1000000.0	8
20170217_134904	87.7	-1.16807349e-05	1000000.0	8
20170217_134914	87.7	-3.57478917e-05	1000000.0	8
20170217_134924	87.7	-4.51377688e-05	1000000.0	8
20170217_134934	87.9	6.1639174e-05	1000000.0	8
20170217_134944	88.1	-4.38525966e-05	1000000.0	8
20170217_134954	88.8	2.47870947e-05	1000000.0	8
20170217_135004	89.0	1.77277179e-05	1000000.0	8
20170217_135014	88.6	-6.53622884e-06	1000000.0	8
20170217_135024	88.6	7.81036593e-05	1000000.0	8
20170217_135034	89.0	-1.93196591e-06	1000000.0	8
20170217_135044	88.8	6.19086207e-05	1000000.0	8
20170217_135054	88.8	-3.80501747e-05	1000000.0	8
20170217_135104	89.0	2.24829123e-06	1000000.0	8
20170217_135114	87.9	-3.19324424e-05	1000000.0	8
20170217_135124	87.7	2.15349036e-05	1000000.0	8
20170217_135134	88.1	5.69035629e-05	1000000.0	8
20170217_135144	88.4	7.63379637e-05	1000000.0	8
20170217_135154	88.1	-2.88012593e-05	1000000.0	8
20170217_135204	88.1	-5.79797847e-05	1000000.0	8
20170217_135214	87.9	0.0016062575	1000000.0	8
20170217_135224	88.3	-5.74035719e-05	1000000.0	8
20170217_135234	87.5	7.30049426e-05	1000000.0	8
20170217_135244	88.3	-1.40346001e-05	1000000.0	8
20170217_135254	88.1	-2.30382943e-05	1000000.0	8
20170217_135304	88.3	6.75265974e-05	1000000.0	8
20170217_135314	88.3	-5.19047454e-05	1000000.0	8
20170217_135324	88.3	5.43252094e-05	1000000.0	8
20170217_135334	88.1	-3.88477811e-05	1000000.0	8
20170217_135344	88.3	5.78765396e-05	1000000.0	8
20170217_135354	88.1	-4.88781308e-05	1000000.0	8
20170217_135404	88.3	7.66596313e-05	1000000.0	8
20170217_135414	88.4	0.00329020219	1000000.0	8
20170217_135424	88.3	-0.000178263869	1000000.0	8
20170217_135434	88.6	0.000172402283	1000000.0	8
20170217_135444	88.6	-0.000167795736	1000000.0	8
20170217_135454	88.8	-1.84552233e-05	1000000.0	8
20170217_135504	89.0	-2.84323541e-05	1000000.0	8
20170217_135514	89.0	5.96451734e-05	1000000.0	8
20170217_135524	89.0	-2.78731903e-05	1000000.0	8
20170217_135534	89.2	1.16011925e-05	1000000.0	8
20170217_135544	89.0	2.57270236e-05	1000000.0	8
20170217_135554	89.0	1.18940508e-05	1000000.0	8
20170217_135604	89.0	-4.83343706e-05	1000000.0	8
20170217_135614	88.6	3.29544291e-05	1000000.0	8
20170217_135624	88.8	-2.43052405e-05	1000000.0	8
20170217_135634	89.2	2.35932026e-05	1000000.0	8
20170217_135644	89.2	-4.83074972e-05	1000000.0	8
20170217_135654	89.2	1.0681585e-05	1000000.0	8
20170217_135704	89.6	7.05605114e-05	1000000.0	8
20170217_135714	89.4	-1.56596936e-05	1000000.0	8
20170217_135724	89.2	4.297763e-07	1000000.0	8
20170217_135734	89.4	-5.16403685e-05	1000000.0	8
20170217_135744	89.4	-4.46994149e-05	1000000.0	8
20170217_135754	89.6	-3.71691e-05	1000000.0	8
20170217_135804	89.4	-4.99433632e-05	1000000.0	8
20170217_135814	89.2	1.94246975e-05	1000000.0	8
20170217_135824	89.2	-1.9287869e-05	1000000.0	8
20170217_135834	89.8	-3.77120569e-05	1000000.0	8
20170217_135844	89.8	0.00107301294	1000000.0	8
20170217_135854	89.8	-5.45261233e-05	1000000.0	8
20170217_135904	89.8	7.14680187e-05	1000000.0	8
20170217_135914	89.8	-2.86082535e-05	1000000.0	8
20170217_135924	89.8	2.87032004e-05	1000000.0	8
20170217_135934	90.0	3.09125297e-05	1000000.0	8
20170217_135944	89.8	5.24339787e-05	1000000.0	8
20170217_135954	89.8	-2.1165112e-05	1000000.0	8
20170217_140004	89.8	7.20967252e-05	1000000.0	8
20170217_140014	89.6	1.68564989e-07	1000000.0	8
20170217_140024	89.6	8.16955633e-05	1000000.0	8
20170217_140034	89.6	-4.62504026e-05	1000000.0	8
20170217_140044	89.6	-5.26323407e-05	1000000.0	8
20170217_140054	89.8	3.6561202e-05	1000000.0	8
20170217_140104	89.8	0.000118129507	1000000.0	8
20170217_140114	89.8	1.21276139e-05	1000000.0	8
20170217_140124	89.6	-5.41890281e-05	1000000.0	8
20170217_140134	89.8	1.05714074e-06	1000000.0	8
20170217_140144	89.6	-1.89234727e-05	1000000.0	8
20170217_140154	89.8	-6.02858681e-05	1000000.0	8
20170217_140204	89.6	6.88220424e-06	1000000.0	8
20170217_140214	89.6	8.66515225e-05	1000000.0	8
20170217_140224	88.3	-4.96195566e-05	1000000.0	8
20170217_140234	88.6	-4.69663969e-05	1000000.0	8
20170217_140244	88.8	8.61244426e-05	1000000.0	8
20170217_140254	88.8	-5.0080027e-05	1000000.0	8
20170217_140304	89.0	-4.96980512e-05	1000000.0	8
20170217_140314	89.0	7.18191786e-06	1000000.0	8
20170217_140324	89.0	-8.15386708e-06	1000000.0	8
20170217_140334	89.0	-2.04808332e-05	1000000.0	8
20170217_140344	88.8	-5.1188582e-05	1000000.0	8
20170217_140354	88.8	-4.64150598e-05	1000000.0	8
20170217_140404	88.8	9.92389055e-06	1000000.0	8
20170217_140414	89.0	1.9100124e-05	1000000.0	8
20170217_140424	88.8	7.89984053e-05	1000000.0	8
20170217_140434	89.0	8.20743014e-05	1000000.0	8
20170217_140444	88.8	5.81384324e-05	1000000.0	8
20170217_140454	88.8	-5.11981334e-05	1000000.0	8
20170217_140504	88.8	-1.22579896e-05	1000000.0	8
20170217_140514	88.8	2.60957933e-05	1000000.0	8
20170217_140524	87.1	-8.77608806e-07	1000000.0	8
20170217_140534	87.1	-3.57918363e-05	1000000.0	8
20170217_140544	87.1	2.58875998e-05	1000000.0	8
20170217_140554	87.3	-3.5916658e-05	1000000.0	8
20170217_140604	87.5	6.83305728e-05	1000000.0	8
20170217_140614	87.5	7.79639118e-05	1000000.0	8
20170217_140624	87.5	-5.86143529e-05	1000000.0	8
20170217_140634	87.7	-3.53497966e-05	1000000.0	8
20170217_140644	87.7	-4.99813258e-05	1000000.0	8
20170217_140654	87.9	-3.68094975e-06	1000000.0	8
20170217_140704	88.1	5.39373371e-06	1000000.0	8
20170217_140714	88.1	-2.77163402e-05	1000000.0	8
20170217_140724	88.1	4.92757121e-05	1000000.0	8
20170217_140734	88.4	-4.37610673e-05	1000000.0	8
20170217_140744	88.8	7.35874096e-05	1000000.0	8
20170217_140754	89.0	-3.86663198e-05	1000000.0	8
20170217_140804	88.6	5.67707951e-05	1000000.0	8
20170217_140814	88.6	3.11030915e-05	1000000.0	8
20170217_140824	88.8	-4.71359928e-05	1000000.0	8
20170217_140834	88.4	6.98153819e-05	1000000.0	8
20170217_140844	88.4	1.8399331e-05	1000000.0	8
20170217_140854	88.8	-4.54788204e-05	1000000.0	8
20170217_140904	89.2	-4.90492786e-05	1000000.0	8
20170217_140914	89.4	-3.64019453e-05	1000000.0	8
20170217_140924	89.2	8.08838082e-05	1000000.0	8
20170217_140934	89.6	-1.95522959e-05	1000000.0	8
20170217_140944	88.8	-5.90448834e-05	1000000.0	8
20170217_140954	89.0	-4.7948171e-05	1000000.0	8
20170217_141004	89.4	-1.25742209e-05	1000000.0	8
20170217_141014	89.0	-4.86566306e-05	1000000.0	8
20170217_141024	89.4	-5.45404417e-05	1000000.0	8
20170217_141034	89.4	-3.55634564e-05	1000000.0	8
20170217_141044	89.4	-4.86937477e-05	1000000.0	8
20170217_141054	89.4	5.98056879e-05	1000000.0	8
20170217_141104	89.4	-1.41431369e-05	1000000.0	8
20170217_141114	89.4	-3.89247787e-05	1000000.0	8
20170217_141124	89.4	-6.0139911e-05	1000000.0	8
20170217_141134	89.4	2.9839921e-05	1000000.0	8
20170217_141144	89.4	2.54463575e-05	1000000.0	8
20170217_141154	89.4	-6.01515814e-05	1000000.0	8
20170217_141204	89.4	-2.49540929e-05	1000000.0	8
20170217_141214	89.4	5.39169728e-05	1000000.0	8
20170217_141224	89.6	8.16852842e-05	1000000.0	8
20170217_141234	87.9	-4.21955025e-05	1000000.0	8
20170217_141244	87.7	-3.09484542e-05	1000000.0	8
20170217_141254	88.3	-3.09798846e-05	1000000.0	8
20170217_141304	88.3	-2.43596056e-05	1000000.0	8
20170217_141314	88.1	-3.80323113e-05	1000000.0	8
20170217_141324	88.1	-2.93174853e-05	1000000.0	8
20170217_141334	87.5	-5.32510137e-05	1000000.0	8
20170217_141344	87.9	6.13354903e-05	1000000.0	8
20170217_141354	87.9	-5.5708556e-05	1000000.0	8
20170217_141404	88.1	-1.71974008e-05	1000000.0	8
20170217_141414	88.1	-5.20184986e-05	1000000.0	8
20170217_141424	88.1	-4.70082726e-05	1000000.0	8
20170217_141434	88.3	-5.67711159e-05	1000000.0	8
20170217_141444	88.3	-2.4493303e-05	1000000.0	8
20170217_141454	88.4	4.63525367e-05	1000000.0	8
20170217_141504	88.3	5.21380987e-06	1000000.0	8
20170217_141514	88.3	-5.93957547e-05	1000000.0	8
20170217_141524	88.4	-5.83520394e-05	1000000.0	8
20170217_141534	88.3	-5.67844617e-05	1000000.0	8
20170217_141544	88.1	-4.64525421e-05	1000000.0	8
20170217_141554	88.1	-2.52950376e-05	1000000.0	8
20170217_141604	88.1	7.34917517e-05	1000000.0	8
20170217_141614	88.3	5.59504448e-05	1000000.0	8
20170217_141624	88.1	-4.58902102e-05	1000000.0	8
20170217_141634	88.1	-5.20526088e-05	1000000.0	8
20170217_141644	88.1	-4.70836725e-05	1000000.0	8
20170217_141654	88.3	-5.2092357e-05	1000000.0	8
20170217_141704	88.3	2.28769955e-05	1000000.0	8
20170217_141714	88.3	7.32669121e-05	1000000.0	8
20170217_141724	88.3	-2.66854766e-05	1000000.0	8
20170217_141734	88.4	-3.96429097e-06	1000000.0	8
20170217_141744	88.3	1.51289858e-06	1000000.0	8
20170217_141754	88.1	3.72895913e-05	1000000.0	8
20170217_141804	88.3	4.52107971e-05	1000000.0	8
20170217_141814	87.5	8.26970416e-05	1000000.0	8
20170217_141824	87.7	-6.10826194e-05	1000000.0	8
20170217_141834	87.9	2.09032152e-05	1000000.0	8
20170217_141844	87.7	7.47030725e-05	1000000.0	8
20170217_141854	87.9	-8.06039335e-06	1000000.0	8
20170217_141904	87.7	3.76571213e-05	1000000.0	8
20170217_141914	87.9	8.51476597e-05	1000000.0	8
20170217_141924	88.1	-3.69927077e-05	1000000.0	8
20170217_141934	88.1	4.84952333e-05	1000000.0	8
20170217_141944	88.1	5.17190567e-05	1000000.0	8
20170217_141954	89.0	1.76442025e-05	1000000.0	8
20170217_142004	88.8	5.56505008e-05	1000000.0	8
20170217_142014	88.6	-5.99566918e-05	1000000.0	8
20170217_142024	88.8	-4.69109145e-05	1000000.0	8
20170217_142034	88.8	-5.28791871e-05	1000000.0	8
20170217_142044	89.0	-4.24884779e-05	1000000.0	8
20170217_142054	89.0	4.15359729e-06	1000000.0	8
20170217_142104	89.0	-5.61070025e-05	1000000.0	8
20170217_142114	89.0	-4.55375442e-05	1000000.0	8
20170217_142124	89.2	4.15246079e-05	1000000.0	8
20170217_142134	89.0	-5.1556586e-05	1000000.0	8
20170217_142144	88.6	-4.96745532e-05	1000000.0	8
20170217_142154	88.4	8.12960795e-05	1000000.0	8
20170217_142204	88.3	8.65615519e-05	1000000.0	8
20170217_142214	89.4	8.33470358e-05	1000000.0	8
20170217_142224	89.0	8.50052123e-05	1000000.0	8
20170217_142234	89.0	5.98181993e-05	1000000.0	8
20170217_142244	89.0	-5.37680467e-06	1000000.0	8
20170217_142254	89.0	-4.81990958e-05	1000000.0	8
20170217_142304	89.2	-2.23701873e-05	1000000.0	8
20170217_142314	88.8	7.92969254e-05	1000000.0	8
20170217_142324	88.8	-7.81398365e-06	1000000.0	8
20170217_142334	89.2	4.43859203e-05	1000000.0	8
20170217_142344	88.8	-4.15864728e-05	1000000.0	8
20170217_142354	88.8	7.715446e-05	1000000.0	8
20170217_142404	89.2	-3.93648279e-05	1000000.0	8
20170217_142414	89.0	7.10992325e-05	1000000.0	8
20170217_142424	89.2	3.51288893e-05	1000000.0	8
20170217_142434	89.2	-3.3588685e-06	1000000.0	8
20170217_142444	89.0	-4.76456358e-05	1000000.0	8
20170217_142454	89.0	-6.8454423e-05	1000000.0	8
20170217_142504	89.0	-1.47483371e-05	1000000.0	8
20170217_142514	89.0	-6.29051391e-05	1000000.0	8
20170217_142524	89.0	2.25681235e-05	1000000.0	8
20170217_142534	89.2	-9.93212921e-06	1000000.0	8
20170217_142544	89.0	6.20079472e-05	1000000.0	8
20170217_142554	89.0	8.11297003e-05	1000000.0	8
20170217_142604	88.8	2.80700611e-05	1000000.0	8
20170217_142614	89.2	7.71382517e-05	1000000.0	8
20170217_142624	89.4	4.64024572e-05	1000000.0	8
20170217_142634	89.2	0.00288359526	1000000.0	8
20170217_142644	88.8	7.13004565e-05	1000000.0	8
20170217_142654	88.8	-9.73968565e-05	1000000.0	8
20170217_142704	89.2	-4.08139537e-05	1000000.0	8
20170217_142714	89.2	4.98359663e-05	1000000.0	8
20170217_142724	88.8	7.30230456e-05	1000000.0	8
20170217_142734	88.8	4.21786264e-06	1000000.0	8
20170217_142745	88.8	5.07418244e-05	1000000.0	8
20170217_142754	89.2	5.49356927e-05	1000000.0	8
20170217_142804	89.4	-5.88989378e-05	1000000.0	8
20170217_142814	89.6	-5.76935966e-05	1000000.0	8
20170217_142824	88.8	1.44137462e-05	1000000.0	8
20170217_142834	89.0	-5.07915665e-05	1000000.0	8
20170217_142844	89.4	-5.3006914e-05	1000000.0	8
20170217_142854	89.6	-3.9891032e-05	1000000.0	8
20170217_142904	89.4	-4.45843252e-05	1000000.0	8
20170217_142914	88.6	-3.33813163e-05	1000000.0	8
20170217_142924	89.0	-4.72753743e-05	1000000.0	8
20170217_142934	89.0	-5.48734353e-06	1000000.0	8
20170217_142944	88.8	-5.13791651e-05	1000000.0	8
20170217_142954	88.8	-3.70752562e-05	1000000.0	8
20170217_143004	89.0	7.50806203e-05	1000000.0	8
20170217_143014	89.0	-4.81170633e-05	1000000.0	8
20170217_143024	89.0	-5.7249195e-05	1000000.0	8
20170217_143034	89.0	5.39093317e-05	1000000.0	8
20170217_143044	89.0	4.07404988e-05	1000000.0	8
20170217_143054	89.2	6.1031325e-05	1000000.0	8
20170217_143104	89.2	-3.98847383e-05	1000000.0	8
20170217_143114	89.2	5.35438695e-05	1000000.0	8
20170217_143124	89.0	-4.69281726e-05	1000000.0	8
20170217_143134	89.2	7.97117727e-05	1000000.0	8
20170217_143144	89.2	-6.29378135e-06	1000000.0	8
20170217_143154	89.6	-5.7889639e-05	1000000.0	8
20170217_143204	89.6	6.91236274e-05	1000000.0	8
20170217_143214	89.6	-2.00241834e-05	1000000.0	8
20170217_143224	89.6	-4.62225758e-05	1000000.0	8
20170217_143234	89.6	1.96988993e-05	1000000.0	8
20170217_143244	89.4	3.53721238e-05	1000000.0	8
20170217_143254	89.6	-6.2257767e-05	1000000.0	8
20170217_143304	89.6	3.17918531e-05	1000000.0	8
20170217_143314	89.6	-4.79016421e-05	1000000.0	8
20170217_143324	89.6	-2.90250047e-05	1000000.0	8
20170217_143334	89.6	5.55484917e-05	1000000.0	8
20170217_143344	89.0	2.31153569e-05	1000000.0	8
20170217_143354	89.2	9.61190739e-06	1000000.0	8
20170217_143404	89.0	7.74757009e-05	1000000.0	8
20170217_143414	89.2	-1.09075486e-06	1000000.0	8
20170217_143424	89.0	-5.22562995e-05	1000000.0	8
20170217_143434	89.2	4.37534982e-05	1000000.0	8
20170217_143444	89.0	6.17474641e-05	1000000.0	8
20170217_143454	89.2	-4.25333672e-05	1000000.0	8
20170217_143504	87.9	3.51138336e-05	1000000.0	8
20170217_143514	88.6	-1.08252673e-05	1000000.0	8
20170217_143524	88.4	-5.37352019e-05	1000000.0	8
20170217_143534	88.4	1.18680063e-05	1000000.0	8
20170217_143544	88.6	4.11183474e-05	1000000.0	8
20170217_143554	88.6	8.4083537e-06	1000000.0	8
20170217_143604	88.8	-1.20937485e-05	1000000.0	8
20170217_143614	88.6	2.70313393e-05	1000000.0	8
20170217_143624	88.6	-5.11563891e-05	1000000.0	8
20170217_143634	88.6	-5.55932941e-05	1000000.0	8
20170217_143644	88.6	-5.38398351e-05	1000000.0	8
20170217_143654	88.6	-5.01556158e-05	1000000.0	8
20170217_143704	88.8	3.60627095e-05	1000000.0	8
20170217_143714	89.0	-2.77142307e-05	1000000.0	8
20170217_143724	89.0	-1.30588458e-05	1000000.0	8
20170217_143734	89.2	7.48186014e-05	1000000.0	8
20170217_143744	89.0	7.23726365e-05	1000000.0	8
20170217_143754	89.2	-4.81962883e-05	1000000.0	8
20170217_143804	89.4	3.71956459e-05	1000000.0	8
20170217_143814	89.4	-2.55680983e-05	1000000.0	8
20170217_143824	89.6	-5.50156065e-05	1000000.0	8
20170217_143834	89.0	1.76428305e-05	1000000.0	8
20170217_143844	89.0	-4.55883766e-05	1000000.0	8
20170217_143854	89.2	0.000163028507	1000000.0	8
20170217_143904	89.6	7.51212474e-05	1000000.0	8
20170217_143914	89.6	4.7517486e-05	1000000.0	8
20170217_143924	89.8	-6.20914082e-05	1000000.0	8
20170217_143934	89.6	-1.8693578e-05	1000000.0	8
20170217_143944	89.8	4.40270016e-05	1000000.0	8
20170217_143954	90.0	-4.02544654e-05	1000000.0	8
20170217_144004	89.8	7.02843898e-05	1000000.0	8
20170217_144014	90.1	1.0609152e-05	1000000.0	8
20170217_144024	90.1	-1.89385838e-05	1000000.0	8
20170217_144034	90.1	2.33911762e-05	1000000.0	8
20170217_144044	90.1	4.52321053e-05	1000000.0	8
20170217_144054	90.1	-5.33097288e-05	1000000.0	8
20170217_144104	90.1	6.3687844e-05	1000000.0	8
20170217_144114	90.0	-4.1049103e-05	1000000.0	8
20170217_144124	90.1	2.43866859e-05	1000000.0	8
20170217_144134	89.8	-3.50218528e-05	1000000.0	8
20170217_144144	89.6	-2.66665564e-05	1000000.0	8
20170217_144154	89.6	-3.94455182e-06	1000000.0	8
20170217_144204	89.4	-3.04005561e-05	1000000.0	8
20170217_144214	89.2	6.68141148e-05	1000000.0	8
20170217_144224	89.0	-2.22880193e-05	1000000.0	8
20170217_144234	88.8	-7.1795429e-05	1000000.0	8
20170217_144245	88.3	-5.39484465e-05	1000000.0	8
20170217_144254	88.8	3.91256889e-05	1000000.0	8
20170217_144304	88.4	-2.48537619e-05	1000000.0	8
20170217_144314	88.1	-5.06536716e-05	1000000.0	8
20170217_144324	88.8	9.10487049e-06	1000000.0	8
20170217_144334	88.6	-9.97603963e-06	1000000.0	8
20170217_144344	89.0	-5.10715931e-05	1000000.0	8
20170217_144355	89.0	7.69169686e-05	1000000.0	8
20170217_144404	89.2	-5.27066082e-05	1000000.0	8
20170217_144414	89.2	-4.92957544e-05	1000000.0	8
20170217_144424	89.2	-4.98920126e-05	1000000.0	8
20170217_144434	89.4	7.34617483e-05	1000000.0	8
20170217_144444	89.4	4.81035801e-06	1000000.0	8
20170217_144454	89.8	-2.5549092e-05	1000000.0	8
20170217_144504	89.6	-3.09710553e-05	1000000.0	8
20170217_144514	89.6	-3.54356758e-05	1000000.0	8
20170217_144524	89.4	-4.2887236e-05	1000000.0	8
20170217_144534	89.8	-4.79806951e-05	1000000.0	8
20170217_144544	89.8	-1.6541044e-06	1000000.0	8
20170217_144554	89.6	7.73022876e-05	1000000.0	8
20170217_144604	90.0	5.61641152e-05	1000000.0	8
20170217_144614	88.6	-5.13103941e-05	1000000.0	8
20170217_144624	89.0	5.84467353e-05	1000000.0	8
20170217_144634	89.4	6.38821029e-06	1000000.0	8
20170217_144644	89.4	-4.39187389e-05	1000000.0	8
20170217_144654	89.4	-5.88398954e-05	1000000.0	8
20170217_144704	89.6	-3.50389748e-05	1000000.0	8
20170217_144714	89.4	-2.01478183e-05	1000000.0	8
20170217_144724	89.6	-4.29480835e-05	1000000.0	8
20170217_144734	89.4	7.665603e-05	1000000.0	8
20170217_144744	89.2	-3.98779182e-05	1000000.0	8
20170217_144754	89.2	3.45485726e-05	1000000.0	8
20170217_144804	89.4	7.66643097e-06	1000000.0	8
20170217_144814	89.6	-3.267292e-05	1000000.0	8
20170217_144824	89.4	7.67954946e-05	1000000.0	8
20170217_144834	89.2	-4.8153789e-05	1000000.0	8
20170217_144844	89.2	5.3352967e-05	1000000.0	8
20170217_144854	89.0	5.26412153e-05	1000000.0	8
20170217_144904	89.0	7.75045754e-05	1000000.0	8
20170217_144914	89.0	-5.12003241e-05	1000000.0	8
20170217_144924	89.2	5.1898256e-05	1000000.0	8
20170217_144934	89.6	-4.61174274e-05	1000000.0	8
20170217_144944	89.4	7.05670966e-06	1000000.0	8
20170217_144954	89.6	-4.66252157e-05	1000000.0	8
20170217_145004	90.0	5.16944075e-05	1000000.0	8
20170217_145014	89.2	2.52412028e-06	1000000.0	8
20170217_145024	90.0	6.7100275e-05	1000000.0	8
20170217_145034	89.2	-3.85169366e-05	1000000.0	8
20170217_145044	89.6	7.53257477e-05	1000000.0	8
20170217_145054	89.2	1.32348562e-06	1000000.0	8
20170217_145104	90.1	-4.26899585e-05	1000000.0	8
20170217_145114	89.6	-4.85275313e-05	1000000.0	8
20170217_145124	89.4	4.90250628e-05	1000000.0	8
20170217_145134	90.1	2.43400809e-05	1000000.0	8
20170217_145144	90.1	7.08816493e-05	1000000.0	8
20170217_145154	90.1	-3.77538246e-05	1000000.0	8
20170217_145204	90.1	-1.0871627e-05	1000000.0	8
20170217_145214	90.0	-4.21501753e-05	1000000.0	8
20170217_145224	90.1	-4.70328907e-05	1000000.0	8
20170217_145234	90.1	4.67404731e-06	1000000.0	8
20170217_145244	90.1	-3.6632572e-05	1000000.0	8
20170217_145254	90.3	-3.33220087e-05	1000000.0	8
20170217_145304	90.5	4.87441155e-05	1000000.0	8
20170217_145314	90.1	-2.92267245e-05	1000000.0	8
20170217_145324	90.1	5.68319767e-06	1000000.0	8
20170217_145334	90.3	2.56562429e-05	1000000.0	8
20170217_145344	89.8	-5.65376272e-05	1000000.0	8
20170217_145354	89.6	1.27287906e-05	1000000.0	8
20170217_145404	89.0	8.87542183e-06	1000000.0	8
20170217_145414	89.2	5.66478107e-05	1000000.0	8
20170217_145424	89.0	4.31243247e-05	1000000.0	8
20170217_145434	88.8	4.91211819e-05	1000000.0	8
20170217_145444	89.0	1.07492331e-05	1000000.0	8
20170217_145454	88.8	-2.59615965e-05	1000000.0	8
20170217_145504	88.8	6.77902063e-05	1000000.0	8
20170217_145514	89.0	-4.03375773e-05	1000000.0	8
20170217_145524	88.8	-4.48129343e-05	1000000.0	8
20170217_145534	88.8	-2.20604294e-05	1000000.0	8
20170217_145544	89.0	-4.15928363e-05	1000000.0	8
20170217_145554	89.0	6.99809181e-05	1000000.0	8
20170217_145604	89.0	-3.08984425e-05	1000000.0	8
20170217_145614	89.0	2.85253657e-05	1000000.0	8
