20170118_103938	86.9	-1.6377509	1000000.0	12
20170118_103948	86.4	-1.6372888	1000000.0	12
20170118_103957	86.6	-1.64534353	1000000.0	12
20170118_104007	86.4	-1.64218521	1000000.0	12
20170118_104017	86.7	-1.64171623	1000000.0	12
20170118_104027	87.5	-1.63763581	1000000.0	12
20170118_104037	87.3	-1.64386393	1000000.0	12
20170118_104047	87.7	-1.64674052	1000000.0	12
20170118_104057	87.9	-1.64713651	1000000.0	12
20170118_104107	87.5	-1.64896399	1000000.0	12
20170118_104117	87.3	-1.64998032	1000000.0	12
20170118_104128	87.7	-1.64667282	1000000.0	12
20170118_104138	87.9	-1.64927443	1000000.0	12
20170118_104148	87.9	-1.65053002	1000000.0	12
20170118_104157	89.2	-1.65105919	1000000.0	12
20170118_104208	88.3	-1.65667318	1000000.0	12
20170118_104218	88.3	-1.65684817	1000000.0	12
20170118_104227	88.4	-1.65950913	1000000.0	12
20170118_104237	88.3	-1.65891062	1000000.0	12
20170118_104247	88.4	-1.65866043	1000000.0	12
20170118_104257	88.1	-1.65952882	1000000.0	12
20170118_104307	88.4	-1.66024536	1000000.0	12
20170118_104318	88.6	-1.65733083	1000000.0	12
20170118_104328	89.2	-1.65782416	1000000.0	12
20170118_104338	89.0	-1.65924657	1000000.0	12
20170118_104348	89.2	-1.65987821	1000000.0	12
20170118_104358	89.2	-1.65563171	1000000.0	12
20170118_104408	89.4	-1.64974246	1000000.0	12
20170118_104418	89.6	-1.65900058	1000000.0	12
20170118_104428	89.4	-1.66134684	1000000.0	12
20170118_104438	89.6	-1.66113456	1000000.0	12
20170118_104448	89.8	-1.65995631	1000000.0	12
20170118_104458	90.0	-1.65814965	1000000.0	12
20170118_104507	90.0	-1.66185365	1000000.0	12
20170118_104518	90.0	-1.66133458	1000000.0	12
20170118_104528	90.5	-1.66001951	1000000.0	12
20170118_104538	90.5	-1.65885958	1000000.0	12
20170118_104547	90.7	-1.65931883	1000000.0	12
20170118_104557	90.5	-1.6586369	1000000.0	12
20170118_104608	90.9	-1.65945304	1000000.0	12
20170118_104617	90.5	-1.66103085	1000000.0	12
20170118_104627	90.3	-1.65322756	1000000.0	12
20170118_104637	90.3	-1.65450568	1000000.0	12
20170118_104647	90.3	-1.65600617	1000000.0	12
20170118_104657	90.5	-1.6613298	1000000.0	12
20170118_104707	90.9	-1.65801109	1000000.0	12
20170118_104717	90.7	-1.65316529	1000000.0	12
20170118_104727	90.5	-1.65607518	1000000.0	12
20170118_104737	91.3	-1.65916113	1000000.0	12
20170118_104747	90.9	-1.65701949	1000000.0	12
20170118_104757	90.9	-1.65134161	1000000.0	12
20170118_104807	91.1	-1.65378471	1000000.0	12
20170118_104817	90.9	-1.65288177	1000000.0	12
20170118_104827	90.7	-1.64884413	1000000.0	12
20170118_104837	90.9	-1.64927066	1000000.0	12
20170118_104847	91.5	-1.64942055	1000000.0	12
20170118_104857	91.5	-1.65509308	1000000.0	12
20170118_104907	92.0	-1.65584335	1000000.0	12
20170118_104917	92.6	-1.65368363	1000000.0	12
20170118_104927	92.4	-1.65937591	1000000.0	12
20170118_104937	92.2	-1.65885976	1000000.0	12
20170118_104947	92.4	-1.66186249	1000000.0	12
20170118_104957	92.2	-1.67058712	1000000.0	12
20170118_105007	92.8	-1.66933294	1000000.0	12
20170118_105017	92.6	-1.67297851	1000000.0	12
20170118_105027	93.2	-1.67502298	1000000.0	12
20170118_105037	93.2	-1.67299242	1000000.0	12
20170118_105047	94.1	-1.67424262	1000000.0	12
20170118_105058	93.7	-1.67855724	1000000.0	12
20170118_105107	93.5	-1.67522805	1000000.0	12
20170118_105118	93.5	-1.67385073	1000000.0	12
20170118_105128	93.9	-1.67557774	1000000.0	12
20170118_105138	93.9	-1.67502578	1000000.0	12
20170118_105148	94.3	-1.67767559	1000000.0	12
20170118_105158	93.9	-1.67513487	1000000.0	12
20170118_105207	94.1	-1.67656024	1000000.0	12
20170118_105218	94.1	-1.6742236	1000000.0	12
20170118_105227	94.9	-1.67309382	1000000.0	12
20170118_105238	95.0	-1.66959164	1000000.0	12
20170118_105248	94.9	-1.6709193	1000000.0	12
20170118_105258	94.9	-1.67338914	1000000.0	12
20170118_105308	95.0	-1.67207499	1000000.0	12
20170118_105318	94.9	-1.67229806	1000000.0	12
20170118_105328	95.0	-1.67063231	1000000.0	12
20170118_105338	95.2	-1.67330067	1000000.0	12
20170118_105348	95.6	-1.67493389	1000000.0	12
20170118_105358	95.8	-1.67748102	1000000.0	12
20170118_105408	96.0	-1.6765866	1000000.0	12
20170118_105418	96.2	-1.68136482	1000000.0	12
20170118_105428	96.4	-1.68023604	1000000.0	12
20170118_105438	96.7	-1.6839707	1000000.0	12
20170118_105448	97.1	-1.68362147	1000000.0	12
20170118_105457	97.5	-1.6810583	1000000.0	12
20170118_105508	97.9	-1.68605547	1000000.0	12
20170118_105518	98.1	-1.68647788	1000000.0	12
20170118_105528	98.4	-1.69099122	1000000.0	12
20170118_105538	98.8	-1.69402487	1000000.0	12
20170118_105548	98.8	-1.69601464	1000000.0	12
20170118_105558	98.8	-1.72812075	1000000.0	12
20170118_105608	99.0	-1.71271327	1000000.0	12
20170118_105618	99.0	-1.70424972	1000000.0	12
20170118_105628	99.0	-1.70380703	1000000.0	12
20170118_105638	99.0	-1.69680644	1000000.0	12
20170118_105648	99.0	-1.70075939	1000000.0	12
20170118_105658	98.8	-1.70030111	1000000.0	12
20170118_105708	99.0	-1.6985066	1000000.0	12
20170118_105718	99.2	-1.69863234	1000000.0	12
20170118_105728	99.0	-1.69415491	1000000.0	12
20170118_105738	99.0	-1.69473569	1000000.0	12
20170118_105748	99.0	-1.6947009	1000000.0	12
20170118_105758	99.2	-1.68874439	1000000.0	12
20170118_105808	99.0	-1.68955915	1000000.0	12
20170118_105818	99.2	-1.68882139	1000000.0	12
20170118_105828	99.2	-1.68813537	1000000.0	12
20170118_105838	99.0	-1.68854379	1000000.0	12
20170118_105848	98.8	-1.68766089	1000000.0	12
20170118_105858	99.0	-1.68559167	1000000.0	12
20170118_105908	99.0	-1.68467724	1000000.0	12
20170118_105918	99.0	-1.68770111	1000000.0	12
20170118_105928	99.0	-1.68813745	1000000.0	12
20170118_105938	99.0	-1.68746489	1000000.0	12
20170118_105948	99.0	-1.69239809	1000000.0	12
20170118_105958	99.0	-1.69017211	1000000.0	12
20170118_110008	99.2	-1.6874213	1000000.0	12
20170118_110018	99.0	-1.6885352	1000000.0	12
20170118_110028	99.2	-1.68958356	1000000.0	12
20170118_110038	99.0	-1.68895703	1000000.0	12
20170118_110048	99.2	-1.68699319	1000000.0	12
20170118_110058	99.2	-1.68537814	1000000.0	12
20170118_110108	99.2	-1.68638487	1000000.0	12
20170118_110118	99.2	-1.68617012	1000000.0	12
20170118_110128	99.2	-1.68533951	1000000.0	12
20170118_110138	99.2	-1.68161011	1000000.0	12
20170118_110148	99.0	-1.68440771	1000000.0	12
20170118_110158	98.8	-1.67502248	1000000.0	12
20170118_110207	98.6	-1.67935199	1000000.0	12
20170118_110218	99.0	-1.68481243	1000000.0	12
20170118_110228	98.8	-1.68009571	1000000.0	12
20170118_110238	99.0	-1.68064613	1000000.0	12
20170118_110248	99.2	-1.6836461	1000000.0	12
20170118_110258	99.0	-1.68411937	1000000.0	12
20170118_110308	99.0	-1.68369038	1000000.0	12
20170118_110318	99.2	-1.68118877	1000000.0	12
20170118_110328	99.0	-1.68093543	1000000.0	12
20170118_110338	99.0	-1.6816988	1000000.0	12
20170118_110347	99.2	-1.6800164	1000000.0	12
20170118_110357	99.2	-1.68033106	1000000.0	12
20170118_110407	99.2	-1.67934687	1000000.0	12
20170118_110417	99.0	-1.67850762	1000000.0	12
20170118_110427	99.2	-1.67948152	1000000.0	12
20170118_110437	99.0	-1.68011369	1000000.0	12
20170118_110447	98.8	-1.67959165	1000000.0	12
20170118_110458	99.0	-1.67878818	1000000.0	12
20170118_110508	99.0	-1.67685895	1000000.0	12
20170118_110518	99.2	-1.67754582	1000000.0	12
20170118_110528	99.0	-1.6765382	1000000.0	12
20170118_110538	99.2	-1.6758179	1000000.0	12
20170118_110548	99.0	-1.67412648	1000000.0	12
20170118_110558	99.2	-1.67407639	1000000.0	12
20170118_110608	99.2	-1.67448541	1000000.0	12
20170118_110618	99.0	-1.67189946	1000000.0	12
20170118_110628	99.0	-1.67267744	1000000.0	12
20170118_110638	99.0	-1.67331483	1000000.0	12
20170118_110648	99.0	-1.67326182	1000000.0	12
20170118_110658	99.0	-1.66954442	1000000.0	12
20170118_110708	99.0	-1.66931251	1000000.0	12
20170118_110718	99.0	-1.66922941	1000000.0	12
20170118_110728	99.2	-1.66603552	1000000.0	12
20170118_110738	99.0	-1.66635604	1000000.0	12
20170118_110748	99.0	-1.66676742	1000000.0	12
20170118_110758	99.0	-1.67029626	1000000.0	12
20170118_110808	99.0	-1.6662197	1000000.0	12
20170118_110818	99.0	-1.6642887	1000000.0	12
20170118_110828	99.0	-1.66424776	1000000.0	12
20170118_110838	99.0	-1.66541084	1000000.0	12
20170118_110848	99.0	-1.66833448	1000000.0	12
20170118_110858	99.2	-1.6668028	1000000.0	12
20170118_110908	99.2	-1.66273713	1000000.0	12
20170118_110918	99.2	-1.66176637	1000000.0	12
20170118_110928	99.2	-1.66396868	1000000.0	12
20170118_110938	99.0	-1.66374964	1000000.0	12
20170118_110948	99.0	-1.65932608	1000000.0	12
20170118_110958	98.8	-1.66023495	1000000.0	12
20170118_111008	99.0	-1.66206354	1000000.0	12
20170118_111018	99.0	-1.6599203	1000000.0	12
20170118_111028	99.2	-1.66036036	1000000.0	12
20170118_111038	99.2	-1.65545105	1000000.0	12
20170118_111048	99.2	-1.65468812	1000000.0	12
20170118_111058	99.2	-1.65406003	1000000.0	12
20170118_111108	99.4	-1.6558932	1000000.0	12
20170118_111118	99.0	-1.65292423	1000000.0	12
20170118_111128	99.0	-1.64748936	1000000.0	12
20170118_111138	99.2	-1.64807194	1000000.0	12
20170118_111148	99.4	-1.65002005	1000000.0	12
20170118_111158	99.4	-1.649361	1000000.0	12
20170118_111208	99.2	-1.65073428	1000000.0	12
20170118_111218	99.2	-1.64474103	1000000.0	12
20170118_111228	99.4	-1.63544159	1000000.0	12
20170118_111238	99.2	-1.62847898	1000000.0	12
20170118_111248	99.8	-1.60111843	1000000.0	12
20170118_111258	99.8	-1.62565458	1000000.0	12
20170118_111308	99.6	-9.9e+37	1000000.0	12
20170118_111318	99.6	-9.9e+37	1000000.0	12
20170118_111328	99.8	-0.0186573189	1000000.0	12
20170118_111338	99.8	-9.9e+37	1000000.0	12
20170118_111348	100.	-0.0183462688	1000000.0	12
20170118_111358	100.	-0.0175111531	1000000.0	12
20170118_111408	100.	-0.0187167127	1000000.0	12
20170118_111418	100.	-0.0186042199	1000000.0	12
20170118_111428	101.	-9.9e+37	1000000.0	12
20170118_111438	101.	-0.000894019705	1000000.0	12
20170118_111448	99.8	-9.9e+37	1000000.0	12
20170118_111458	99.8	-9.9e+37	1000000.0	12
20170118_111507	100.	-1.2845369	1000000.0	12
20170118_111518	100.	-0.0189694016	1000000.0	12
20170118_111528	100.	-9.9e+37	1000000.0	12
20170118_111538	100.	-0.0179369378	1000000.0	12
20170118_111548	101.	-0.0186957865	1000000.0	12
20170118_111558	101.	-0.00139218581	1000000.0	12
20170118_111608	101.	-0.000420420715	1000000.0	12
20170118_111618	100.	-0.000373414152	1000000.0	12
20170118_111628	98.8	-0.000107672027	1000000.0	12
20170118_111638	97.5	6.38236164e-05	1000000.0	12
20170118_111648	96.4	9.75043303e-05	1000000.0	12
20170118_111658	95.4	-2.737034e-05	1000000.0	12
20170118_111708	94.3	-5.69377466e-05	1000000.0	12
20170118_111718	93.5	2.98309319e-05	1000000.0	12
20170118_111728	92.6	-0.000209402425	1000000.0	12
20170118_111738	92.0	-0.000215973253	1000000.0	12
20170118_111748	91.8	-0.000185583834	1000000.0	12
20170118_111758	90.9	-0.000165897411	1000000.0	12
20170118_111808	90.0	0.000145234779	1000000.0	12
20170118_111818	88.8	0.000116841747	1000000.0	12
20170118_111828	86.9	1.81603814e-05	1000000.0	12
20170118_111838	84.1	-4.89956264e-05	1000000.0	12
20170118_111848	82.8	-1.55668821e-05	1000000.0	12
20170118_111858	81.6	-9.28903937e-05	1000000.0	12
20170118_111908	80.9	-0.000176698999	1000000.0	12
20170118_111918	80.1	-3.92415967e-05	1000000.0	12
20170118_111928	79.0	-1.21357076e-05	1000000.0	12
20170118_111938	78.4	-0.000141301211	1000000.0	12
20170118_111948	78.3	-6.45342596e-05	1000000.0	12
20170118_111958	77.3	-2.64425432e-05	1000000.0	12
20170118_112008	76.6	-8.37348026e-05	1000000.0	12
20170118_112018	76.6	0.000128964789	1000000.0	12
20170118_112028	75.6	0.000133252612	1000000.0	12
20170118_112038	75.6	-0.000163114971	1000000.0	12
20170118_112048	75.2	-0.000190045909	1000000.0	12
20170118_112058	75.0	-0.00013960271	1000000.0	12
20170118_112108	74.7	2.53609926e-05	1000000.0	12
20170118_112118	74.5	-2.49296684e-06	1000000.0	12
20170118_112128	74.9	-0.000200129905	1000000.0	12
20170118_112138	74.7	-0.000151374327	1000000.0	12
20170118_112148	74.1	-0.000161419017	1000000.0	12
20170118_112158	73.7	-0.000158712149	1000000.0	12
20170118_112208	73.9	-0.000193218336	1000000.0	12
20170118_112218	73.2	-0.000126025411	1000000.0	12
20170118_112228	72.6	2.98026872e-05	1000000.0	12
20170118_112238	72.2	4.43484314e-05	1000000.0	12
20170118_112248	71.6	0.000193250168	1000000.0	12
20170118_112258	71.3	-0.000175235508	1000000.0	12
20170118_112308	70.9	-0.000120131144	1000000.0	12
20170118_112318	70.7	-9.53754411e-05	1000000.0	12
20170118_112328	70.3	4.94865791e-06	1000000.0	12
20170118_112338	70.3	6.40144112e-05	1000000.0	12
20170118_112348	70.1	0.000203446802	1000000.0	12
20170118_112358	70.1	0.000128305974	1000000.0	12
20170118_112408	70.0	3.88767158e-05	1000000.0	12
20170118_112418	69.8	0.000172219671	1000000.0	12
20170118_112428	69.8	-3.57791864e-05	1000000.0	12
20170118_112438	69.6	-0.000166883755	1000000.0	12
20170118_112448	69.6	0.000175555872	1000000.0	12
20170118_112458	69.4	0.000171257006	1000000.0	12
20170118_112508	69.4	5.90776881e-05	1000000.0	12
20170118_112518	69.2	3.15710896e-05	1000000.0	12
20170118_112528	69.4	-6.50241787e-05	1000000.0	12
20170118_112538	69.2	-0.000143954898	1000000.0	12
20170118_112548	69.0	-8.76666726e-05	1000000.0	12
20170118_112558	69.0	-0.000191330227	1000000.0	12
20170118_112608	69.2	-0.000139020906	1000000.0	12
20170118_112618	69.0	0.00013304888	1000000.0	12
20170118_112628	68.8	-7.39579983e-06	1000000.0	12
20170118_112638	68.8	-0.000138118586	1000000.0	12
20170118_112648	68.8	0.00012478302	1000000.0	12
20170118_112658	68.8	0.000157793782	1000000.0	12
20170118_112708	68.8	0.000193905257	1000000.0	12
20170118_112718	68.6	-0.000180490673	1000000.0	12
20170118_112728	68.8	-0.000161419757	1000000.0	12
20170118_112738	68.8	-0.000157302682	1000000.0	12
20170118_112748	68.8	0.000141208944	1000000.0	12
20170118_112758	68.6	-0.000138917582	1000000.0	12
20170118_112808	68.6	-0.000181750504	1000000.0	12
20170118_112818	68.6	-0.000108222907	1000000.0	12
20170118_112828	68.8	-6.41563349e-05	1000000.0	12
20170118_112838	68.6	0.000204658922	1000000.0	12
20170118_112848	68.8	0.000175094466	1000000.0	12
20170118_112858	68.6	1.83649215e-05	1000000.0	12
20170118_112908	68.6	-2.29744793e-05	1000000.0	12
20170118_112918	68.6	-5.16396704e-05	1000000.0	12
20170118_112928	68.6	-0.000186500981	1000000.0	12
20170118_112938	68.6	-0.000153244389	1000000.0	12
20170118_112948	68.6	0.000106831165	1000000.0	12
20170118_112958	68.6	1.97464091e-05	1000000.0	12
20170118_113008	68.6	5.86465916e-05	1000000.0	12
20170118_113018	68.8	0.000119718801	1000000.0	12
20170118_113028	68.6	0.000195746013	1000000.0	12
20170118_113038	68.6	0.000100745189	1000000.0	12
20170118_113048	68.8	0.000174460975	1000000.0	12
20170118_113058	68.6	-0.000122428556	1000000.0	12
20170118_113108	68.8	-4.69905025e-05	1000000.0	12
20170118_113118	68.8	-0.000132875423	1000000.0	12
20170118_113128	68.6	-0.000169667088	1000000.0	12
20170118_113138	68.6	-9.9e+37	1000000.0	12
20170118_113148	68.6	-9.9006018e-05	1000000.0	12
20170118_113158	68.6	-0.000200309503	1000000.0	12
20170118_113208	68.6	-0.000167900394	1000000.0	12
20170118_113218	68.6	0.000120453829	1000000.0	12
20170118_113228	68.6	-4.94955937e-05	1000000.0	12
20170118_113238	68.8	-0.000146188364	1000000.0	12
20170118_113248	68.8	-0.000157100001	1000000.0	12
20170118_113258	68.8	-0.000176439096	1000000.0	12
20170118_113308	68.6	3.53897441e-05	1000000.0	12
20170118_113318	68.6	0.000151464255	1000000.0	12
20170118_113328	68.6	0.000176544083	1000000.0	12
20170118_113338	68.6	0.000139854514	1000000.0	12
20170118_113348	68.6	-0.000169351147	1000000.0	12
20170118_113358	68.4	0.000187208573	1000000.0	12
20170118_113408	68.4	-1.812694e-05	1000000.0	12
20170118_113418	68.4	-0.000170724923	1000000.0	12
20170118_113428	68.3	-2.1718193e-05	1000000.0	12
20170118_113438	68.1	0.000164105337	1000000.0	12
20170118_113448	68.1	6.11073256e-05	1000000.0	12
20170118_113458	68.1	0.000151358511	1000000.0	12
20170118_113508	68.1	0.000160892899	1000000.0	12
20170118_113518	68.1	3.77577926e-05	1000000.0	12
20170118_113528	68.1	1.15812781e-05	1000000.0	12
20170118_113538	68.3	0.000142038775	1000000.0	12
20170118_113548	68.1	0.000151473783	1000000.0	12
20170118_113558	68.3	1.67154526e-05	1000000.0	12
20170118_113608	68.1	2.43192604e-05	1000000.0	12
20170118_113618	68.3	-9.96488909e-05	1000000.0	12
20170118_113628	68.3	-0.000140945346	1000000.0	12
20170118_113638	68.4	-0.00017139945	1000000.0	12
20170118_113648	68.3	-0.000169050512	1000000.0	12
20170118_113658	68.3	6.42293281e-05	1000000.0	12
20170118_113708	68.3	0.000154801741	1000000.0	12
20170118_113718	68.3	9.22979104e-06	1000000.0	12
20170118_113728	68.3	9.52550019e-05	1000000.0	12
20170118_113738	68.1	-7.61751072e-07	1000000.0	12
20170118_113748	68.1	-0.000151189254	1000000.0	12
20170118_113758	68.3	1.58760551e-05	1000000.0	12
20170118_113808	68.3	-0.00018075171	1000000.0	12
20170118_113818	68.1	-9.9e+37	1000000.0	12
20170118_113828	68.1	0.000159286292	1000000.0	12
20170118_113838	68.1	0.0001428933	1000000.0	12
20170118_113848	68.1	0.000157576607	1000000.0	12
20170118_113858	68.1	-0.00010608206	1000000.0	12
20170118_113908	68.3	-5.59334396e-05	1000000.0	12
20170118_113918	68.1	0.000122261632	1000000.0	12
20170118_113928	68.1	2.27875552e-05	1000000.0	12
20170118_113938	68.1	6.28902774e-05	1000000.0	12
20170118_113948	67.9	4.15385281e-05	1000000.0	12
20170118_113958	67.9	2.72015959e-06	1000000.0	12
20170118_114008	67.9	6.208022e-05	1000000.0	12
20170118_114018	68.1	-0.000170117433	1000000.0	12
20170118_114028	67.9	-0.000203652322	1000000.0	12
20170118_114038	67.7	-0.000112977908	1000000.0	12
20170118_114048	67.7	-7.97245492e-05	1000000.0	12
20170118_114058	67.9	8.77143029e-05	1000000.0	12
20170118_114108	67.7	0.000162320027	1000000.0	12
20170118_114118	67.7	7.09040042e-05	1000000.0	12
20170118_114128	67.7	-8.16204588e-05	1000000.0	12
20170118_114138	67.5	-0.000123152754	1000000.0	12
20170118_114148	67.5	0.00010718013	1000000.0	12
20170118_114158	67.5	-0.000149108008	1000000.0	12
20170118_114208	67.5	0.000171211801	1000000.0	12
20170118_114218	67.5	0.000163514668	1000000.0	12
20170118_114228	67.5	-6.04487997e-05	1000000.0	12
20170118_114238	67.5	-0.000172658268	1000000.0	12
20170118_114248	67.3	-0.000170709965	1000000.0	12
20170118_114258	67.3	-0.000174791539	1000000.0	12
20170118_114308	67.5	-3.86939245e-05	1000000.0	12
20170118_114318	67.3	0.000155727413	1000000.0	12
20170118_114328	67.3	6.2389988e-05	1000000.0	12
20170118_114338	67.3	-0.000154053845	1000000.0	12
20170118_114348	67.3	-0.000109229207	1000000.0	12
20170118_114358	67.5	8.65779633e-05	1000000.0	12
20170118_114408	67.3	4.01294089e-05	1000000.0	12
20170118_114418	67.5	7.98224438e-05	1000000.0	12
20170118_114428	67.3	-7.52904417e-05	1000000.0	12
20170118_114438	67.5	-0.000176879225	1000000.0	12
20170118_114448	67.5	3.45540307e-05	1000000.0	12
20170118_114458	67.5	6.14814378e-05	1000000.0	12
20170118_114508	67.5	-0.00029151549	1000000.0	12
20170118_114518	67.7	0.000171788684	1000000.0	12
20170118_114528	67.9	0.000158512611	1000000.0	12
20170118_114538	68.1	-7.04423172e-05	1000000.0	12
20170118_114548	68.3	-0.000201282888	1000000.0	12
20170118_114558	68.3	-3.69574523e-05	1000000.0	12
20170118_114608	68.4	0.000164293454	1000000.0	12
20170118_114618	68.4	-0.000121390545	1000000.0	12
20170118_114628	68.6	5.85226615e-05	1000000.0	12
20170118_114638	68.4	0.00017213723	1000000.0	12
20170118_114648	68.6	2.93993694e-05	1000000.0	12
20170118_114658	68.6	-0.000113753599	1000000.0	12
20170118_114708	68.8	-0.000165064688	1000000.0	12
20170118_114718	68.8	-1.33907238e-05	1000000.0	12
20170118_114728	68.6	0.000128410669	1000000.0	12
20170118_114738	68.8	-6.1122592e-05	1000000.0	12
20170118_114748	68.8	-0.000168304415	1000000.0	12
20170118_114758	68.8	-8.07590059e-05	1000000.0	12
20170118_114808	68.8	0.000100403229	1000000.0	12
20170118_114818	68.6	0.000181042027	1000000.0	12
20170118_114828	68.8	0.00014856574	1000000.0	12
20170118_114838	68.8	-0.000178673396	1000000.0	12
20170118_114848	69.0	0.00016545051	1000000.0	12
20170118_114858	68.6	-7.39074491e-05	1000000.0	12
20170118_114908	68.8	-0.000234287647	1000000.0	12
20170118_114918	68.8	-0.000113705599	1000000.0	12
20170118_114928	68.6	0.000163419341	1000000.0	12
20170118_114938	68.6	-0.000173408845	1000000.0	12
20170118_114948	68.6	-7.14189791e-05	1000000.0	12
20170118_114958	68.8	-1.77780098e-05	1000000.0	12
20170118_115008	68.8	-0.00013065468	1000000.0	12
20170118_115018	68.8	0.000181145399	1000000.0	12
20170118_115028	68.8	0.000133997975	1000000.0	12
20170118_115038	68.6	6.60370523e-06	1000000.0	12
20170118_115048	68.6	-0.000116008576	1000000.0	12
20170118_115058	68.6	-4.9360294e-05	1000000.0	12
20170118_115108	68.6	-8.02002976e-05	1000000.0	12
20170118_115118	68.6	0.000147040995	1000000.0	12
20170118_115128	68.6	-9.55965172e-05	1000000.0	12
20170118_115138	68.6	0.000184301454	1000000.0	12
20170118_115148	68.6	6.32782423e-05	1000000.0	12
20170118_115158	68.6	-7.50581759e-05	1000000.0	12
20170118_115208	68.8	0.000157332272	1000000.0	12
20170118_115218	68.8	-6.22531246e-05	1000000.0	12
20170118_115228	68.8	-4.16889575e-05	1000000.0	12
20170118_115238	68.6	0.000106696354	1000000.0	12
20170118_115248	68.6	-1.54757375e-05	1000000.0	12
20170118_115258	68.6	-0.000169005571	1000000.0	12
20170118_115308	68.6	0.000182976129	1000000.0	12
20170118_115318	68.6	-3.96082637e-05	1000000.0	12
20170118_115328	68.6	-0.000100634304	1000000.0	12
20170118_115338	68.6	0.000179088424	1000000.0	12
20170118_115348	68.6	4.14349999e-05	1000000.0	12
20170118_115358	68.6	-5.3783683e-05	1000000.0	12
20170118_115408	68.8	0.000101500817	1000000.0	12
20170118_115418	68.8	0.000135101925	1000000.0	12
20170118_115428	68.6	-0.000171593694	1000000.0	12
20170118_115438	68.6	-0.000158096392	1000000.0	12
20170118_115448	68.8	8.6680806e-05	1000000.0	12
20170118_115458	68.8	0.000100148054	1000000.0	12
20170118_115508	68.6	-0.000187512223	1000000.0	12
20170118_115518	68.8	0.000102734305	1000000.0	12
20170118_115528	68.8	8.43613371e-05	1000000.0	12
20170118_115538	68.6	0.000151049631	1000000.0	12
20170118_115548	68.8	-2.96033153e-05	1000000.0	12
20170118_115558	68.8	5.32711961e-05	1000000.0	12
20170118_115608	68.8	7.90058899e-05	1000000.0	12
20170118_115618	68.8	0.000104416218	1000000.0	12
20170118_115628	68.8	9.06739345e-05	1000000.0	12
20170118_115638	69.0	-3.13826597e-05	1000000.0	12
20170118_115648	69.0	5.92758577e-05	1000000.0	12
20170118_115658	69.0	-0.0001123345	1000000.0	12
20170118_115708	69.0	0.00015695268	1000000.0	12
20170118_115718	69.0	0.00017354661	1000000.0	12
20170118_115728	68.8	-0.000156911762	1000000.0	12
20170118_115738	69.0	-0.000111934567	1000000.0	12
20170118_115748	68.8	-1.28059307e-05	1000000.0	12
20170118_115758	69.0	0.000111262006	1000000.0	12
20170118_115808	68.8	0.000155938048	1000000.0	12
20170118_115818	68.6	-0.000172449978	1000000.0	12
20170118_115828	68.8	0.000113421891	1000000.0	12
20170118_115838	68.8	0.000118453553	1000000.0	12
20170118_115848	68.8	0.00018139875	1000000.0	12
20170118_115858	68.8	0.000153220502	1000000.0	12
20170118_115908	68.8	6.48408349e-05	1000000.0	12
20170118_115918	68.8	-1.48228252e-05	1000000.0	12
20170118_115928	68.8	-0.000121650617	1000000.0	12
20170118_115938	68.8	-0.000134373024	1000000.0	12
20170118_115948	68.8	5.99222639e-05	1000000.0	12
20170118_115958	68.8	-0.00041784048	1000000.0	12
20170118_120008	68.8	0.000170748207	1000000.0	12
20170118_120018	68.8	-0.000105929154	1000000.0	12
20170118_120028	68.8	-6.57146245e-05	1000000.0	12
20170118_120038	68.8	0.000196631589	1000000.0	12
20170118_120048	68.8	-4.40198768e-05	1000000.0	12
20170118_120058	68.8	0.000174089231	1000000.0	12
20170118_120108	68.8	0.000193283756	1000000.0	12
20170118_120118	69.0	0.000162128162	1000000.0	12
20170118_120128	68.8	-0.000118893357	1000000.0	12
20170118_120138	69.0	-2.98464594e-05	1000000.0	12
20170118_120148	68.8	0.000179987113	1000000.0	12
20170118_120158	69.0	5.59315176e-05	1000000.0	12
20170118_120208	69.0	-0.000122330397	1000000.0	12
20170118_120218	69.0	-0.000175331132	1000000.0	12
20170118_120228	69.2	-8.67844516e-05	1000000.0	12
20170118_120238	69.2	-0.000172657271	1000000.0	12
20170118_120248	69.2	-0.000124316203	1000000.0	12
20170118_120258	69.2	4.31251381e-05	1000000.0	12
20170118_120308	69.2	0.000116283111	1000000.0	12
20170118_120318	69.2	0.000186863454	1000000.0	12
20170118_120328	69.2	-0.00018837212	1000000.0	12
20170118_120338	69.0	-0.000117331977	1000000.0	12
20170118_120348	69.2	0.000107197445	1000000.0	12
20170118_120358	69.0	0.000159942006	1000000.0	12
20170118_120408	69.2	-0.000120749511	1000000.0	12
20170118_120418	69.2	-0.000192280713	1000000.0	12
20170118_120428	69.0	-0.000115150341	1000000.0	12
20170118_120438	69.2	-9.90232561e-05	1000000.0	12
20170118_120448	69.2	-0.000158813891	1000000.0	12
20170118_120458	69.0	-4.62777716e-05	1000000.0	12
20170118_120508	69.0	-0.000118043999	1000000.0	12
20170118_120518	69.0	-9.79410059e-05	1000000.0	12
20170118_120528	69.2	0.000169047829	1000000.0	12
20170118_120538	69.2	6.87393014e-05	1000000.0	12
20170118_120548	69.0	-0.000120441145	1000000.0	12
20170118_120558	69.0	-4.75818011e-05	1000000.0	12
20170118_120608	68.8	0.000133811807	1000000.0	12
20170118_120618	68.6	9.68470676e-05	1000000.0	12
20170118_120628	66.2	-9.9e+37	1000000.0	12
20170118_120638	68.6	-1.7234193	1000000.0	12
20170118_120648	70.9	-1.7087312	1000000.0	12
20170118_120658	76.2	-1.68834829	1000000.0	12
20170118_120708	83.7	-1.67953053	1000000.0	12
20170118_120718	88.6	-1.64064184	1000000.0	12
20170118_120728	93.3	-1.62789936	1000000.0	12
20170118_120738	96.9	-1.61568262	1000000.0	12
20170118_120748	97.7	-1.60898511	1000000.0	12
20170118_120758	98.8	-1.59509776	1000000.0	12
20170118_120808	98.6	-1.61657426	1000000.0	12
20170118_120818	98.8	-1.61717441	1000000.0	12
20170118_120828	98.8	-1.61444666	1000000.0	12
20170118_120837	98.8	-1.61418511	1000000.0	12
20170118_120847	98.8	-1.61729633	1000000.0	12
20170118_120857	98.8	-1.61269637	1000000.0	12
20170118_120908	98.4	-1.6245196	1000000.0	12
20170118_120918	98.3	-1.62317604	1000000.0	12
20170118_120928	98.1	-1.62312555	1000000.0	12
20170118_120938	97.1	-1.61796589	1000000.0	12
20170118_120948	97.1	-1.61635865	1000000.0	12
20170118_120958	96.6	-1.61733565	1000000.0	12
20170118_121008	96.2	-1.62038301	1000000.0	12
20170118_121018	95.6	-1.61703558	1000000.0	12
20170118_121028	95.2	-1.60825381	1000000.0	12
20170118_121038	94.9	-1.60275397	1000000.0	12
20170118_121048	94.9	-1.6067153	1000000.0	12
20170118_121057	94.5	-1.61387993	1000000.0	12
20170118_121108	94.3	-1.61161588	1000000.0	12
20170118_121118	94.1	-1.61038962	1000000.0	12
20170118_121128	93.7	-1.61102842	1000000.0	12
20170118_121138	93.5	-1.61524878	1000000.0	12
20170118_121148	93.2	-1.61368572	1000000.0	12
20170118_121158	92.8	-1.6183525	1000000.0	12
20170118_121207	92.8	-1.61535864	1000000.0	12
20170118_121218	92.6	-1.61492862	1000000.0	12
20170118_121227	92.6	-1.6148019	1000000.0	12
20170118_121237	92.4	-1.61256499	1000000.0	12
20170118_121248	92.2	-1.60981215	1000000.0	12
20170118_121257	92.0	-1.60784044	1000000.0	12
20170118_121307	91.6	-1.61279741	1000000.0	12
20170118_121317	91.5	-1.61251947	1000000.0	12
20170118_121327	91.3	-1.61327316	1000000.0	12
20170118_121337	91.3	-1.61085246	1000000.0	12
20170118_121347	91.1	-1.61152324	1000000.0	12
20170118_121357	90.9	-1.61507946	1000000.0	12
20170118_121407	90.5	-1.62121324	1000000.0	12
20170118_121417	90.7	-1.61949726	1000000.0	12
20170118_121428	90.5	-1.61438564	1000000.0	12
20170118_121438	90.3	-1.60906458	1000000.0	12
20170118_121448	90.0	-1.60969699	1000000.0	12
20170118_121458	90.1	-1.61079179	1000000.0	12
20170118_121508	90.0	-1.60953574	1000000.0	12
20170118_121517	90.0	-1.60991538	1000000.0	12
20170118_121527	89.6	-1.60981483	1000000.0	12
20170118_121537	89.6	-1.61218654	1000000.0	12
20170118_121547	89.4	-1.61399116	1000000.0	12
20170118_121557	89.4	-1.61134593	1000000.0	12
20170118_121607	89.0	-1.60333241	1000000.0	12
20170118_121617	89.0	-1.60654659	1000000.0	12
20170118_121627	88.8	-1.6092198	1000000.0	12
20170118_121638	88.8	-1.60844422	1000000.0	12
20170118_121648	88.8	-1.60751264	1000000.0	12
20170118_121658	89.0	-1.60900827	1000000.0	12
20170118_121707	88.8	-1.60971206	1000000.0	12
20170118_121718	88.6	-1.60477476	1000000.0	12
20170118_121727	88.4	-1.61001561	1000000.0	12
20170118_121737	88.6	-1.61064001	1000000.0	12
20170118_121747	88.4	-1.60798189	1000000.0	12
20170118_121757	88.3	-1.60938557	1000000.0	12
20170118_121807	88.3	-1.61070454	1000000.0	12
20170118_121817	88.3	-1.61224346	1000000.0	12
20170118_121828	88.3	-1.60559488	1000000.0	12
20170118_121838	88.3	-1.60672687	1000000.0	12
20170118_121848	87.9	-1.59863752	1000000.0	12
20170118_121858	88.1	-1.6042317	1000000.0	12
20170118_121908	87.9	-1.60575898	1000000.0	12
20170118_121918	87.5	-1.60943182	1000000.0	12
20170118_121927	87.5	-1.60954626	1000000.0	12
20170118_121938	87.5	-1.60841942	1000000.0	12
20170118_121948	87.7	-1.6044778	1000000.0	12
20170118_121958	87.5	-1.60665911	1000000.0	12
20170118_122008	87.3	-1.60756258	1000000.0	12
20170118_122018	87.3	-1.6108727	1000000.0	12
20170118_122028	87.3	-1.61037065	1000000.0	12
20170118_122038	87.5	-1.61102581	1000000.0	12
20170118_122048	87.7	-1.61527566	1000000.0	12
20170118_122058	87.5	-1.61682393	1000000.0	12
20170118_122108	87.3	-1.61895972	1000000.0	12
20170118_122118	86.7	-1.61089496	1000000.0	12
20170118_122128	86.9	-1.61309639	1000000.0	12
20170118_122137	86.6	-1.61210514	1000000.0	12
20170118_122147	86.6	-1.61008934	1000000.0	12
20170118_122157	86.6	-1.61083887	1000000.0	12
20170118_122207	86.6	-1.61482718	1000000.0	12
20170118_122217	86.4	-1.61165262	1000000.0	12
20170118_122228	86.2	-1.61139515	1000000.0	12
20170118_122237	86.4	-1.60964427	1000000.0	12
20170118_122248	86.2	-1.60996689	1000000.0	12
20170118_122257	85.8	-1.61128397	1000000.0	12
20170118_122307	86.0	-1.61202744	1000000.0	12
20170118_122317	86.4	-1.61350639	1000000.0	12
20170118_122327	86.4	-1.61300469	1000000.0	12
20170118_122337	86.4	-1.61215612	1000000.0	12
20170118_122348	86.4	-1.61173771	1000000.0	12
20170118_122357	86.2	-1.60946165	1000000.0	12
20170118_122408	85.6	-1.61128813	1000000.0	12
20170118_122418	85.8	-1.60996478	1000000.0	12
20170118_122427	85.6	-1.61165594	1000000.0	12
20170118_122437	85.8	-1.60911216	1000000.0	12
20170118_122447	86.0	-1.60858433	1000000.0	12
20170118_122457	85.8	-1.60523321	1000000.0	12
20170118_122507	85.6	-1.60273116	1000000.0	12
20170118_122517	85.4	-1.60348491	1000000.0	12
20170118_122528	85.4	-1.59655996	1000000.0	12
20170118_122538	85.2	-1.59621845	1000000.0	12
20170118_122548	85.2	-1.5957045	1000000.0	12
20170118_122558	85.0	-1.59595123	1000000.0	12
20170118_122608	85.2	-1.59564308	1000000.0	12
20170118_122618	84.9	-1.59400789	1000000.0	12
20170118_122628	84.9	-1.59281498	1000000.0	12
20170118_122638	84.9	-1.58566175	1000000.0	12
20170118_122648	84.7	-1.5901034	1000000.0	12
20170118_122658	84.9	-1.59289356	1000000.0	12
20170118_122708	84.9	-1.59659826	1000000.0	12
20170118_122718	84.7	-1.59544467	1000000.0	12
20170118_122728	84.7	-1.59587414	1000000.0	12
20170118_122738	84.7	-1.59529323	1000000.0	12
20170118_122748	84.7	-1.59237829	1000000.0	12
20170118_122758	85.0	-1.59138339	1000000.0	12
20170118_122808	84.7	-1.59715521	1000000.0	12
20170118_122818	84.7	-1.59052321	1000000.0	12
20170118_122828	84.9	-1.58849218	1000000.0	12
20170118_122838	84.7	-1.58317077	1000000.0	12
20170118_122848	84.7	-1.5979052	1000000.0	12
20170118_122858	84.1	-1.59477225	1000000.0	12
20170118_122908	83.9	-1.59489997	1000000.0	12
20170118_122918	84.7	-1.59234397	1000000.0	12
20170118_122928	84.7	-1.59674529	1000000.0	12
20170118_122938	84.5	-1.59881444	1000000.0	12
20170118_122948	84.1	-1.59985777	1000000.0	12
20170118_122958	84.3	-1.60070814	1000000.0	12
20170118_123008	84.5	-1.5983101	1000000.0	12
20170118_123018	84.5	-1.59960146	1000000.0	12
20170118_123028	84.7	-1.59861983	1000000.0	12
20170118_123038	84.7	-1.59881508	1000000.0	12
20170118_123048	84.7	-1.59799679	1000000.0	12
20170118_123058	84.5	-1.59533535	1000000.0	12
20170118_123108	84.7	-1.59659304	1000000.0	12
20170118_123117	84.7	-1.59835375	1000000.0	12
20170118_123128	84.7	-1.59986448	1000000.0	12
20170118_123138	84.7	-1.59659963	1000000.0	12
20170118_123148	84.7	-1.594798	1000000.0	12
20170118_123158	84.5	-1.59433195	1000000.0	12
20170118_123208	84.5	-1.5934203	1000000.0	12
20170118_123218	84.7	-1.59539299	1000000.0	12
20170118_123228	84.3	-1.59409976	1000000.0	12
20170118_123238	84.7	-1.5946697	1000000.0	12
20170118_123248	84.9	-1.59616949	1000000.0	12
20170118_123258	84.9	-1.59958622	1000000.0	12
20170118_123307	84.9	-1.59456017	1000000.0	12
20170118_123318	84.7	-1.59464196	1000000.0	12
20170118_123328	84.9	-1.59386609	1000000.0	12
20170118_123338	84.9	-1.59420841	1000000.0	12
20170118_123348	85.2	-1.59090773	1000000.0	12
20170118_123358	85.2	-1.59240457	1000000.0	12
20170118_123408	84.9	-1.59550697	1000000.0	12
20170118_123418	84.9	-1.59550236	1000000.0	12
20170118_123428	85.4	-1.59318174	1000000.0	12
20170118_123438	85.2	-1.59395184	1000000.0	12
20170118_123448	85.2	-1.5930897	1000000.0	12
20170118_123458	85.0	-1.59369972	1000000.0	12
20170118_123508	85.2	-1.59373345	1000000.0	12
20170118_123518	85.0	-1.59338036	1000000.0	12
20170118_123528	85.2	-1.59344867	1000000.0	12
20170118_123537	85.0	-1.59397601	1000000.0	12
20170118_123548	85.2	-1.60042774	1000000.0	12
20170118_123557	85.2	-1.60238672	1000000.0	12
20170118_123607	85.2	-1.60024181	1000000.0	12
20170118_123617	85.4	-1.59963035	1000000.0	12
20170118_123628	85.2	-1.60171594	1000000.0	12
20170118_123638	85.4	-1.59759039	1000000.0	12
20170118_123647	85.4	-1.59808862	1000000.0	12
20170118_123658	85.6	-1.60223574	1000000.0	12
20170118_123708	85.6	-1.60024016	1000000.0	12
20170118_123717	85.6	-1.60119878	1000000.0	12
20170118_123727	85.4	-1.59641644	1000000.0	12
20170118_123737	85.8	-1.59641512	1000000.0	12
20170118_123747	85.6	-1.59690618	1000000.0	12
20170118_123757	85.8	-1.59846731	1000000.0	12
20170118_123808	85.6	-1.59591315	1000000.0	12
20170118_123818	85.6	-1.59667095	1000000.0	12
20170118_123827	85.6	-1.59792036	1000000.0	12
20170118_123837	85.6	-1.59577258	1000000.0	12
20170118_123847	85.8	-1.59102591	1000000.0	12
20170118_123857	85.8	-1.59382241	1000000.0	12
20170118_123907	85.6	-1.59276236	1000000.0	12
20170118_123918	85.8	-1.59308362	1000000.0	12
20170118_123927	86.0	-1.59086221	1000000.0	12
20170118_123937	85.8	-1.59072478	1000000.0	12
20170118_123947	86.6	-1.59312743	1000000.0	12
20170118_123957	85.8	-1.59255337	1000000.0	12
20170118_124007	85.8	-1.59486043	1000000.0	12
20170118_124017	86.2	-1.58925609	1000000.0	12
20170118_124027	86.0	-1.58461545	1000000.0	12
20170118_124037	85.8	-1.58380147	1000000.0	12
20170118_124047	86.0	-1.58444258	1000000.0	12
20170118_124057	86.0	-1.58505158	1000000.0	12
20170118_124107	85.8	-1.58347604	1000000.0	12
20170118_124117	86.0	-1.58269774	1000000.0	12
20170118_124127	85.8	-1.58301898	1000000.0	12
20170118_124137	85.8	-1.5835706	1000000.0	12
20170118_124147	85.8	-1.58383491	1000000.0	12
20170118_124157	85.8	-1.58589161	1000000.0	12
20170118_124207	85.6	-1.58576066	1000000.0	12
20170118_124217	85.6	-1.58283189	1000000.0	12
20170118_124227	85.8	-1.58325426	1000000.0	12
20170118_124237	86.0	-1.58441403	1000000.0	12
20170118_124247	85.6	-1.5832458	1000000.0	12
20170118_124257	86.0	-1.58074308	1000000.0	12
20170118_124308	86.0	-1.58251269	1000000.0	12
20170118_124317	86.0	-1.5817307	1000000.0	12
20170118_124327	85.8	-1.58290701	1000000.0	12
20170118_124338	86.0	-1.58130341	1000000.0	12
20170118_124348	85.8	-1.58044354	1000000.0	12
20170118_124357	86.2	-1.5797236	1000000.0	12
20170118_124407	86.0	-1.57911229	1000000.0	12
20170118_124417	86.0	-1.57716914	1000000.0	12
20170118_124427	85.4	-1.57642009	1000000.0	12
20170118_124437	85.8	-1.57787817	1000000.0	12
20170118_124447	85.8	-1.58141529	1000000.0	12
20170118_124457	86.0	-1.58550141	1000000.0	12
20170118_124507	86.6	-1.57800424	1000000.0	12
20170118_124517	86.6	-1.58047723	1000000.0	12
20170118_124527	86.6	-1.58144822	1000000.0	12
20170118_124537	86.2	-1.57718805	1000000.0	12
20170118_124548	86.4	-1.57225009	1000000.0	12
20170118_124557	85.6	-1.57803293	1000000.0	12
20170118_124607	87.3	-1.58047939	1000000.0	12
20170118_124617	86.9	-1.58386983	1000000.0	12
20170118_124627	86.4	-1.58734446	1000000.0	12
20170118_124637	85.6	-1.58660178	1000000.0	12
20170118_124647	85.6	-1.58523921	1000000.0	12
20170118_124657	85.8	-1.5840177	1000000.0	12
20170118_124707	86.0	-1.5733612	1000000.0	12
20170118_124717	86.4	-1.5779471	1000000.0	12
20170118_124728	86.7	-1.57597041	1000000.0	12
20170118_124738	86.4	-1.57797539	1000000.0	12
20170118_124748	86.0	-1.58056157	1000000.0	12
20170118_124757	86.0	-1.57830731	1000000.0	12
20170118_124807	86.0	-1.58101455	1000000.0	12
20170118_124817	86.0	-1.58387091	1000000.0	12
20170118_124828	86.2	-1.58676202	1000000.0	12
20170118_124838	86.4	-1.59896812	1000000.0	12
20170118_124848	86.2	-1.59704159	1000000.0	12
20170118_124858	86.2	-1.59458914	1000000.0	12
20170118_124908	86.4	-1.59311174	1000000.0	12
20170118_124918	86.7	-1.59164294	1000000.0	12
20170118_124928	87.3	-1.58989287	1000000.0	12
20170118_124938	87.5	-1.58828782	1000000.0	12
20170118_124948	87.3	-1.5897272	1000000.0	12
20170118_124958	87.3	-1.58770001	1000000.0	12
20170118_125008	86.4	-1.5898462	1000000.0	12
20170118_125018	85.8	-1.59000391	1000000.0	12
20170118_125028	85.6	-1.59021871	1000000.0	12
20170118_125037	85.8	-1.59485894	1000000.0	12
20170118_125048	85.6	-1.58786091	1000000.0	12
20170118_125058	85.6	-1.58734072	1000000.0	12
20170118_125108	85.2	-1.59112794	1000000.0	12
20170118_125118	85.2	-1.5893628	1000000.0	12
20170118_125128	85.4	-1.58747907	1000000.0	12
20170118_125137	85.4	-1.5889788	1000000.0	12
20170118_125147	85.2	-1.58796187	1000000.0	12
20170118_125157	85.2	-1.58882189	1000000.0	12
20170118_125207	85.4	-1.58834196	1000000.0	12
20170118_125217	85.6	-1.58808815	1000000.0	12
20170118_125227	85.6	-1.58700293	1000000.0	12
20170118_125237	85.6	-1.58789148	1000000.0	12
20170118_125248	86.0	-1.59193981	1000000.0	12
20170118_125258	86.2	-1.59091251	1000000.0	12
20170118_125307	86.2	-1.58774503	1000000.0	12
20170118_125318	86.2	-1.58636786	1000000.0	12
20170118_125328	86.2	-1.58437455	1000000.0	12
20170118_125338	86.4	-1.5850017	1000000.0	12
20170118_125348	85.2	-1.59023824	1000000.0	12
20170118_125358	85.6	-1.59025089	1000000.0	12
20170118_125408	85.6	-1.59142859	1000000.0	12
20170118_125418	85.6	-1.59528831	1000000.0	12
20170118_125427	85.6	-1.59626344	1000000.0	12
20170118_125438	85.6	-1.59420179	1000000.0	12
20170118_125448	85.4	-1.59410673	1000000.0	12
20170118_125458	85.6	-1.59115084	1000000.0	12
20170118_125508	85.8	-1.59064149	1000000.0	12
20170118_125517	85.4	-1.58956384	1000000.0	12
20170118_125527	85.6	-1.59025217	1000000.0	12
20170118_125538	85.6	-1.59029099	1000000.0	12
20170118_125548	85.4	-1.59238603	1000000.0	12
20170118_125558	85.6	-1.59060132	1000000.0	12
20170118_125608	85.6	-1.58962376	1000000.0	12
20170118_125618	85.2	-1.59080828	1000000.0	12
20170118_125628	85.4	-1.58969635	1000000.0	12
20170118_125638	85.4	-1.58672501	1000000.0	12
20170118_125648	85.8	-1.58641623	1000000.0	12
20170118_125658	85.6	-1.58398885	1000000.0	12
20170118_125708	86.0	-1.58824817	1000000.0	12
20170118_125718	86.0	-1.59804241	1000000.0	12
20170118_125728	86.0	-1.5872491	1000000.0	12
20170118_125738	86.0	-1.59022296	1000000.0	12
20170118_125748	86.2	-1.58894406	1000000.0	12
20170118_125758	86.6	-1.58031403	1000000.0	12
20170118_125808	86.7	-1.5697648	1000000.0	12
20170118_125818	86.2	-1.56387133	1000000.0	12
20170118_125828	86.0	-1.57141596	1000000.0	12
20170118_125838	86.2	-1.56140582	1000000.0	12
20170118_125848	87.7	-1.57905614	1000000.0	12
20170118_125858	87.1	-1.57739716	1000000.0	12
20170118_125907	87.3	-1.5794582	1000000.0	12
20170118_125917	86.9	-1.57631161	1000000.0	12
20170118_125927	87.9	-1.57339983	1000000.0	12
20170118_125937	87.7	-1.57883534	1000000.0	12
20170118_125947	87.5	-1.58191531	1000000.0	12
20170118_125957	87.7	-1.58103429	1000000.0	12
20170118_130008	87.9	-1.58167902	1000000.0	12
20170118_130018	87.9	-1.5810191	1000000.0	12
20170118_130028	87.9	-1.59060899	1000000.0	12
20170118_130038	88.1	-1.58763613	1000000.0	12
20170118_130048	87.9	-1.59410998	1000000.0	12
20170118_130058	88.1	-1.59686115	1000000.0	12
20170118_130108	88.1	-1.59957334	1000000.0	12
20170118_130118	88.6	-1.59007148	1000000.0	12
20170118_130128	88.6	-1.58379031	1000000.0	12
20170118_130138	89.2	-1.58380546	1000000.0	12
20170118_130148	89.6	-1.58496952	1000000.0	12
20170118_130158	89.6	-1.58601213	1000000.0	12
20170118_130208	89.8	-1.58924878	1000000.0	12
20170118_130218	89.8	-1.58973096	1000000.0	12
20170118_130228	89.6	-1.58900039	1000000.0	12
20170118_130238	89.6	-1.59368393	1000000.0	12
20170118_130248	90.1	-1.59671118	1000000.0	12
20170118_130258	90.1	-1.59408201	1000000.0	12
20170118_130308	89.8	-1.59522383	1000000.0	12
20170118_130318	90.3	-1.59760466	1000000.0	12
20170118_130327	90.5	-1.59681106	1000000.0	12
20170118_130338	90.1	-1.59293663	1000000.0	12
20170118_130348	89.6	-1.59397753	1000000.0	12
20170118_130358	89.4	-1.59570349	1000000.0	12
20170118_130408	90.3	-1.60385678	1000000.0	12
20170118_130418	89.4	-1.60767791	1000000.0	12
20170118_130428	89.6	-1.60644217	1000000.0	12
20170118_130438	90.0	-1.60605166	1000000.0	12
20170118_130447	90.0	-1.60543915	1000000.0	12
20170118_130458	90.3	-1.60046108	1000000.0	12
20170118_130507	90.0	-1.60142494	1000000.0	12
20170118_130517	90.0	-1.59918567	1000000.0	12
20170118_130527	90.0	-1.59705151	1000000.0	12
20170118_130537	90.1	-1.60417408	1000000.0	12
20170118_130547	89.4	-1.60324408	1000000.0	12
20170118_130558	89.6	-1.60285439	1000000.0	12
20170118_130608	90.0	-1.60212372	1000000.0	12
20170118_130618	89.8	-1.60336954	1000000.0	12
20170118_130628	90.5	-1.59702379	1000000.0	12
20170118_130638	90.7	-1.59911284	1000000.0	12
20170118_130648	91.5	-1.59401474	1000000.0	12
20170118_130658	90.7	-1.59971126	1000000.0	12
20170118_130708	90.7	-1.59853429	1000000.0	12
20170118_130718	91.3	-1.59960539	1000000.0	12
20170118_130728	90.9	-1.59659086	1000000.0	12
20170118_130738	90.9	-1.59713191	1000000.0	12
20170118_130748	90.7	-1.59708793	1000000.0	12
20170118_130758	90.9	-1.59640812	1000000.0	12
20170118_130807	90.7	-1.6013172	1000000.0	12
20170118_130818	90.5	-1.60253418	1000000.0	12
20170118_130828	90.3	-1.60180229	1000000.0	12
20170118_130838	90.5	-1.6062466	1000000.0	12
20170118_130848	90.5	-1.61011724	1000000.0	12
20170118_130858	90.7	-1.6057258	1000000.0	12
20170118_130908	90.7	-1.60007612	1000000.0	12
20170118_130918	90.3	-1.60378614	1000000.0	12
20170118_130927	90.7	-1.61336511	1000000.0	12
20170118_130938	90.3	-1.61710767	1000000.0	12
20170118_130948	90.5	-1.61667165	1000000.0	12
20170118_130957	90.3	-1.61443059	1000000.0	12
20170118_131007	90.5	-1.61631078	1000000.0	12
20170118_131018	90.9	-1.60716897	1000000.0	12
20170118_131027	91.3	-1.60351587	1000000.0	12
20170118_131038	91.3	-1.59257234	1000000.0	12
20170118_131048	91.5	-1.59977424	1000000.0	12
20170118_131058	91.6	-1.59756321	1000000.0	12
20170118_131108	91.8	-1.60129563	1000000.0	12
20170118_131118	91.8	-1.59913286	1000000.0	12
20170118_131128	91.8	-1.59930823	1000000.0	12
20170118_131138	91.3	-1.59906965	1000000.0	12
20170118_131148	91.5	-1.59843956	1000000.0	12
20170118_131158	91.5	-1.59654017	1000000.0	12
20170118_131208	91.5	-1.59813185	1000000.0	12
20170118_131218	91.5	-1.59991835	1000000.0	12
20170118_131228	91.5	-1.59849785	1000000.0	12
20170118_131238	91.5	-1.60063526	1000000.0	12
20170118_131247	91.6	-1.60407919	1000000.0	12
20170118_131258	91.5	-1.59787063	1000000.0	12
20170118_131308	91.5	-1.59553192	1000000.0	12
20170118_131317	91.6	-1.59531249	1000000.0	12
20170118_131328	91.8	-1.59847338	1000000.0	12
20170118_131337	91.8	-1.6025806	1000000.0	12
20170118_131347	92.0	-1.5941229	1000000.0	12
20170118_131357	92.0	-1.58844059	1000000.0	12
20170118_131407	92.2	-1.59205165	1000000.0	12
20170118_131417	92.0	-1.59478268	1000000.0	12
20170118_131427	92.2	-1.59829887	1000000.0	12
20170118_131437	92.2	-1.59803987	1000000.0	12
20170118_131448	92.2	-1.59540469	1000000.0	12
20170118_131458	92.4	-1.59625906	1000000.0	12
20170118_131508	92.4	-1.59456893	1000000.0	12
20170118_131517	92.4	-1.59603519	1000000.0	12
20170118_131527	92.6	-1.59732053	1000000.0	12
20170118_131537	93.0	-1.59429728	1000000.0	12
20170118_131547	93.5	-1.59757718	1000000.0	12
20170118_131557	93.3	-1.59627312	1000000.0	12
20170118_131607	92.2	-1.59815279	1000000.0	12
20170118_131617	93.5	-1.59516844	1000000.0	12
20170118_131627	93.0	-1.59616116	1000000.0	12
20170118_131637	92.6	-1.59317598	1000000.0	12
20170118_131647	93.0	-1.59510709	1000000.0	12
20170118_131657	93.0	-1.59500224	1000000.0	12
20170118_131707	93.0	-1.59285926	1000000.0	12
20170118_131717	94.1	-1.59541962	1000000.0	12
20170118_131728	94.5	-1.59979414	1000000.0	12
20170118_131737	94.1	-1.59858155	1000000.0	12
20170118_131747	93.7	-1.59790298	1000000.0	12
20170118_131758	92.8	-1.60720789	1000000.0	12
20170118_131807	93.5	-1.60475486	1000000.0	12
20170118_131817	93.0	-1.60586449	1000000.0	12
20170118_131827	92.6	-1.60183454	1000000.0	12
20170118_131838	92.8	-1.60145287	1000000.0	12
20170118_131848	92.2	-1.60168722	1000000.0	12
20170118_131858	92.2	-1.59671817	1000000.0	12
20170118_131908	92.6	-1.59724558	1000000.0	12
20170118_131918	92.0	-1.6015253	1000000.0	12
20170118_131927	92.2	-1.60180558	1000000.0	12
20170118_131937	92.2	-1.60274668	1000000.0	12
20170118_131947	91.8	-1.59190258	1000000.0	12
20170118_131957	92.4	-1.59674675	1000000.0	12
20170118_132007	92.2	-1.59935231	1000000.0	12
20170118_132017	92.2	-1.60373644	1000000.0	12
20170118_132027	92.2	-1.59636807	1000000.0	12
20170118_132037	92.2	-1.588803	1000000.0	12
20170118_132047	92.2	-1.59491462	1000000.0	12
20170118_132058	92.0	-1.59737606	1000000.0	12
20170118_132107	92.2	-1.5973163	1000000.0	12
20170118_132117	92.8	-1.59560675	1000000.0	12
20170118_132127	92.8	-1.58869745	1000000.0	12
20170118_132137	93.2	-1.59919565	1000000.0	12
20170118_132147	92.4	-1.60191177	1000000.0	12
20170118_132157	92.4	-1.60280388	1000000.0	12
20170118_132207	92.4	-1.59919964	1000000.0	12
20170118_132217	92.4	-1.58950947	1000000.0	12
20170118_132227	92.6	-1.59612077	1000000.0	12
20170118_132237	92.6	-1.59664776	1000000.0	12
20170118_132247	92.6	-1.59448896	1000000.0	12
20170118_132257	92.6	-1.59294452	1000000.0	12
20170118_132307	92.8	-1.58354883	1000000.0	12
20170118_132317	92.8	-1.59178989	1000000.0	12
20170118_132327	93.0	-1.59341056	1000000.0	12
20170118_132337	93.0	-1.59289517	1000000.0	12
20170118_132347	92.8	-1.59072512	1000000.0	12
20170118_132357	93.2	-1.58485809	1000000.0	12
20170118_132407	92.6	-1.59171072	1000000.0	12
20170118_132417	92.6	-1.59389372	1000000.0	12
20170118_132427	93.2	-1.59613885	1000000.0	12
20170118_132437	92.4	-1.59720695	1000000.0	12
20170118_132447	92.4	-1.59015714	1000000.0	12
20170118_132457	92.2	-1.59728222	1000000.0	12
20170118_132507	92.2	-1.59840473	1000000.0	12
20170118_132517	92.6	-1.5975347	1000000.0	12
20170118_132527	92.8	-1.59508664	1000000.0	12
20170118_132537	92.8	-1.59210078	1000000.0	12
20170118_132547	92.6	-1.58996696	1000000.0	12
20170118_132557	92.2	-1.585207	1000000.0	12
20170118_132607	92.2	-1.58602824	1000000.0	12
20170118_132617	93.0	-1.58369288	1000000.0	12
20170118_132627	93.0	-1.58415839	1000000.0	12
20170118_132637	93.0	-1.58300888	1000000.0	12
20170118_132647	93.0	-1.58304672	1000000.0	12
20170118_132657	93.0	-1.58662349	1000000.0	12
20170118_132707	93.0	-1.58382464	1000000.0	12
20170118_132717	93.2	-1.58301657	1000000.0	12
20170118_132727	93.2	-1.58281814	1000000.0	12
20170118_132737	93.0	-1.58361623	1000000.0	12
20170118_132747	93.2	-1.58266632	1000000.0	12
20170118_132757	93.0	-1.58021538	1000000.0	12
20170118_132807	93.0	-1.58146774	1000000.0	12
20170118_132817	93.0	-1.58056913	1000000.0	12
20170118_132827	93.3	-1.57969747	1000000.0	12
20170118_132837	93.2	-1.57878082	1000000.0	12
20170118_132847	93.2	-1.56901513	1000000.0	12
20170118_132857	93.2	-1.57722874	1000000.0	12
20170118_132907	93.2	-1.57772502	1000000.0	12
20170118_132917	93.2	-1.57915762	1000000.0	12
20170118_132927	93.2	-1.57770288	1000000.0	12
20170118_132937	93.3	-1.57557802	1000000.0	12
20170118_132948	93.2	-1.57720509	1000000.0	12
20170118_132957	93.0	-1.57927668	1000000.0	12
20170118_133007	92.8	-1.58391846	1000000.0	12
20170118_133017	93.0	-1.58651668	1000000.0	12
20170118_133027	93.0	-1.59084221	1000000.0	12
20170118_133037	92.8	-1.58815834	1000000.0	12
20170118_133047	93.5	-1.58514854	1000000.0	12
20170118_133057	93.0	-1.58073357	1000000.0	12
20170118_133107	93.3	-1.58315291	1000000.0	12
20170118_133117	93.0	-1.5955889	1000000.0	12
20170118_133127	93.2	-1.59596402	1000000.0	12
20170118_133137	93.0	-1.59553416	1000000.0	12
20170118_133147	92.6	-1.59417984	1000000.0	12
20170118_133157	92.8	-1.59496581	1000000.0	12
20170118_133207	92.8	-1.59665159	1000000.0	12
20170118_133217	93.3	-1.59751739	1000000.0	12
20170118_133227	93.2	-1.59069938	1000000.0	12
20170118_133237	93.2	-1.59438342	1000000.0	12
20170118_133247	93.2	-1.59274884	1000000.0	12
20170118_133257	93.3	-1.58644228	1000000.0	12
20170118_133307	93.2	-1.58428011	1000000.0	12
20170118_133317	93.0	-1.5841635	1000000.0	12
20170118_133327	92.8	-1.57958422	1000000.0	12
20170118_133337	92.6	-1.58512946	1000000.0	12
20170118_133347	92.4	-1.5918156	1000000.0	12
20170118_133357	92.4	-1.5903519	1000000.0	12
20170118_133407	92.2	-1.59179267	1000000.0	12
20170118_133417	92.0	-1.5897987	1000000.0	12
20170118_133427	91.8	-1.58928827	1000000.0	12
20170118_133437	91.5	-1.59175808	1000000.0	12
20170118_133447	91.3	-1.58555494	1000000.0	12
20170118_133457	91.5	-1.58172371	1000000.0	12
20170118_133507	91.3	-1.58345579	1000000.0	12
20170118_133517	90.9	-1.58472374	1000000.0	12
20170118_133527	91.1	-1.58478308	1000000.0	12
20170118_133537	91.1	-1.58609092	1000000.0	12
20170118_133547	90.7	-1.58303376	1000000.0	12
20170118_133557	91.1	-1.58410362	1000000.0	12
20170118_133607	91.1	-1.59296391	1000000.0	12
20170118_133617	91.3	-1.59017108	1000000.0	12
20170118_133627	91.3	-1.58881199	1000000.0	12
20170118_133637	92.0	-1.58648585	1000000.0	12
20170118_133647	92.4	-1.58739234	1000000.0	12
20170118_133657	92.6	-1.58764305	1000000.0	12
20170118_133707	92.8	-1.58699476	1000000.0	12
20170118_133717	92.8	-1.58710988	1000000.0	12
20170118_133727	91.8	-1.58464001	1000000.0	12
20170118_133737	91.3	-1.58589981	1000000.0	12
20170118_133747	90.9	-1.58345328	1000000.0	12
20170118_133757	90.3	-1.58217883	1000000.0	12
20170118_133807	91.3	-1.58864782	1000000.0	12
20170118_133817	91.1	-1.59483712	1000000.0	12
20170118_133827	91.1	-1.59527307	1000000.0	12
20170118_133837	91.3	-1.59349872	1000000.0	12
20170118_133847	91.3	-1.59188887	1000000.0	12
20170118_133857	91.6	-1.59090377	1000000.0	12
20170118_133907	91.6	-1.58930968	1000000.0	12
20170118_133917	91.5	-1.58420807	1000000.0	12
20170118_133927	91.6	-1.59249181	1000000.0	12
20170118_133938	91.6	-1.59350897	1000000.0	12
20170118_133948	91.6	-1.59288464	1000000.0	12
20170118_133957	91.6	-1.58524713	1000000.0	12
20170118_134007	91.6	-1.57637836	1000000.0	12
20170118_134017	91.6	-1.58137502	1000000.0	12
20170118_134027	91.6	-1.58087422	1000000.0	12
20170118_134037	91.8	-1.58219321	1000000.0	12
20170118_134047	91.6	-1.58259028	1000000.0	12
20170118_134057	91.6	-1.57200002	1000000.0	12
20170118_134107	92.0	-1.58039725	1000000.0	12
20170118_134118	92.0	-1.5786295	1000000.0	12
20170118_134127	92.2	-1.58671231	1000000.0	12
20170118_134137	92.2	-1.58102592	1000000.0	12
20170118_134147	91.6	-1.57580528	1000000.0	12
20170118_134157	91.5	-1.57504003	1000000.0	12
20170118_134208	91.3	-1.57785528	1000000.0	12
20170118_134218	91.3	-1.57559072	1000000.0	12
20170118_134228	91.5	-1.57893763	1000000.0	12
20170118_134238	91.8	-1.57825903	1000000.0	12
20170118_134248	91.6	-1.56966421	1000000.0	12
20170118_134258	91.5	-1.57805042	1000000.0	12
20170118_134308	91.5	-1.58587417	1000000.0	12
20170118_134318	91.3	-1.58681063	1000000.0	12
20170118_134328	92.2	-1.5901278	1000000.0	12
20170118_134338	92.6	-1.58971859	1000000.0	12
20170118_134348	92.8	-1.58888985	1000000.0	12
20170118_134358	93.0	-1.58691568	1000000.0	12
20170118_134408	93.0	-1.58705455	1000000.0	12
20170118_134418	93.2	-1.58603853	1000000.0	12
20170118_134428	93.0	-1.58451781	1000000.0	12
20170118_134438	92.8	-1.58252666	1000000.0	12
20170118_134448	93.3	-1.58671966	1000000.0	12
20170118_134458	93.0	-1.5855796	1000000.0	12
20170118_134508	92.0	-1.58541755	1000000.0	12
20170118_134518	91.3	-1.58850985	1000000.0	12
20170118_134528	91.6	-1.58993214	1000000.0	12
20170118_134538	91.5	-1.58450191	1000000.0	12
20170118_134548	91.1	-1.59372842	1000000.0	12
20170118_134558	91.1	-1.59866338	1000000.0	12
20170118_134608	91.1	-1.58537139	1000000.0	12
20170118_134618	91.1	-1.58716641	1000000.0	12
20170118_134628	90.9	-1.58851772	1000000.0	12
20170118_134638	90.7	-1.58407954	1000000.0	12
20170118_134648	91.1	-1.58148343	1000000.0	12
20170118_134658	91.1	-1.56794997	1000000.0	12
20170118_134708	90.9	-1.58354166	1000000.0	12
20170118_134718	90.7	-1.55506662	1000000.0	12
20170118_134728	90.3	-1.58066662	1000000.0	12
20170118_134737	89.8	-1.57218207	1000000.0	12
20170118_134748	89.6	-1.56879391	1000000.0	12
20170118_134758	89.8	-1.56662685	1000000.0	12
20170118_134808	89.6	-1.56575258	1000000.0	12
20170118_134818	89.6	-1.55786585	1000000.0	12
20170118_134828	89.2	-1.5857953	1000000.0	12
20170118_134838	88.8	-1.58507369	1000000.0	12
20170118_134847	88.8	-1.55851589	1000000.0	12
20170118_134858	88.4	-1.57722004	1000000.0	12
20170118_134907	88.3	-1.56370847	1000000.0	12
20170118_134917	87.9	-1.54995408	1000000.0	12
20170118_134927	87.5	-1.54994731	1000000.0	12
20170118_134937	87.1	-1.5683299	1000000.0	12
20170118_134948	86.9	-1.56929598	1000000.0	12
20170118_134958	86.7	-1.56961392	1000000.0	12
20170118_135008	86.4	-1.5653802	1000000.0	12
20170118_135018	86.6	-1.56216415	1000000.0	12
20170118_135028	86.6	-1.55375072	1000000.0	12
20170118_135038	86.4	-1.56772304	1000000.0	12
20170118_135048	87.7	-1.55464243	1000000.0	12
20170118_135058	86.0	-1.55854703	1000000.0	12
20170118_135107	85.6	-1.55527639	1000000.0	12
20170118_135118	85.6	-1.5565329	1000000.0	12
20170118_135128	85.4	-1.55452015	1000000.0	12
20170118_135137	85.6	-1.55447976	1000000.0	12
20170118_135148	85.6	-1.55299368	1000000.0	12
20170118_135157	85.8	-1.55324876	1000000.0	12
20170118_135207	86.2	-1.55779913	1000000.0	12
20170118_135218	85.4	-1.55420991	1000000.0	12
20170118_135228	85.8	-1.55452249	1000000.0	12
20170118_135238	85.8	-1.56005996	1000000.0	12
20170118_135248	85.8	-1.56010737	1000000.0	12
20170118_135258	86.0	-1.55788628	1000000.0	12
20170118_135308	86.0	-1.55830388	1000000.0	12
20170118_135318	85.4	-1.55999606	1000000.0	12
20170118_135328	86.0	-1.57649149	1000000.0	12
20170118_135338	72.4	-1.55586737	1000000.0	12
20170118_135348	77.1	-1.55174059	1000000.0	12
20170118_135358	80.3	-1.5545382	1000000.0	12
20170118_135408	81.8	-1.5541698	1000000.0	12
20170118_135417	83.3	-1.55522713	1000000.0	12
20170118_135428	83.9	-1.55797995	1000000.0	12
20170118_135438	84.3	-1.53085439	1000000.0	12
20170118_135447	84.5	-1.55511753	1000000.0	12
20170118_135457	84.7	-1.56052359	1000000.0	12
20170118_135507	84.9	-1.56202327	1000000.0	12
20170118_135517	85.0	-1.5584089	1000000.0	12
20170118_135527	85.0	-1.55842311	1000000.0	12
20170118_135538	85.2	-1.55874339	1000000.0	12
20170118_135548	85.2	-1.56069206	1000000.0	12
20170118_135557	85.4	-1.55380474	1000000.0	12
20170118_135608	85.6	-1.55882997	1000000.0	12
20170118_135618	85.4	-1.55841149	1000000.0	12
20170118_135628	85.6	-1.56128343	1000000.0	12
20170118_135638	85.6	-1.56100779	1000000.0	12
20170118_135647	85.4	-1.56090405	1000000.0	12
20170118_135657	85.4	-1.56034152	1000000.0	12
20170118_135707	85.4	-1.55905899	1000000.0	12
20170118_135718	85.4	-1.55872523	1000000.0	12
20170118_135728	85.4	-1.56042194	1000000.0	12
20170118_135738	85.4	-1.56259273	1000000.0	12
20170118_135748	85.6	-1.56089199	1000000.0	12
20170118_135758	85.6	-1.54459689	1000000.0	12
20170118_135808	85.8	-1.56303396	1000000.0	12
20170118_135818	86.0	-1.56150707	1000000.0	12
20170118_135828	86.2	-1.55960277	1000000.0	12
20170118_135838	86.0	-1.55737767	1000000.0	12
20170118_135848	86.0	-1.55806974	1000000.0	12
20170118_135858	85.8	-1.56105202	1000000.0	12
20170118_135908	85.8	-1.56042811	1000000.0	12
20170118_135918	85.8	-1.55882012	1000000.0	12
20170118_135928	86.0	-1.558087	1000000.0	12
20170118_135938	86.0	-1.55973764	1000000.0	12
20170118_135948	85.8	-1.56047841	1000000.0	12
20170118_135958	86.0	-1.55805201	1000000.0	12
20170118_140008	85.8	-1.55844632	1000000.0	12
20170118_140018	85.8	-1.55932698	1000000.0	12
20170118_140028	85.8	-1.55876505	1000000.0	12
20170118_140038	86.0	-1.55931244	1000000.0	12
20170118_140048	86.2	-1.56067549	1000000.0	12
20170118_140058	86.4	-1.56313119	1000000.0	12
20170118_140108	86.2	-1.55389176	1000000.0	12
20170118_140118	86.2	-1.56161936	1000000.0	12
20170118_140128	86.0	-1.56136779	1000000.0	12
20170118_140138	86.0	-1.56005288	1000000.0	12
20170118_140148	86.0	-1.56143871	1000000.0	12
20170118_140158	86.0	-1.55950536	1000000.0	12
20170118_140208	86.0	-1.55825939	1000000.0	12
20170118_140217	85.8	-1.55918887	1000000.0	12
20170118_140227	86.0	-1.5578243	1000000.0	12
20170118_140238	86.2	-1.55868063	1000000.0	12
20170118_140247	85.8	-1.55876988	1000000.0	12
20170118_140258	86.0	-1.56044574	1000000.0	12
20170118_140307	86.0	-1.55851104	1000000.0	12
20170118_140317	86.0	-1.55931628	1000000.0	12
20170118_140327	86.0	-1.5586729	1000000.0	12
20170118_140337	85.8	-1.55593394	1000000.0	12
20170118_140347	85.8	-1.55648969	1000000.0	12
20170118_140357	86.2	-1.55566071	1000000.0	12
20170118_140407	86.2	-1.55981741	1000000.0	12
20170118_140417	86.2	-1.56135499	1000000.0	12
20170118_140427	86.0	-1.558763	1000000.0	12
20170118_140437	86.2	-1.56086295	1000000.0	12
20170118_140447	86.4	-1.56164964	1000000.0	12
20170118_140457	86.2	-1.55869872	1000000.0	12
20170118_140507	86.2	-1.55835178	1000000.0	12
20170118_140517	86.2	-1.55849784	1000000.0	12
20170118_140527	86.4	-1.55665377	1000000.0	12
20170118_140537	86.2	-1.55787514	1000000.0	12
20170118_140547	86.4	-1.55709052	1000000.0	12
20170118_140557	86.4	-1.56065692	1000000.0	12
20170118_140607	86.4	-1.56035644	1000000.0	12
20170118_140617	86.4	-1.55931448	1000000.0	12
20170118_140627	86.4	-1.56261457	1000000.0	12
20170118_140637	86.4	-1.56061093	1000000.0	12
20170118_140647	86.4	-1.55856779	1000000.0	12
20170118_140657	86.6	-1.5583921	1000000.0	12
20170118_140707	86.6	-1.56312426	1000000.0	12
20170118_140717	86.4	-1.56220887	1000000.0	12
20170118_140727	86.6	-1.56320117	1000000.0	12
20170118_140737	86.6	-1.56052411	1000000.0	12
20170118_140747	86.6	-1.55949606	1000000.0	12
20170118_140757	86.4	-1.56048623	1000000.0	12
20170118_140807	86.6	-1.56337128	1000000.0	12
20170118_140817	86.6	-1.55567317	1000000.0	12
20170118_140827	86.4	-1.56310888	1000000.0	12
20170118_140837	86.6	-1.56306955	1000000.0	12
20170118_140847	86.6	-1.56568676	1000000.0	12
20170118_140857	86.6	-1.56425164	1000000.0	12
20170118_140907	86.4	-1.56239536	1000000.0	12
20170118_140917	86.6	-1.56220804	1000000.0	12
20170118_140927	86.4	-1.56229752	1000000.0	12
20170118_140937	86.4	-1.56119261	1000000.0	12
20170118_140947	86.6	-1.55867804	1000000.0	12
20170118_140957	86.7	-1.56186778	1000000.0	12
20170118_141007	86.2	-1.56375429	1000000.0	12
20170118_141017	86.2	-1.56451269	1000000.0	12
20170118_141027	86.2	-1.5645302	1000000.0	12
20170118_141037	86.4	-1.56483197	1000000.0	12
20170118_141047	86.4	-1.56025275	1000000.0	12
20170118_141057	86.2	-1.56074934	1000000.0	12
20170118_141107	86.2	-1.56099558	1000000.0	12
20170118_141117	86.0	-1.55629545	1000000.0	12
20170118_141127	86.2	-1.55542551	1000000.0	12
20170118_141137	86.2	-1.55565797	1000000.0	12
20170118_141147	86.4	-1.55560295	1000000.0	12
20170118_141157	86.2	-1.5551185	1000000.0	12
20170118_141207	86.0	-1.55612436	1000000.0	12
20170118_141217	86.6	-1.55644668	1000000.0	12
20170118_141227	86.7	-1.55907032	1000000.0	12
20170118_141237	86.6	-1.56073571	1000000.0	12
20170118_141247	86.0	-1.56438202	1000000.0	12
20170118_141257	86.0	-1.55983763	1000000.0	12
20170118_141307	86.0	-1.56158682	1000000.0	12
20170118_141317	86.2	-1.56274629	1000000.0	12
20170118_141327	86.7	-1.56225575	1000000.0	12
20170118_141337	86.4	-1.56180922	1000000.0	12
20170118_141347	86.4	-1.56079807	1000000.0	12
20170118_141357	86.2	-1.56078903	1000000.0	12
20170118_141407	86.6	-1.56485859	1000000.0	12
20170118_141417	86.2	-1.56528	1000000.0	12
20170118_141427	86.4	-1.56444757	1000000.0	12
20170118_141437	86.7	-1.56852952	1000000.0	12
20170118_141447	86.7	-1.57254786	1000000.0	12
20170118_141457	86.7	-1.57313127	1000000.0	12
20170118_141507	86.6	-1.57070242	1000000.0	12
20170118_141517	86.4	-1.57337645	1000000.0	12
20170118_141527	86.2	-1.57148168	1000000.0	12
20170118_141537	86.4	-1.57422402	1000000.0	12
20170118_141547	86.2	-1.56422819	1000000.0	12
20170118_141557	86.7	-1.5702982	1000000.0	12
20170118_141607	86.6	-1.57137321	1000000.0	12
20170118_141617	86.4	-1.57058581	1000000.0	12
20170118_141627	86.6	-1.57080263	1000000.0	12
20170118_141637	86.6	-1.57004356	1000000.0	12
20170118_141647	86.9	-1.57198717	1000000.0	12
20170118_141657	86.6	-1.57400105	1000000.0	12
20170118_141707	86.6	-1.57877604	1000000.0	12
20170118_141717	86.4	-1.57638623	1000000.0	12
20170118_141727	86.4	-1.57717085	1000000.0	12
20170118_141737	86.6	-1.5754398	1000000.0	12
20170118_141748	86.4	-1.57490002	1000000.0	12
20170118_141757	86.2	-1.57746579	1000000.0	12
20170118_141807	86.9	-1.57594093	1000000.0	12
20170118_141817	86.6	-1.57491303	1000000.0	12
20170118_141827	87.1	-1.57475174	1000000.0	12
20170118_141837	86.7	-1.5781482	1000000.0	12
20170118_141847	86.6	-1.57622417	1000000.0	12
20170118_141857	86.7	-1.57279908	1000000.0	12
20170118_141907	86.7	-1.57153184	1000000.0	12
20170118_141917	86.7	-1.5715355	1000000.0	12
20170118_141927	87.1	-1.56896525	1000000.0	12
20170118_141937	86.6	-1.56971318	1000000.0	12
20170118_141947	86.7	-1.5693236	1000000.0	12
20170118_141957	86.9	-1.57024781	1000000.0	12
20170118_142007	86.7	-1.56873987	1000000.0	12
20170118_142017	86.9	-1.56985155	1000000.0	12
20170118_142027	86.7	-1.57403262	1000000.0	12
20170118_142037	87.1	-1.5733968	1000000.0	12
20170118_142047	87.1	-1.56983513	1000000.0	12
20170118_142057	86.7	-1.56870682	1000000.0	12
20170118_142108	87.1	-1.56873719	1000000.0	12
20170118_142117	86.7	-1.56968336	1000000.0	12
20170118_142127	86.4	-1.57081741	1000000.0	12
20170118_142137	86.7	-1.56732726	1000000.0	12
20170118_142147	86.6	-1.56829892	1000000.0	12
20170118_142157	87.1	-1.56398802	1000000.0	12
20170118_142207	87.1	-1.56771638	1000000.0	12
20170118_142217	86.9	-1.57356335	1000000.0	12
20170118_142227	86.4	-1.57148561	1000000.0	12
20170118_142237	86.4	-1.57017865	1000000.0	12
20170118_142247	86.6	-1.5735171	1000000.0	12
20170118_142257	86.9	-1.56995996	1000000.0	12
20170118_142307	86.7	-1.5680989	1000000.0	12
20170118_142317	86.7	-1.56565	1000000.0	12
20170118_142327	86.6	-1.56427995	1000000.0	12
20170118_142337	86.6	-1.56534679	1000000.0	12
20170118_142347	86.7	-1.5693023	1000000.0	12
20170118_142357	86.7	-1.57436328	1000000.0	12
20170118_142407	87.3	-1.573178	1000000.0	12
20170118_142417	87.1	-1.57454529	1000000.0	12
20170118_142428	87.1	-1.57696258	1000000.0	12
20170118_142438	86.9	-1.57501302	1000000.0	12
20170118_142448	87.3	-1.57354051	1000000.0	12
20170118_142458	88.3	-1.57391023	1000000.0	12
20170118_142507	86.7	-1.573655	1000000.0	12
20170118_142518	86.9	-1.57228017	1000000.0	12
20170118_142528	87.3	-1.57751667	1000000.0	12
20170118_142538	87.1	-1.57803523	1000000.0	12
20170118_142548	86.9	-1.57653016	1000000.0	12
20170118_142557	87.1	-1.57337699	1000000.0	12
20170118_142607	86.9	-1.57335054	1000000.0	12
20170118_142618	87.1	-1.57359399	1000000.0	12
20170118_142627	86.9	-1.57413639	1000000.0	12
20170118_142637	87.1	-1.57249865	1000000.0	12
20170118_142647	86.9	-1.572876	1000000.0	12
20170118_142657	86.9	-1.57219248	1000000.0	12
20170118_142707	86.9	-1.57189796	1000000.0	12
20170118_142718	86.9	-1.57283815	1000000.0	12
20170118_142728	86.7	-1.57151458	1000000.0	12
20170118_142738	86.6	-1.57322682	1000000.0	12
20170118_142748	87.1	-1.57298911	1000000.0	12
20170118_142757	86.6	-1.57313414	1000000.0	12
20170118_142808	86.4	-1.5727445	1000000.0	12
20170118_142817	86.6	-1.5739824	1000000.0	12
20170118_142827	86.4	-1.571222	1000000.0	12
20170118_142837	86.4	-1.57053156	1000000.0	12
20170118_142847	86.4	-1.57303336	1000000.0	12
