20170120_111340	30.7	-0.0645431985	1000000.0	12
20170120_111350	30.7	-0.0649411678	1000000.0	12
20170120_111400	30.5	-0.0644669153	1000000.0	12
20170120_111410	30.5	-0.064946936	1000000.0	12
20170120_111420	30.5	-0.0641289437	1000000.0	12
20170120_111430	30.5	-0.0644315258	1000000.0	12
20170120_111440	30.7	-0.0641648712	1000000.0	12
20170120_111450	30.7	-0.0639713233	1000000.0	12
20170120_111500	30.7	-0.0636607131	1000000.0	12
20170120_111510	30.9	-0.0634531527	1000000.0	12
20170120_111520	30.7	-0.0636516303	1000000.0	12
20170120_111530	30.7	-0.0639973218	1000000.0	12
20170120_111540	30.7	-0.0635297653	1000000.0	12
20170120_111550	30.9	-0.0633850222	1000000.0	12
20170120_111600	30.7	-0.0642781855	1000000.0	12
20170120_111610	30.9	-0.0641177173	1000000.0	12
20170120_111620	30.9	-0.0640404601	1000000.0	12
20170120_111630	30.9	-0.0638897775	1000000.0	12
20170120_111640	30.7	-0.0639419607	1000000.0	12
20170120_111650	30.9	-0.063163638	1000000.0	12
20170120_111700	31.1	-0.063517959	1000000.0	12
20170120_111710	31.1	-0.0601693769	1000000.0	12
20170120_111720	31.1	-0.0628664749	1000000.0	12
20170120_111730	30.9	-0.0632858087	1000000.0	12
20170120_111740	31.1	-0.0628735947	1000000.0	12
20170120_111750	31.1	-0.059101466	1000000.0	12
20170120_111800	31.1	-0.0627790414	1000000.0	12
20170120_111810	30.9	-0.0624060058	1000000.0	12
20170120_111820	31.3	-0.0629494544	1000000.0	12
20170120_111830	31.1	-0.0629856425	1000000.0	12
20170120_111840	31.1	-0.0625714267	1000000.0	12
20170120_111850	31.3	-0.0623238225	1000000.0	12
20170120_111900	31.3	-0.0624555036	1000000.0	12
20170120_111910	31.3	-0.0624956142	1000000.0	12
20170120_111920	31.1	-0.0622454905	1000000.0	12
20170120_111930	31.3	-0.0621208587	1000000.0	12
20170120_111940	31.3	-0.0624489071	1000000.0	12
20170120_111950	31.5	-0.0624124587	1000000.0	12
20170120_112000	31.3	-0.06234532	1000000.0	12
20170120_112010	31.3	-0.0620432027	1000000.0	12
20170120_112020	31.3	-0.0621890883	1000000.0	12
20170120_112030	31.3	-0.0620752071	1000000.0	12
20170120_112040	31.3	-0.0623102484	1000000.0	12
20170120_112050	31.5	-0.0626201389	1000000.0	12
20170120_112100	31.5	-0.0624502245	1000000.0	12
20170120_112110	31.3	-0.0624960849	1000000.0	12
20170120_112120	31.5	-0.0619003608	1000000.0	12
20170120_112130	31.5	-0.0619891803	1000000.0	12
20170120_112140	31.5	-0.0624545712	1000000.0	12
20170120_112150	31.5	-0.0619066038	1000000.0	12
20170120_112200	31.5	-0.0620745183	1000000.0	12
20170120_112210	31.5	-0.0619990934	1000000.0	12
20170120_112220	31.7	-0.0626113653	1000000.0	12
20170120_112230	31.5	-0.0623282583	1000000.0	12
20170120_112240	31.7	-0.0626391149	1000000.0	12
20170120_112250	31.7	-0.0627521373	1000000.0	12
20170120_112300	31.7	-0.0623533827	1000000.0	12
20170120_112310	31.7	-0.0625716711	1000000.0	12
20170120_112320	31.7	-0.0628927787	1000000.0	12
20170120_112330	31.7	-0.0625920459	1000000.0	12
20170120_112340	31.7	-0.0629706814	1000000.0	12
20170120_112350	31.7	-0.0633037082	1000000.0	12
20170120_112400	31.7	-0.062902683	1000000.0	12
20170120_112410	31.9	-0.0628652742	1000000.0	12
20170120_112420	31.7	-0.0631316347	1000000.0	12
20170120_112430	31.9	-0.0631406349	1000000.0	12
20170120_112440	31.9	-0.0632899084	1000000.0	12
20170120_112450	31.9	-0.0634584592	1000000.0	12
20170120_112500	31.9	-0.0636535914	1000000.0	12
20170120_112510	31.7	-0.0636844596	1000000.0	12
20170120_112520	31.7	-0.0637167507	1000000.0	12
20170120_112530	31.9	-0.0637955021	1000000.0	12
20170120_112540	31.9	-0.064063815	1000000.0	12
20170120_112550	31.9	-0.0637090382	1000000.0	12
20170120_112600	31.9	-0.0636895016	1000000.0	12
20170120_112610	31.9	-0.064393634	1000000.0	12
20170120_112620	31.9	-0.0639579605	1000000.0	12
20170120_112630	31.7	-0.0643661556	1000000.0	12
20170120_112640	31.9	-0.0645903893	1000000.0	12
20170120_112650	31.9	-0.0645178542	1000000.0	12
20170120_112700	31.9	-0.0647492815	1000000.0	12
20170120_112710	31.9	-0.063999634	1000000.0	12
20170120_112720	31.9	-0.0643505121	1000000.0	12
20170120_112730	31.9	-0.0645295658	1000000.0	12
20170120_112740	32.1	-0.0645971673	1000000.0	12
20170120_112750	31.9	-0.0645034054	1000000.0	12
20170120_112800	31.9	-0.0651791157	1000000.0	12
20170120_112810	32.1	-0.0655030091	1000000.0	12
20170120_112820	31.9	-0.0656211748	1000000.0	12
20170120_112830	32.1	-0.0649195561	1000000.0	12
20170120_112840	31.9	-0.0652445664	1000000.0	12
20170120_112850	31.9	-0.0649540189	1000000.0	12
20170120_112900	31.9	-0.0654315428	1000000.0	12
20170120_112910	31.9	-0.0660449905	1000000.0	12
20170120_112920	31.9	-0.0662503718	1000000.0	12
20170120_112930	31.9	-0.0662312817	1000000.0	12
20170120_112940	32.1	-0.0663019188	1000000.0	12
20170120_112950	32.1	-0.0598400377	1000000.0	12
20170120_113000	32.1	-0.066161074	1000000.0	12
20170120_113010	32.1	-0.0667448732	1000000.0	12
20170120_113020	32.1	-0.0663358803	1000000.0	12
20170120_113030	31.9	-0.066639545	1000000.0	12
20170120_113040	32.1	-0.0666160636	1000000.0	12
20170120_113050	32.1	-0.0666716595	1000000.0	12
20170120_113100	32.1	-0.0673749219	1000000.0	12
20170120_113110	32.1	-0.0674034128	1000000.0	12
20170120_113120	32.1	-0.0671235263	1000000.0	12
20170120_113130	32.1	-0.0678230117	1000000.0	12
20170120_113140	32.1	-0.0676520794	1000000.0	12
20170120_113150	32.3	-0.0676065339	1000000.0	12
20170120_113200	32.1	-0.0675853864	1000000.0	12
20170120_113210	32.3	-0.0682627796	1000000.0	12
20170120_113220	32.1	-0.0684639948	1000000.0	12
20170120_113230	32.1	-0.0686673796	1000000.0	12
20170120_113240	32.1	-0.0679713662	1000000.0	12
20170120_113250	32.1	-0.0683575574	1000000.0	12
20170120_113300	32.1	-0.068776085	1000000.0	12
20170120_113310	32.3	-0.0689271797	1000000.0	12
20170120_113320	32.1	-0.0689829073	1000000.0	12
20170120_113330	32.1	-0.0695219889	1000000.0	12
20170120_113340	32.3	-0.0690521344	1000000.0	12
20170120_113350	32.3	-0.0697423414	1000000.0	12
20170120_113400	32.1	-0.0696100893	1000000.0	12
20170120_113410	32.3	-0.0695306845	1000000.0	12
20170120_113420	32.3	-0.0699424743	1000000.0	12
20170120_113430	32.3	-0.0697367525	1000000.0	12
20170120_113440	32.3	-0.0706494769	1000000.0	12
20170120_113450	32.1	-0.0701262595	1000000.0	12
20170120_113500	32.3	-0.070528777	1000000.0	12
20170120_113510	32.3	-0.071112515	1000000.0	12
20170120_113520	32.3	-0.071074011	1000000.0	12
20170120_113530	32.3	-0.071159529	1000000.0	12
20170120_113540	32.3	-0.0708351685	1000000.0	12
20170120_113550	32.3	-0.0709625357	1000000.0	12
20170120_113600	32.5	-0.0715678961	1000000.0	12
20170120_113610	32.5	-0.0711497299	1000000.0	12
20170120_113620	32.3	-0.0716395461	1000000.0	12
20170120_113630	32.3	-0.0717920077	1000000.0	12
20170120_113640	32.3	-0.072065399	1000000.0	12
20170120_113650	32.3	-0.0721356253	1000000.0	12
20170120_113700	32.3	-0.0718033665	1000000.0	12
20170120_113710	32.3	-0.0719928746	1000000.0	12
20170120_113720	32.3	-0.0720493116	1000000.0	12
20170120_113730	32.5	-0.0724223177	1000000.0	12
20170120_113740	32.3	-0.072173362	1000000.0	12
20170120_113750	32.3	-0.0727143447	1000000.0	12
20170120_113800	32.3	-0.0728622505	1000000.0	12
20170120_113810	32.3	-0.0735063278	1000000.0	12
20170120_113820	32.3	-0.0725572166	1000000.0	12
20170120_113830	32.3	-0.0732760869	1000000.0	12
20170120_113840	32.5	-0.0734104081	1000000.0	12
20170120_113850	32.3	-0.0738783972	1000000.0	12
20170120_113900	32.5	-0.073254806	1000000.0	12
20170120_113910	32.3	-0.0745102086	1000000.0	12
20170120_113920	32.3	-0.0740952562	1000000.0	12
20170120_113930	32.3	-0.074128074	1000000.0	12
20170120_113940	32.5	-0.0743388567	1000000.0	12
20170120_113950	32.3	-0.0741684615	1000000.0	12
20170120_114000	32.5	-0.0746063749	1000000.0	12
20170120_114010	32.5	-0.0746809934	1000000.0	12
20170120_114020	32.5	-0.0751378478	1000000.0	12
20170120_114030	32.3	-0.0755846715	1000000.0	12
20170120_114040	32.5	-0.0757039164	1000000.0	12
20170120_114050	32.5	-0.0758334916	1000000.0	12
20170120_114100	32.5	-0.0758340321	1000000.0	12
20170120_114110	32.3	-0.0760543528	1000000.0	12
20170120_114120	32.5	-0.0762636398	1000000.0	12
20170120_114130	32.3	-0.0759795857	1000000.0	12
20170120_114140	32.5	-0.0759269932	1000000.0	12
20170120_114150	32.5	-0.0768923477	1000000.0	12
20170120_114200	32.5	-0.0769781342	1000000.0	12
20170120_114210	32.5	-0.076852954	1000000.0	12
20170120_114220	32.5	-0.0776331493	1000000.0	12
20170120_114230	32.5	-0.0779069928	1000000.0	12
20170120_114240	32.5	-0.077945868	1000000.0	12
20170120_114250	32.5	-0.0780750925	1000000.0	12
20170120_114300	32.5	-0.0777928126	1000000.0	12
20170120_114310	32.5	-0.077846595	1000000.0	12
20170120_114320	32.5	-0.0776379264	1000000.0	12
20170120_114330	32.5	-0.0786615026	1000000.0	12
20170120_114340	32.5	-0.0791762091	1000000.0	12
20170120_114350	32.5	-0.0791047506	1000000.0	12
20170120_114400	32.5	-0.0788600215	1000000.0	12
20170120_114410	32.5	-0.078641502	1000000.0	12
20170120_114420	32.5	-9.9e+37	1000000.0	12
20170120_114430	32.6	-9.9e+37	1000000.0	12
20170120_114440	32.5	-9.9e+37	1000000.0	12
20170120_114450	32.5	-9.9e+37	1000000.0	12
20170120_114500	32.5	-9.9e+37	1000000.0	12
20170120_114510	32.5	-9.9e+37	1000000.0	12
20170120_114520	32.5	-9.9e+37	1000000.0	12
20170120_114530	32.6	-9.9e+37	1000000.0	12
20170120_114540	32.5	-9.9e+37	1000000.0	12
20170120_114550	32.5	-9.9e+37	1000000.0	12
20170120_114600	32.6	-9.9e+37	1000000.0	12
20170120_114610	32.5	-9.9e+37	1000000.0	12
20170120_114620	32.5	-9.9e+37	1000000.0	12
20170120_114630	32.5	-9.9e+37	1000000.0	12
20170120_114640	32.6	-9.9e+37	1000000.0	12
20170120_114650	32.5	-9.9e+37	1000000.0	12
20170120_114700	32.6	-9.9e+37	1000000.0	12
20170120_114710	32.5	-9.9e+37	1000000.0	12
20170120_114720	32.5	-9.9e+37	1000000.0	12
20170120_114730	32.6	-9.9e+37	1000000.0	12
20170120_114740	32.6	-9.9e+37	1000000.0	12
20170120_114750	32.5	-9.9e+37	1000000.0	12
20170120_114800	32.6	-9.9e+37	1000000.0	12
20170120_114810	32.6	-9.9e+37	1000000.0	12
20170120_114820	32.5	-9.9e+37	1000000.0	12
20170120_114830	32.6	-9.9e+37	1000000.0	12
20170120_114840	32.6	-9.9e+37	1000000.0	12
20170120_114850	32.6	-9.9e+37	1000000.0	12
20170120_114900	32.6	-9.9e+37	1000000.0	12
20170120_114910	32.5	-9.9e+37	1000000.0	12
20170120_114920	32.5	-9.9e+37	1000000.0	12
20170120_114930	32.5	-9.9e+37	1000000.0	12
20170120_114940	32.5	-9.9e+37	1000000.0	12
20170120_114950	32.6	-9.9e+37	1000000.0	12
20170120_115000	32.6	-9.9e+37	1000000.0	12
20170120_115010	32.5	-9.9e+37	1000000.0	12
20170120_115020	32.6	-9.9e+37	1000000.0	12
20170120_115030	32.6	-9.9e+37	1000000.0	12
20170120_115040	32.5	-9.9e+37	1000000.0	12
20170120_115050	32.5	-9.9e+37	1000000.0	12
20170120_115100	32.5	-9.9e+37	1000000.0	12
20170120_115110	32.6	-9.9e+37	1000000.0	12
20170120_115120	32.6	-9.9e+37	1000000.0	12
20170120_115130	32.6	-9.9e+37	1000000.0	12
20170120_115140	32.6	-9.9e+37	1000000.0	12
20170120_115150	32.6	-9.9e+37	1000000.0	12
20170120_115200	32.5	-9.9e+37	1000000.0	12
20170120_115210	32.6	-9.9e+37	1000000.0	12
20170120_115220	32.6	-9.9e+37	1000000.0	12
20170120_115230	32.6	-9.9e+37	1000000.0	12
20170120_115240	32.6	-9.9e+37	1000000.0	12
20170120_115250	32.6	-9.9e+37	1000000.0	12
20170120_115300	32.6	-9.9e+37	1000000.0	12
20170120_115310	32.5	-9.9e+37	1000000.0	12
20170120_115320	32.6	-9.9e+37	1000000.0	12
20170120_115330	32.5	-9.9e+37	1000000.0	12
20170120_115340	32.5	-9.9e+37	1000000.0	12
20170120_115350	32.6	-9.9e+37	1000000.0	12
20170120_115400	32.5	-9.9e+37	1000000.0	12
20170120_115410	32.6	-9.9e+37	1000000.0	12
20170120_115420	32.6	-9.9e+37	1000000.0	12
20170120_115430	32.6	-9.9e+37	1000000.0	12
20170120_115440	32.6	-9.9e+37	1000000.0	12
20170120_115450	32.6	-9.9e+37	1000000.0	12
20170120_115500	32.6	-9.9e+37	1000000.0	12
20170120_115510	32.6	-9.9e+37	1000000.0	12
20170120_115520	32.6	-9.9e+37	1000000.0	12
20170120_115530	32.6	-9.9e+37	1000000.0	12
20170120_115540	32.6	-9.9e+37	1000000.0	12
20170120_115550	32.6	-9.9e+37	1000000.0	12
20170120_115600	32.6	-9.9e+37	1000000.0	12
20170120_115610	32.6	-9.9e+37	1000000.0	12
20170120_115620	32.6	-9.9e+37	1000000.0	12
20170120_115630	32.6	-9.9e+37	1000000.0	12
20170120_115640	32.6	-9.9e+37	1000000.0	12
20170120_115649	32.6	-9.9e+37	1000000.0	12
20170120_115700	32.6	-9.9e+37	1000000.0	12
20170120_115710	32.6	-9.9e+37	1000000.0	12
20170120_115720	32.6	-9.9e+37	1000000.0	12
20170120_115730	32.6	-9.9e+37	1000000.0	12
20170120_115740	32.6	-9.9e+37	1000000.0	12
20170120_115750	32.6	-9.9e+37	1000000.0	12
20170120_115800	32.6	-9.9e+37	1000000.0	12
20170120_115810	32.6	-9.9e+37	1000000.0	12
20170120_115820	32.6	-9.9e+37	1000000.0	12
20170120_115830	32.6	-9.9e+37	1000000.0	12
20170120_115840	32.6	-9.9e+37	1000000.0	12
20170120_115850	32.6	-9.9e+37	1000000.0	12
20170120_115900	32.5	-9.9e+37	1000000.0	12
20170120_115910	32.6	-9.9e+37	1000000.0	12
20170120_115920	32.6	-9.9e+37	1000000.0	12
20170120_115930	32.6	-9.9e+37	1000000.0	12
20170120_115940	32.6	-9.9e+37	1000000.0	12
20170120_115950	32.6	-9.9e+37	1000000.0	12
20170120_120000	32.5	-9.9e+37	1000000.0	12
20170120_120010	32.8	-9.9e+37	1000000.0	12
20170120_120020	32.6	-9.9e+37	1000000.0	12
20170120_120030	32.6	-9.9e+37	1000000.0	12
20170120_120040	32.6	-9.9e+37	1000000.0	12
20170120_120050	32.6	-9.9e+37	1000000.0	12
20170120_120100	32.6	-9.9e+37	1000000.0	12
20170120_120110	32.6	-9.9e+37	1000000.0	12
20170120_120120	32.6	-9.9e+37	1000000.0	12
20170120_120130	32.6	-9.9e+37	1000000.0	12
20170120_120140	32.8	-9.9e+37	1000000.0	12
20170120_120150	32.6	-9.9e+37	1000000.0	12
20170120_120200	32.8	-9.9e+37	1000000.0	12
20170120_120210	32.6	-9.9e+37	1000000.0	12
20170120_120220	32.6	-9.9e+37	1000000.0	12
20170120_120230	32.6	-9.9e+37	1000000.0	12
20170120_120240	32.8	-9.9e+37	1000000.0	12
20170120_120250	32.8	-9.9e+37	1000000.0	12
20170120_120300	32.6	-9.9e+37	1000000.0	12
20170120_120309	32.8	-9.9e+37	1000000.0	12
20170120_120320	32.6	-9.9e+37	1000000.0	12
20170120_120330	32.6	-9.9e+37	1000000.0	12
20170120_120340	32.8	-9.9e+37	1000000.0	12
20170120_120350	32.6	-9.9e+37	1000000.0	12
20170120_120400	32.6	-9.9e+37	1000000.0	12
20170120_120410	32.6	-9.9e+37	1000000.0	12
20170120_120420	32.6	-9.9e+37	1000000.0	12
20170120_120430	32.8	-9.9e+37	1000000.0	12
20170120_120440	32.6	-9.9e+37	1000000.0	12
20170120_120450	32.6	-9.9e+37	1000000.0	12
20170120_120500	32.6	-9.9e+37	1000000.0	12
20170120_120510	32.8	-9.9e+37	1000000.0	12
20170120_120520	32.8	-9.9e+37	1000000.0	12
20170120_120530	32.8	-9.9e+37	1000000.0	12
20170120_120540	32.6	-9.9e+37	1000000.0	12
20170120_120550	32.8	-9.9e+37	1000000.0	12
20170120_120600	32.8	-9.9e+37	1000000.0	12
20170120_120610	32.6	-9.9e+37	1000000.0	12
20170120_120620	32.6	-9.9e+37	1000000.0	12
20170120_120630	32.6	-9.9e+37	1000000.0	12
20170120_120640	32.6	-9.9e+37	1000000.0	12
20170120_120650	32.6	-9.9e+37	1000000.0	12
20170120_120700	32.6	-9.9e+37	1000000.0	12
20170120_120710	32.8	-9.9e+37	1000000.0	12
20170120_120720	32.6	-9.9e+37	1000000.0	12
20170120_120730	32.6	-9.9e+37	1000000.0	12
20170120_120740	32.6	-9.9e+37	1000000.0	12
20170120_120750	32.8	-9.9e+37	1000000.0	12
20170120_120800	32.6	-9.9e+37	1000000.0	12
20170120_120809	32.6	-9.9e+37	1000000.0	12
20170120_120820	32.6	-9.9e+37	1000000.0	12
20170120_120830	32.8	-9.9e+37	1000000.0	12
20170120_120840	32.6	-9.9e+37	1000000.0	12
20170120_120850	32.6	-9.9e+37	1000000.0	12
20170120_120900	32.6	-9.9e+37	1000000.0	12
20170120_120910	32.8	-9.9e+37	1000000.0	12
20170120_120920	32.8	-9.9e+37	1000000.0	12
20170120_120930	32.6	-9.9e+37	1000000.0	12
20170120_120940	32.6	-9.9e+37	1000000.0	12
20170120_120950	32.6	-9.9e+37	1000000.0	12
20170120_121000	32.6	-9.9e+37	1000000.0	12
20170120_121010	32.8	-9.9e+37	1000000.0	12
20170120_121020	32.6	-9.9e+37	1000000.0	12
20170120_121030	32.6	-9.9e+37	1000000.0	12
20170120_121040	32.6	-9.9e+37	1000000.0	12
20170120_121050	32.6	-9.9e+37	1000000.0	12
20170120_121100	32.8	-9.9e+37	1000000.0	12
20170120_121110	32.8	-9.9e+37	1000000.0	12
20170120_121120	32.6	-9.9e+37	1000000.0	12
20170120_121130	32.6	-9.9e+37	1000000.0	12
20170120_121140	32.6	-9.9e+37	1000000.0	12
20170120_121150	32.6	-9.9e+37	1000000.0	12
20170120_121200	32.6	-9.9e+37	1000000.0	12
20170120_121210	32.6	-9.9e+37	1000000.0	12
20170120_121220	32.6	-9.9e+37	1000000.0	12
20170120_121230	32.6	-9.9e+37	1000000.0	12
20170120_121240	32.6	-9.9e+37	1000000.0	12
20170120_121250	32.6	-9.9e+37	1000000.0	12
20170120_121300	32.6	-9.9e+37	1000000.0	12
20170120_121310	32.8	-9.9e+37	1000000.0	12
20170120_121320	32.6	-9.9e+37	1000000.0	12
20170120_121330	32.6	-9.9e+37	1000000.0	12
20170120_121340	32.6	-9.9e+37	1000000.0	12
20170120_121350	32.8	-9.9e+37	1000000.0	12
20170120_121400	32.8	-9.9e+37	1000000.0	12
20170120_121410	32.6	-9.9e+37	1000000.0	12
20170120_121420	32.6	-9.9e+37	1000000.0	12
20170120_121430	32.6	-9.9e+37	1000000.0	12
20170120_121440	32.8	-9.9e+37	1000000.0	12
20170120_121450	32.6	-9.9e+37	1000000.0	12
20170120_121500	32.8	-9.9e+37	1000000.0	12
20170120_121510	32.8	-9.9e+37	1000000.0	12
20170120_121520	32.8	-9.9e+37	1000000.0	12
20170120_121530	32.8	-9.9e+37	1000000.0	12
20170120_121540	32.8	-9.9e+37	1000000.0	12
20170120_121550	32.8	-9.9e+37	1000000.0	12
20170120_121600	32.8	-9.9e+37	1000000.0	12
20170120_121610	32.8	-9.9e+37	1000000.0	12
20170120_121620	32.6	-9.9e+37	1000000.0	12
20170120_121630	32.6	-9.9e+37	1000000.0	12
20170120_121640	32.8	-9.9e+37	1000000.0	12
20170120_121650	32.8	-9.9e+37	1000000.0	12
20170120_121700	32.8	-9.9e+37	1000000.0	12
20170120_121710	32.8	-9.9e+37	1000000.0	12
20170120_121720	32.8	-9.9e+37	1000000.0	12
20170120_121730	32.8	-9.9e+37	1000000.0	12
20170120_121740	32.6	-9.9e+37	1000000.0	12
20170120_121750	32.8	-9.9e+37	1000000.0	12
20170120_121800	32.8	-9.9e+37	1000000.0	12
20170120_121810	32.8	-9.9e+37	1000000.0	12
20170120_121820	32.8	-9.9e+37	1000000.0	12
20170120_121830	32.8	-9.9e+37	1000000.0	12
20170120_121840	32.8	-9.9e+37	1000000.0	12
20170120_121850	32.6	-9.9e+37	1000000.0	12
20170120_121900	32.6	-9.9e+37	1000000.0	12
20170120_121910	32.8	-9.9e+37	1000000.0	12
20170120_121920	32.8	-9.9e+37	1000000.0	12
20170120_121930	32.8	-9.9e+37	1000000.0	12
20170120_121940	32.8	-9.9e+37	1000000.0	12
20170120_121950	32.8	-9.9e+37	1000000.0	12
20170120_122000	32.8	-9.9e+37	1000000.0	12
20170120_122010	32.8	-9.9e+37	1000000.0	12
20170120_122020	32.6	-9.9e+37	1000000.0	12
20170120_122030	32.8	-9.9e+37	1000000.0	12
20170120_122040	32.8	-9.9e+37	1000000.0	12
20170120_122050	32.8	-9.9e+37	1000000.0	12
20170120_122100	32.6	-9.9e+37	1000000.0	12
20170120_122110	32.6	-9.9e+37	1000000.0	12
20170120_122120	32.8	-9.9e+37	1000000.0	12
20170120_122130	32.6	-9.9e+37	1000000.0	12
20170120_122140	32.8	-9.9e+37	1000000.0	12
20170120_122150	32.6	-9.9e+37	1000000.0	12
20170120_122200	32.8	-9.9e+37	1000000.0	12
20170120_122210	32.6	-9.9e+37	1000000.0	12
20170120_122220	32.6	-9.9e+37	1000000.0	12
20170120_122230	33.0	-9.9e+37	1000000.0	12
20170120_122240	32.8	-9.9e+37	1000000.0	12
20170120_122250	32.8	-9.9e+37	1000000.0	12
20170120_122300	32.8	-9.9e+37	1000000.0	12
20170120_122310	32.8	-9.9e+37	1000000.0	12
20170120_122320	32.8	-9.9e+37	1000000.0	12
20170120_122330	32.6	-9.9e+37	1000000.0	12
20170120_122340	32.8	-9.9e+37	1000000.0	12
20170120_122350	32.8	-9.9e+37	1000000.0	12
20170120_122400	32.8	-9.9e+37	1000000.0	12
20170120_122410	32.8	-9.9e+37	1000000.0	12
20170120_122420	32.6	-9.9e+37	1000000.0	12
20170120_122430	32.6	-9.9e+37	1000000.0	12
20170120_122440	32.6	-9.9e+37	1000000.0	12
20170120_122450	32.8	-9.9e+37	1000000.0	12
20170120_122500	32.8	-9.9e+37	1000000.0	12
20170120_122510	32.8	-9.9e+37	1000000.0	12
20170120_122520	33.0	-9.9e+37	1000000.0	12
20170120_122530	33.0	-9.9e+37	1000000.0	12
20170120_122540	33.0	-9.9e+37	1000000.0	12
20170120_122550	33.0	-9.9e+37	1000000.0	12
20170120_122600	33.0	-9.9e+37	1000000.0	12
20170120_122610	32.8	-9.9e+37	1000000.0	12
20170120_122620	33.0	-9.9e+37	1000000.0	12
20170120_122630	32.8	-9.9e+37	1000000.0	12
20170120_122640	33.0	-9.9e+37	1000000.0	12
20170120_122650	32.8	-9.9e+37	1000000.0	12
20170120_122700	32.8	-9.9e+37	1000000.0	12
20170120_122710	32.8	-9.9e+37	1000000.0	12
20170120_122719	32.8	-9.9e+37	1000000.0	12
20170120_122730	32.8	-9.9e+37	1000000.0	12
20170120_122740	32.8	-9.9e+37	1000000.0	12
20170120_122750	32.8	-9.9e+37	1000000.0	12
20170120_122800	32.8	-9.9e+37	1000000.0	12
20170120_122810	32.8	-9.9e+37	1000000.0	12
20170120_122820	32.8	-9.9e+37	1000000.0	12
20170120_122830	32.8	-9.9e+37	1000000.0	12
20170120_122840	32.8	-9.9e+37	1000000.0	12
20170120_122850	32.8	-9.9e+37	1000000.0	12
20170120_122900	32.8	-9.9e+37	1000000.0	12
20170120_122910	32.6	-9.9e+37	1000000.0	12
20170120_122920	32.8	-9.9e+37	1000000.0	12
20170120_122930	32.8	-9.9e+37	1000000.0	12
20170120_122940	32.8	-9.9e+37	1000000.0	12
20170120_122950	32.8	-9.9e+37	1000000.0	12
20170120_123000	32.8	-9.9e+37	1000000.0	12
20170120_123010	33.0	-9.9e+37	1000000.0	12
20170120_123020	33.0	-9.9e+37	1000000.0	12
20170120_123030	32.8	-9.9e+37	1000000.0	12
20170120_123040	33.0	-9.9e+37	1000000.0	12
20170120_123050	33.0	-9.9e+37	1000000.0	12
20170120_123100	32.8	-9.9e+37	1000000.0	12
20170120_123110	32.8	-9.9e+37	1000000.0	12
20170120_123120	32.8	-9.9e+37	1000000.0	12
20170120_123130	32.8	-9.9e+37	1000000.0	12
20170120_123140	33.0	-9.9e+37	1000000.0	12
20170120_123150	32.8	-9.9e+37	1000000.0	12
20170120_123200	32.8	-9.9e+37	1000000.0	12
20170120_123210	33.0	-9.9e+37	1000000.0	12
20170120_123220	33.0	-9.9e+37	1000000.0	12
20170120_123230	33.0	-9.9e+37	1000000.0	12
20170120_123240	32.8	-9.9e+37	1000000.0	12
20170120_123250	32.8	-9.9e+37	1000000.0	12
20170120_123300	32.8	-9.9e+37	1000000.0	12
20170120_123310	33.0	-9.9e+37	1000000.0	12
20170120_123320	32.8	-9.9e+37	1000000.0	12
20170120_123330	33.0	-9.9e+37	1000000.0	12
20170120_123340	33.0	-9.9e+37	1000000.0	12
20170120_123350	32.8	-9.9e+37	1000000.0	12
20170120_123400	32.8	-9.9e+37	1000000.0	12
20170120_123410	32.8	-9.9e+37	1000000.0	12
20170120_123420	33.0	-9.9e+37	1000000.0	12
20170120_123430	32.8	-9.9e+37	1000000.0	12
20170120_123440	32.8	-9.9e+37	1000000.0	12
20170120_123450	32.8	-9.9e+37	1000000.0	12
20170120_123500	32.8	-9.9e+37	1000000.0	12
20170120_123510	32.8	-9.9e+37	1000000.0	12
20170120_123520	32.8	-0.015345116	1000000.0	12
20170120_123530	32.8	-0.0160655516	1000000.0	12
